10000 404
2
1
3
0
5
6
8
7
9
10
11
4
12
14
13
16
17
18
15
21
20
22
24
23
26
27
25
29
28
30
32
19
31
35
36
34
37
39
38
33
42
40
44
41
43
46
45
48
49
47
51
50
53
55
56
57
52
54
58
59
61
62
63
65
64
67
66
68
70
71
60
69
74
72
73
75
76
77
78
80
82
83
81
79
84
85
88
86
87
91
90
92
89
95
96
93
97
98
94
99
102
100
101
103
106
107
108
104
105
111
112
110
113
114
116
109
117
119
120
115
122
118
121
123
124
126
127
128
129
125
130
131
132
133
135
136
134
137
139
140
141
138
142
144
145
146
143
148
147
150
151
152
149
155
154
156
153
157
158
160
161
163
159
162
164
167
168
169
170
171
165
172
173
166
175
177
176
174
179
180
181
183
182
185
184
178
187
186
188
191
189
192
194
190
195
193
196
197
198
199
202
201
200
204
203
205
206
208
209
207
212
211
214
213
216
210
217
218
215
219
221
222
220
224
225
227
223
226
230
229
231
228
232
233
234
236
237
238
239
241
240
235
243
244
245
242
248
249
250
246
251
253
252
254
255
256
247
257
258
260
259
261
262
263
266
267
265
264
270
271
269
268
274
275
272
273
276
277
278
279
280
283
282
285
284
286
288
289
290
287
292
293
281
294
295
297
291
299
296
300
298
301
303
302
306
305
307
304
309
311
310
308
314
312
313
315
318
316
320
317
321
322
319
324
326
323
327
328
329
330
325
333
331
332
335
334
337
336
340
338
341
342
339
345
344
343
348
346
347
349
350
352
351
354
355
356
358
359
357
353
361
362
363
360
364
365
367
369
368
371
366
370
374
372
373
375
377
376
380
381
382
383
379
378
384
386
387
388
390
389
391
385
393
394
392
396
395
397
399
401
402
400
403
404
405
407
406
408
398
409
411
413
410
414
416
415
412
417
418
421
420
419
423
424
425
426
427
422
429
430
428
432
433
434
436
431
435
438
439
441
440
442
443
445
437
444
446
447
449
448
451
452
454
453
456
450
455
457
458
460
461
459
464
462
463
466
465
468
467
469
471
470
473
475
476
472
477
478
474
481
480
482
483
479
485
484
487
486
489
491
490
488
493
492
494
495
497
498
496
499
500
501
502
505
504
506
503
509
508
507
511
510
514
515
513
512
518
519
516
520
521
522
517
523
526
525
528
524
530
531
529
527
532
533
534
537
535
539
540
536
542
538
543
545
544
541
546
548
549
550
551
553
547
555
554
556
552
558
560
559
562
557
563
565
564
566
567
561
568
570
569
571
572
574
575
576
577
579
578
573
580
582
581
585
584
587
586
589
583
588
592
593
590
594
595
591
598
596
599
597
600
601
602
603
604
605
607
608
606
609
610
613
614
615
612
611
617
619
616
620
622
621
624
623
625
626
628
627
618
631
630
629
633
634
632
637
636
639
635
640
642
643
638
641
646
645
644
649
647
648
650
653
652
651
655
654
656
657
660
659
658
663
662
664
661
667
666
669
668
670
672
665
674
675
671
676
677
673
680
678
679
682
681
684
685
686
688
683
690
691
687
692
693
689
694
695
696
698
700
699
701
702
697
703
704
705
708
706
709
711
710
713
714
712
707
716
715
718
720
719
717
722
723
725
726
727
728
721
724
729
731
730
732
735
736
737
733
738
734
740
742
739
741
744
743
745
746
748
749
750
747
752
753
754
756
751
755
757
758
760
761
762
759
763
766
764
767
769
770
765
771
768
773
772
775
777
778
779
776
774
780
782
781
783
786
785
787
789
784
788
791
790
794
793
792
797
796
799
795
798
800
803
804
802
805
807
801
808
809
806
810
811
812
813
814
815
817
818
816
819
820
823
821
824
825
822
827
829
828
826
831
833
832
834
835
830
837
838
839
840
836
841
843
844
846
842
845
847
849
851
850
848
854
853
855
852
856
857
859
860
858
861
864
865
862
867
866
868
870
863
869
871
873
874
872
875
878
876
879
880
882
877
883
881
885
884
887
888
889
890
886
891
894
893
892
896
898
897
899
901
895
900
902
904
905
906
907
908
909
910
911
913
914
912
915
917
903
918
920
916
919
923
922
925
926
927
924
928
921
930
931
929
934
932
933
937
935
938
940
939
941
942
944
943
936
947
948
949
945
950
946
953
951
952
954
955
958
959
960
956
962
961
963
965
957
964
966
969
970
967
971
973
968
972
975
976
977
979
980
981
974
978
982
983
986
987
984
985
988
989
991
993
994
992
990
997
996
995
999
1001
1002
1003
1000
1004
998
1005
1008
1007
1009
1006
1010
1011
1012
1013
1014
1015
1016
1019
1020
1018
1022
1021
1017
1023
1026
1025
1027
1024
1028
1029
1031
1032
1033
1030
1034
1037
1035
1038
1040
1041
1039
1043
1036
1044
1046
1047
1045
1049
1042
1048
1052
1051
1053
1050
1054
1057
1058
1059
1055
1060
1062
1056
1064
1061
1065
1066
1067
1069
1068
1071
1063
1073
1070
1072
1076
1077
1075
1079
1074
1081
1082
1078
1080
1085
1084
1086
1083
1087
1089
1090
1091
1088
1093
1094
1095
1097
1096
1099
1092
1098
1101
1100
1103
1102
1104
1105
1106
1109
1107
1108
1111
1112
1114
1110
1113
1115
1118
1116
1117
1121
1120
1122
1123
1119
1126
1124
1127
1128
1129
1130
1131
1125
1134
1133
1132
1136
1135
1138
1139
1137
1140
1143
1142
1145
1141
1146
1147
1148
1150
1144
1149
1152
1153
1154
1151
1156
1155
1157
1160
1161
1159
1162
1163
1164
1158
1165
1168
1167
1169
1166
1171
1170
1174
1175
1172
1176
1173
1177
1180
1181
1178
1179
1183
1182
1185
1187
1184
1186
1189
1191
1190
1188
1192
1195
1193
1197
1198
1194
1196
1199
1200
1202
1203
1204
1205
1206
1207
1201
1209
1210
1211
1213
1208
1212
1214
1216
1218
1215
1217
1220
1221
1219
1223
1224
1225
1222
1227
1229
1226
1228
1232
1231
1233
1235
1230
1236
1237
1238
1234
1240
1239
1242
1241
1245
1244
1243
1248
1246
1250
1247
1249
1252
1251
1255
1253
1256
1254
1259
1258
1260
1262
1261
1263
1257
1264
1265
1268
1266
1269
1271
1272
1273
1270
1267
1276
1277
1274
1279
1280
1275
1282
1278
1283
1285
1286
1287
1284
1289
1288
1281
1291
1290
1293
1294
1296
1297
1292
1298
1299
1295
1301
1300
1304
1302
1305
1306
1307
1303
1308
1309
1310
1313
1311
1315
1312
1314
1317
1318
1319
1321
1316
1320
1323
1325
1324
1327
1326
1329
1322
1328
1331
1333
1332
1330
1334
1335
1338
1337
1336
1340
1342
1343
1339
1344
1346
1347
1348
1345
1350
1341
1349
1351
1352
1353
1356
1357
1358
1354
1360
1361
1359
1362
1364
1365
1355
1363
1366
1367
1370
1369
1372
1368
1374
1375
1371
1377
1378
1379
1380
1376
1373
1383
1384
1381
1385
1386
1382
1389
1390
1391
1387
1388
1392
1394
1393
1395
1397
1396
1398
1400
1401
1403
1404
1399
1402
1405
1406
1407
1410
1408
1411
1413
1412
1409
1414
1415
1416
1418
1419
1417
1420
1423
1424
1421
1422
1426
1427
1425
1428
1429
1432
1431
1430
1433
1435
1437
1434
1438
1440
1439
1436
1441
1443
1442
1444
1445
1448
1446
1449
1447
1452
1453
1450
1451
1454
1455
1457
1458
1456
1460
1459
1462
1461
1463
1464
1467
1465
1466
1468
1469
1470
1471
1474
1473
1472
1477
1476
1475
1479
1480
1482
1481
1484
1483
1478
1485
1488
1486
1487
1491
1490
1492
1493
1494
1495
1497
1489
1498
1496
1500
1501
1502
1503
1499
1504
1506
1507
1505
1509
1511
1512
1513
1514
1510
1516
1508
1515
1517
1519
1520
1518
1521
1522
1523
1524
1527
1525
1526
1528
1529
1530
1531
1532
1535
1533
1534
1536
1539
1540
1538
1542
1543
1541
1545
1537
1547
1548
1549
1550
1551
1552
1544
1546
1553
1554
1555
1556
1557
1559
1560
1558
1562
1561
1564
1563
1565
1566
1569
1567
1571
1568
1573
1572
1575
1570
1577
1576
1578
1579
1580
1581
1574
1583
1584
1585
1587
1582
1586
1590
1589
1588
1591
1593
1594
1592
1597
1598
1599
1595
1601
1602
1603
1600
1605
1606
1596
1608
1607
1604
1611
1612
1609
1613
1614
1616
1617
1610
1619
1618
1620
1622
1621
1623
1615
1625
1626
1624
1628
1627
1630
1629
1631
1633
1634
1636
1632
1635
1639
1638
1640
1641
1642
1637
1645
1644
1646
1643
1647
1649
1648
1650
1652
1651
1655
1653
1654
1656
1659
1657
1658
1660
1662
1663
1661
1665
1666
1664
1667
1670
1668
1671
1669
1673
1675
1672
1674
1676
1678
1679
1680
1681
1683
1677
1685
1684
1686
1682
1687
1690
1691
1688
1689
1693
1692
1695
1697
1698
1699
1700
1694
1696
1701
1702
1705
1703
1704
1706
1709
1710
1707
1708
1713
1714
1715
1711
1716
1718
1717
1720
1712
1721
1723
1724
1725
1719
1726
1722
1727
1730
1731
1728
1729
1733
1735
1736
1734
1737
1739
1732
1740
1738
1742
1741
1744
1746
1745
1747
1748
1743
1751
1750
1749
1752
1754
1753
1757
1756
1755
1760
1761
1758
1759
1762
1765
1763
1767
1768
1766
1770
1771
1772
1773
1769
1775
1776
1777
1778
1779
1780
1764
1774
1782
1781
1784
1783
1785
1787
1786
1789
1790
1791
1788
1792
1795
1796
1794
1793
1798
1800
1797
1801
1802
1799
1804
1805
1807
1806
1809
1808
1803
1811
1812
1814
1810
1815
1816
1818
1817
1820
1813
1821
1822
1824
1819
1825
1823
1828
1827
1826
1829
1832
1831
1830
1834
1835
1833
1836
1837
1840
1838
1842
1839
1841
1844
1845
1843
1847
1848
1850
1851
1846
1852
1854
1849
1853
1856
1855
1859
1858
1860
1857
1863
1862
1864
1861
1865
1866
1869
1867
1868
1870
1871
1874
1872
1876
1877
1873
1875
1878
1881
1879
1880
1882
1884
1885
1883
1886
1889
1890
1888
1891
1892
1893
1894
1895
1896
1897
1899
1887
1901
1898
1900
1903
1904
1902
1905
1906
1907
1908
1911
1909
1913
1910
1914
1916
1917
1912
1918
1915
1921
1922
1923
1924
1919
1920
1927
1928
1925
1929
1926
1932
1931
1933
1930
1935
1934
1936
1937
1940
1941
1939
1942
1943
1945
1938
1946
1947
1949
1948
1950
1951
1944
1952
1954
1955
1953
1956
1959
1957
1958
1960
1962
1963
1964
1965
1967
1961
1969
1966
1968
1971
1972
1970
1974
1973
1975
1977
1976
1980
1978
1981
1979
1982
1984
1985
1986
1988
1983
1990
1987
1989
1992
1993
1995
1991
1996
1998
1994
1999
1997
2000
2003
2001
2002
2005
2004
2007
2008
2009
2011
2010
2012
2013
2015
2016
2017
2014
2018
2006
2020
2019
2023
2021
2022
2025
2026
2028
2024
2027
2029
2030
2031
2034
2033
2036
2035
2037
2038
2032
2040
2041
2043
2039
2044
2045
2042
2046
2047
2046
2047
2044
2039
2045
2040
2043
2042
2035
2036
2041
2033
2034
2038
2037
2032
2022
2030
2031
2029
2023
2028
2026
2027
2025
2024
2014
2015
2018
2021
2019
2020
2017
2016
2001
2007
2012
2013
2003
2009
2011
2010
2004
2008
2006
1999
2005
2002
2000
1998
1995
1996
1997
1981
1989
1991
1966
1994
1993
1992
1988
1990
1986
1987
1972
1985
1983
1984
1979
1982
1976
1980
1978
1973
1977
1975
1967
1974
1971
1969
1964
1970
1968
1962
1965
1963
1959
1956
1961
1960
1952
1951
1958
1957
1949
1954
1955
1953
1950
1947
1946
1937
1948
1935
1944
1943
1945
1942
1941
1939
1940
1934
1929
1938
1936
1932
1928
1930
1933
1917
1931
1927
1924
1925
1926
1923
1922
1919
1916
1921
1920
1914
1906
1918
1911
1915
1910
1912
1913
1909
1893
1908
1900
1905
1907
1892
1904
1903
1902
1901
1897
1898
1899
1882
1896
1894
1895
1890
1880
1889
1891
1888
1884
1874
1887
1886
1885
1877
1883
1881
1879
1878
1876
1866
1865
1872
1875
1873
1853
1868
1871
1870
1869
1867
1863
1858
1857
1864
1861
1862
1855
1860
1859
1834
1854
1856
1852
1849
1851
1848
1846
1850
1845
1847
1843
1841
1844
1837
1842
1823
1840
1833
1839
1838
1836
1835
1829
1832
1831
1830
1824
1828
1814
1827
1825
1826
1819
1812
1820
1822
1821
1817
1815
1818
1808
1816
1813
1811
1810
1809
1802
1801
1807
1806
1804
1799
1805
1800
1803
1796
1795
1792
1798
1787
1797
1794
1786
1793
1784
1788
1791
1790
1789
1785
1779
1782
1781
1780
1783
1771
1769
1776
1778
1775
1777
1774
1772
1773
1766
1763
1767
1770
1765
1768
1759
1764
1752
1760
1762
1754
1761
1734
1758
1757
1756
1755
1745
1748
1753
1751
1749
1750
1747
1743
1746
1742
1744
1740
1741
1737
1739
1738
1727
1722
1735
1736
1729
1732
1733
1731
1710
1730
1723
1728
1702
1726
1725
1724
1718
1721
1719
1720
1715
1708
1717
1716
1713
1714
1711
1712
1699
1707
1709
1705
1701
1706
1704
1693
1703
1696
1697
1700
1698
1694
1688
1695
1692
1680
1686
1689
1691
1690
1685
1687
1682
1684
1677
1683
1666
1681
1678
1679
1676
1675
1674
1673
1671
1655
1672
1670
1669
1668
1667
1665
1663
1661
1662
1664
1653
1657
1660
1659
1658
1650
1656
1654
1643
1652
1651
1649
1645
1633
1640
1648
1647
1646
1644
1642
1635
1641
1638
1639
1632
1620
1637
1636
1634
1627
1623
1631
1629
1630
1628
1622
1624
1626
1625
1618
1621
1614
1616
1611
1619
1617
1615
1610
1612
1613
1607
1608
1609
1599
1602
1606
1605
1597
1604
1603
1600
1601
1593
1592
1596
1598
1591
1594
1595
1579
1588
1589
1590
1580
1574
1585
1587
1586
1584
1583
1581
1582
1577
1575
1569
1578
1563
1576
1567
1573
1570
1572
1571
1568
1566
1558
1543
1565
1564
1560
1562
1561
1557
1556
1559
1554
1555
1553
1552
1547
1551
1548
1549
1550
1544
1536
1545
1546
1540
1538
1542
1541
1539
1533
1521
1537
1534
1535
1522
1532
1527
1531
1530
1529
1516
1528
1526
1525
1524
1511
1523
1515
1519
1520
1509
1518
1517
1514
1503
1512
1513
1505
1508
1510
1507
1500
1504
1506
1502
1492
1501
1490
1499
1495
1498
1497
1496
1486
1493
1494
1482
1491
1483
1489
1484
1488
1487
1485
1472
1479
1480
1474
1481
1478
1470
1476
1477
1475
1473
1459
1468
1471
1469
1465
1467
1466
1460
1463
1462
1464
1461
1451
1457
1447
1458
1452
1454
1456
1455
1453
1449
1450
1437
1445
1444
1448
1446
1435
1443
1442
1439
1441
1438
1440
1434
1433
1436
1429
1432
1422
1431
1424
1430
1427
1425
1428
1426
1419
1423
1420
1408
1416
1421
1418
1411
1417
1415
1413
1414
1400
1405
1412
1410
1406
1409
1397
1407
1403
1404
1401
1402
1398
1394
1399
1392
1396
1389
1382
1395
1378
1393
1391
1388
1390
1385
1379
1387
1386
1383
1384
1359
1381
1375
1380
1374
1377
1370
1376
1358
1372
1373
1371
1368
1369
1367
1365
1361
1366
1363
1364
1362
1360
1356
1352
1354
1357
1348
1355
1350
1347
1353
1349
1351
1345
1344
1340
1343
1346
1337
1339
1342
1335
1341
1338
1330
1336
1326
1332
1333
1334
1331
1329
1301
1328
1325
1322
1327
1324
1319
1323
1321
1320
1317
1318
1315
1313
1314
1316
1311
1310
1312
1309
1308
1307
1305
1304
1300
1306
1295
1298
1303
1302
1293
1299
1296
1279
1297
1294
1289
1291
1292
1286
1288
1290
1287
1282
1277
1284
1285
1283
1281
1264
1274
1280
1278
1272
1273
1276
1275
1270
1256
1271
1268
1269
1266
1267
1265
1263
1257
1262
1261
1258
1259
1260
1253
1252
1255
1254
1251
1248
1244
1241
1247
1250
1249
1245
1239
1246
1243
1235
1242
1238
1240
1237
1223
1234
1236
1225
1231
1232
1233
1218
1230
1229
1216
1228
1227
1226
1222
1224
1221
1220
1215
1219
1209
1213
1217
1207
1212
1214
1211
1208
1206
1210
1201
1200
1205
1203
1204
1202
1199
1191
1196
1192
1198
1190
1197
1195
1193
1194
1185
1166
1187
1189
1188
1183
1186
1181
1172
1184
1179
1182
1173
1180
1178
1177
1176
1158
1175
1174
1171
1167
1170
1169
1165
1168
1164
1161
1162
1163
1160
1151
1159
1148
1150
1157
1154
1156
1155
1153
1152
1146
1149
1126
1147
1144
1138
1145
1141
1142
1143
1140
1139
1133
1135
1137
1130
1136
1134
1127
1132
1128
1131
1129
1123
1120
1125
1124
1122
1114
1121
1119
1118
1117
1112
1115
1116
1108
1113
1110
1101
1111
1107
1103
1109
1106
1102
1105
1104
1097
1095
1089
1100
1098
1099
1096
1094
1090
1093
1087
1092
1086
1091
1088
1080
1085
1081
1084
1083
1082
1078
1074
1073
1077
1079
1068
1075
1076
1064
1071
1072
1069
1070
1067
1057
1066
1063
1058
1065
1061
1062
1060
1054
1055
1059
1052
1046
1056
1051
1048
1053
1043
1049
1050
1047
1040
1042
1041
1045
1044
1038
1033
1029
1039
1035
1037
1022
1036
1031
1034
1026
1032
1027
1030
1017
1028
1018
1024
1025
1021
1023
1019
1009
1020
991
1015
995
1016
1011
1014
1013
1012
1008
1010
1007
1000
1006
1005
1003
1004
1002
1001
999
998
996
997
994
993
989
986
992
990
988
982
977
984
987
976
985
980
983
979
981
978
974
962
975
972
973
971
967
966
970
965
969
968
952
964
958
961
963
957
936
960
959
955
956
954
953
948
951
946
944
950
949
947
943
945
941
938
942
940
939
933
931
937
935
934
929
932
924
926
928
930
922
927
925
920
919
904
923
921
918
913
917
895
915
916
914
912
911
909
906
910
908
898
907
900
905
903
901
902
899
897
884
891
893
896
892
894
890
889
888
886
873
887
882
885
883
881
875
879
877
880
874
878
870
876
872
866
865
869
871
868
863
857
867
848
864
859
861
862
860
858
856
845
854
853
855
849
852
851
842
850
847
846
839
838
844
843
840
841
823
835
837
836
834
833
830
831
829
832
825
828
827
822
826
820
824
816
814
807
821
819
818
813
817
815
801
809
812
811
804
810
806
808
800
798
805
803
792
802
797
799
796
784
794
795
785
791
793
788
790
789
787
782
786
780
779
783
766
781
770
778
774
777
776
775
772
759
773
771
760
765
769
768
767
764
763
757
761
762
756
758
753
739
745
755
754
751
744
752
750
749
748
747
746
740
743
742
737
736
741
735
731
738
734
726
733
728
724
732
729
730
725
727
720
723
713
711
722
719
721
717
718
714
716
715
708
709
710
712
707
704
706
699
697
705
701
703
702
700
694
696
695
698
691
688
690
692
693
689
684
685
686
687
679
683
682
678
654
681
675
680
674
670
677
676
673
666
672
671
662
669
664
668
667
658
665
661
663
659
656
660
657
653
651
655
648
652
649
641
633
650
644
646
647
640
645
643
638
642
637
634
639
635
636
630
617
629
631
632
627
623
621
628
626
624
625
622
619
609
616
620
618
615
612
614
613
607
611
608
610
606
602
600
601
605
603
604
599
595
597
596
598
581
589
591
594
588
593
592
587
590
586
578
583
584
585
580
582
579
577
575
576
562
573
567
568
574
572
569
571
570
565
553
564
566
561
563
545
559
560
556
558
557
555
550
552
554
543
551
547
549
540
548
544
546
531
538
542
541
539
536
537
521
533
532
535
534
530
529
525
528
519
524
527
526
515
518
523
522
520
517
514
509
516
513
512
507
511
510
508
496
504
506
498
505
500
503
502
501
494
495
499
497
489
493
486
485
492
491
479
490
488
487
480
484
477
483
482
476
481
478
475
473
469
460
472
474
464
470
471
468
466
467
461
465
463
453
462
446
452
457
459
458
456
448
455
454
447
451
450
445
449
443
444
438
437
442
441
439
440
436
434
431
433
435
432
420
428
430
429
426
425
427
424
421
416
423
414
422
419
415
417
418
412
411
410
413
409
404
402
399
408
407
406
405
401
398
403
400
392
395
397
396
393
391
394
388
390
386
378
377
389
385
387
383
376
384
381
382
374
380
379
373
375
362
372
360
371
370
368
363
369
367
364
366
365
361
355
358
357
359
347
354
356
353
351
350
345
352
348
346
349
344
343
342
341
338
339
335
333
340
337
336
329
327
334
331
330
332
317
312
328
325
319
326
324
323
322
320
321
315
316
318
311
314
313
307
308
300
310
305
309
304
306
301
295
299
303
302
296
294
297
298
290
285
289
286
293
292
291
267
288
287
284
282
281
283
280
279
278
277
274
276
275
273
271
265
270
272
251
269
268
263
266
261
256
264
262
250
258
260
259
255
257
254
252
233
253
245
247
243
249
248
246
244
242
226
240
241
237
239
238
235
236
231
234
230
228
232
220
224
229
222
227
225
217
223
211
221
218
219
203
215
212
216
214
213
197
209
210
208
207
205
206
200
199
204
201
202
193
195
198
175
191
196
194
192
181
190
189
188
185
183
187
186
182
184
179
180
174
177
178
176
159
171
168
172
173
167
166
170
169
163
149
165
164
161
162
158
151
160
157
153
154
156
155
152
145
143
150
146
144
148
147
142
141
137
136
140
138
139
135
133
127
120
130
134
131
132
129
128
124
119
123
126
125
113
122
118
121
115
111
117
116
114
112
109
110
108
107
101
106
105
104
102
99
94
103
100
96
98
95
87
97
93
92
89
91
88
90
79
84
83
86
82
85
71
77
74
81
80
78
76
73
75
72
69
70
68
55
63
66
67
62
65
61
64
57
60
50
43
59
58
56
52
54
53
49
44
51
48
47
36
45
46
40
42
38
37
41
34
39
35
27
30
32
33
25
28
31
29
26
21
22
23
19
24
15
14
17
20
18
16
9
5
13
12
11
4
10
7
1
8
2
6
0
3
5
3
4
7
9
11
8
2
0
10
1
15
13
6
17
18
12
21
19
25
26
22
20
29
30
16
24
14
28
32
36
27
33
34
23
39
38
41
31
40
43
47
46
44
42
37
49
52
45
35
51
57
53
55
56
54
61
60
58
64
63
48
50
66
68
67
62
73
70
72
69
71
78
76
59
77
74
65
79
80
81
86
87
88
82
75
91
83
85
93
84
97
95
98
99
96
90
101
103
105
94
104
100
109
108
106
92
102
107
112
110
117
116
89
113
115
111
114
121
118
120
119
124
128
129
130
122
131
127
125
133
123
126
137
134
139
141
138
144
142
146
143
135
145
132
140
136
151
148
149
154
156
152
159
155
150
162
163
160
147
157
165
168
164
169
166
161
158
174
173
167
177
171
175
179
172
178
170
153
181
176
184
188
187
190
191
182
189
183
195
193
196
180
199
185
198
186
201
202
205
204
192
207
203
197
200
209
194
206
212
214
217
208
216
219
215
220
213
223
210
218
221
227
226
211
224
222
229
233
232
228
237
225
239
240
238
236
231
241
242
230
245
235
243
250
251
234
244
246
252
256
257
254
258
259
261
262
263
253
265
260
267
264
248
247
271
272
255
266
269
270
276
274
275
277
281
279
280
284
278
273
283
249
282
287
289
285
292
286
291
293
297
288
290
268
298
302
301
296
305
295
294
303
300
308
311
299
304
306
307
310
312
318
309
313
316
322
317
321
325
315
327
328
329
323
330
320
314
332
333
326
336
319
337
331
338
342
343
339
341
340
347
335
346
350
334
349
351
352
354
355
324
345
359
344
361
356
362
358
353
348
364
367
369
370
363
372
365
368
373
376
374
371
366
380
360
377
357
379
384
381
385
388
375
390
387
386
392
394
382
396
395
378
391
399
397
393
383
403
402
405
407
389
400
408
406
409
411
398
413
414
410
416
418
415
421
419
420
424
423
401
412
426
417
427
422
430
425
429
404
435
428
433
439
436
440
432
437
434
445
443
442
441
431
449
447
450
444
451
452
448
446
456
459
458
460
462
438
453
461
464
465
468
466
467
470
455
454
463
475
471
474
469
477
478
476
480
482
483
479
486
487
488
484
489
490
473
457
493
485
494
492
498
472
496
495
500
497
481
491
506
503
507
504
505
511
501
499
502
515
516
514
517
509
520
518
510
508
513
523
524
512
519
526
522
521
525
527
529
531
536
528
535
534
539
537
542
533
541
544
538
547
543
549
548
546
552
532
551
540
553
550
557
545
559
554
530
561
558
564
555
567
566
560
563
569
568
562
570
574
576
556
577
565
575
572
573
582
580
571
584
579
586
581
589
590
585
593
587
583
594
588
597
595
578
598
599
592
596
603
601
600
608
606
610
605
609
612
607
613
591
611
617
616
619
602
618
615
622
624
623
621
626
629
614
630
631
632
604
625
627
637
635
628
634
636
641
620
638
643
633
639
640
642
644
646
649
650
653
655
647
652
654
657
651
656
660
648
659
662
664
645
661
668
670
671
663
669
665
675
672
673
658
666
680
677
678
674
681
685
676
687
686
683
679
684
692
682
691
694
689
667
693
688
698
690
695
699
697
703
701
704
702
706
705
711
700
696
710
714
708
715
713
712
717
719
718
721
720
709
726
716
727
723
730
724
725
732
733
707
731
728
735
734
740
729
738
739
741
742
744
736
748
747
746
722
737
750
753
751
745
743
755
752
754
761
757
762
756
764
766
758
749
763
759
767
770
772
774
773
760
765
776
777
769
778
780
775
782
784
785
779
783
768
786
790
788
791
792
795
781
787
797
793
771
798
799
789
801
794
802
806
807
808
803
810
800
805
814
811
809
815
812
804
813
819
817
818
816
820
826
796
822
829
823
824
821
831
834
825
830
833
828
838
827
841
837
835
836
832
843
844
840
848
839
851
847
852
842
854
849
853
857
846
856
861
859
863
855
858
845
850
866
865
870
871
867
872
862
874
860
876
873
875
869
879
881
882
864
884
878
883
877
886
880
887
891
885
888
895
868
896
894
890
893
901
897
898
904
900
892
906
902
899
905
911
910
908
909
914
913
916
912
919
920
915
907
922
924
903
923
917
889
926
925
918
928
927
929
932
931
933
936
934
938
940
930
935
939
944
937
921
943
941
947
951
950
946
948
954
942
945
949
952
959
961
953
963
962
957
955
965
964
960
970
968
969
958
974
972
966
973
956
978
977
979
976
971
975
982
967
981
986
985
990
983
987
992
980
984
989
995
994
997
993
1001
1000
996
999
1005
1004
1003
991
988
1006
1011
1010
1002
1007
1012
1015
998
1016
1013
1019
1009
1021
1014
1023
1018
1026
1022
1024
1017
1027
1031
1029
1025
1030
1034
1036
1033
1008
1020
1032
1037
1039
1038
1028
1035
1040
1041
1046
1042
1048
1047
1043
1051
1045
1044
1050
1052
1053
1054
1049
1055
1059
1063
1062
1058
1056
1060
1064
1067
1069
1065
1066
1072
1073
1075
1074
1057
1068
1061
1077
1076
1070
1078
1083
1071
1085
1084
1081
1089
1090
1086
1082
1080
1094
1079
1088
1097
1087
1092
1095
1100
1091
1096
1101
1105
1103
1104
1099
1098
1108
1110
1093
1102
1107
1113
1115
1111
1112
1109
1106
1117
1114
1120
1123
1119
1126
1121
1128
1118
1122
1125
1124
1127
1134
1132
1135
1130
1116
1133
1140
1137
1138
1129
1144
1141
1143
1147
1136
1146
1142
1149
1152
1150
1145
1154
1148
1131
1155
1139
1157
1153
1160
1162
1159
1163
1165
1164
1161
1151
1168
1158
1167
1171
1170
1169
1175
1177
1176
1172
1166
1179
1182
1178
1156
1184
1181
1173
1185
1174
1186
1190
1187
1193
1192
1183
1189
1197
1195
1194
1191
1199
1201
1202
1203
1200
1206
1205
1188
1196
1198
1207
1209
1212
1210
1211
1214
1217
1208
1204
1220
1215
1222
1221
1180
1225
1216
1226
1218
1213
1224
1228
1227
1219
1229
1223
1234
1231
1238
1233
1235
1239
1237
1230
1243
1232
1242
1241
1236
1249
1250
1245
1246
1251
1252
1254
1255
1256
1247
1258
1257
1244
1240
1262
1253
1261
1259
1263
1267
1260
1265
1270
1271
1273
1268
1275
1276
1264
1266
1274
1280
1279
1272
1277
1248
1282
1286
1285
1269
1281
1283
1290
1288
1292
1289
1278
1293
1287
1291
1296
1294
1297
1300
1302
1304
1301
1298
1306
1295
1305
1310
1311
1284
1307
1308
1313
1316
1317
1318
1299
1314
1320
1315
1319
1312
1322
1309
1321
1324
1329
1325
1328
1332
1333
1331
1327
1303
1336
1335
1326
1338
1323
1341
1343
1340
1337
1342
1346
1344
1330
1347
1351
1350
1352
1349
1348
1356
1354
1358
1339
1353
1345
1359
1334
1362
1355
1360
1361
1364
1368
1367
1370
1369
1366
1365
1357
1376
1372
1378
1371
1380
1374
1377
1381
1382
1385
1383
1363
1387
1379
1388
1390
1375
1373
1393
1392
1394
1384
1396
1395
1389
1401
1402
1391
1397
1403
1404
1386
1407
1405
1406
1398
1399
1400
1410
1408
1409
1412
1414
1415
1418
1420
1421
1416
1411
1423
1419
1417
1428
1413
1429
1424
1432
1426
1433
1422
1425
1434
1430
1431
1438
1435
1441
1442
1437
1436
1443
1447
1427
1444
1449
1450
1452
1446
1448
1445
1439
1453
1456
1457
1458
1455
1461
1454
1440
1462
1466
1467
1451
1460
1468
1465
1472
1459
1471
1463
1476
1469
1475
1473
1470
1481
1478
1480
1479
1477
1483
1486
1485
1489
1488
1487
1474
1493
1494
1492
1496
1484
1490
1499
1464
1491
1501
1503
1497
1495
1506
1504
1500
1482
1510
1502
1505
1507
1509
1511
1498
1517
1516
1514
1519
1520
1508
1515
1518
1512
1513
1521
1527
1529
1528
1522
1525
1524
1532
1530
1535
1536
1526
1523
1540
1539
1538
1533
1537
1544
1541
1534
1548
1546
1550
1551
1549
1552
1547
1553
1554
1543
1542
1559
1531
1560
1557
1545
1556
1558
1561
1555
1568
1563
1564
1569
1572
1566
1565
1574
1575
1576
1562
1577
1573
1580
1578
1570
1581
1567
1584
1583
1588
1587
1571
1585
1586
1590
1592
1589
1579
1591
1596
1593
1594
1600
1598
1597
1595
1601
1604
1605
1603
1608
1602
1606
1612
1609
1614
1610
1613
1617
1582
1615
1620
1607
1622
1623
1616
1611
1626
1599
1624
1625
1619
1629
1631
1632
1634
1630
1627
1628
1638
1636
1640
1641
1633
1621
1639
1643
1642
1618
1645
1646
1648
1651
1637
1644
1652
1653
1650
1656
1657
1658
1655
1654
1660
1659
1663
1649
1664
1661
1668
1647
1635
1667
1666
1665
1672
1669
1676
1675
1670
1662
1674
1679
1678
1671
1681
1680
1682
1684
1685
1686
1690
1673
1677
1691
1693
1687
1692
1696
1689
1688
1694
1698
1695
1683
1699
1700
1706
1707
1708
1701
1710
1705
1703
1713
1704
1714
1697
1715
1702
1719
1718
1712
1709
1716
1724
1711
1725
1720
1721
1729
1723
1731
1727
1722
1732
1726
1717
1735
1737
1728
1730
1736
1734
1738
1743
1742
1733
1746
1740
1748
1749
1751
1744
1753
1739
1745
1754
1755
1757
1752
1759
1761
1747
1750
1764
1763
1756
1760
1765
1769
1770
1768
1741
1766
1758
1773
1771
1774
1762
1775
1776
1778
1772
1779
1783
1780
1785
1787
1777
1781
1790
1782
1767
1788
1786
1793
1795
1796
1784
1791
1800
1799
1792
1803
1801
1794
1798
1789
1808
1804
1805
1802
1807
1811
1813
1806
1797
1815
1818
1814
1809
1810
1820
1817
1819
1824
1822
1821
1816
1829
1828
1812
1826
1832
1833
1830
1827
1834
1837
1838
1835
1831
1825
1841
1823
1844
1836
1846
1847
1845
1849
1842
1850
1843
1854
1839
1840
1852
1851
1856
1853
1859
1861
1860
1858
1863
1866
1848
1862
1867
1857
1871
1872
1868
1865
1873
1870
1869
1874
1879
1877
1875
1878
1855
1880
1885
1886
1883
1888
1889
1882
1876
1884
1881
1892
1890
1894
1891
1898
1897
1895
1901
1902
1893
1903
1887
1896
1899
1908
1909
1906
1907
1864
1900
1905
1915
1916
1913
1911
1917
1920
1918
1910
1914
1912
1919
1925
1904
1926
1927
1929
1931
1923
1930
1934
1921
1922
1932
1924
1937
1938
1939
1940
1942
1933
1945
1928
1947
1943
1948
1936
1946
1949
1935
1944
1953
1941
1950
1955
1956
1958
1961
1954
1962
1957
1965
1966
1960
1951
1952
1964
1959
1971
1970
1963
1967
1976
1972
1978
1973
1979
1980
1968
1981
1984
1983
1985
1977
1988
1974
1989
1990
1991
1992
1986
1993
1996
1997
1982
1998
1999
1994
2002
1995
2000
1969
2004
1975
2001
2008
2007
2010
2003
1987
2009
2015
2013
2011
2012
2018
2017
2016
2022
2020
2006
2024
2014
2021
2028
2025
2027
2031
2029
2005
2023
2030
2036
2033
2038
2032
2019
2035
2034
2043
2041
2040
2042
2037
2046
2047
2045
2039
2026
2044
2047
2045
2042
2039
2043
2038
2041
2030
2046
2024
2033
2044
2035
2023
2036
2040
2037
2031
2025
2029
2034
2032
2028
2027
2021
2014
2016
2026
2010
2022
1996
2012
2020
2018
2019
2011
2017
2004
2013
2015
2007
2002
2009
2005
2006
1982
2003
2008
2000
1999
1974
2001
1998
1997
1988
1977
1994
1986
1990
1995
1991
1993
1984
1992
1976
1970
1989
1978
1987
1985
1980
1983
1971
1981
1975
1967
1979
1973
1972
1964
1965
1960
1969
1951
1956
1963
1958
1968
1966
1962
1955
1953
1949
1945
1961
1959
1954
1917
1957
1952
1948
1946
1942
1950
1944
1930
1941
1937
1947
1939
1912
1940
1943
1938
1936
1935
1929
1906
1934
1933
1932
1921
1927
1931
1924
1922
1916
1928
1926
1925
1919
1923
1918
1893
1914
1920
1913
1909
1905
1915
1910
1890
1911
1897
1904
1908
1901
1907
1898
1900
1892
1903
1902
1891
1899
1882
1895
1874
1896
1894
1877
1886
1884
1885
1889
1887
1888
1859
1876
1879
1883
1864
1880
1881
1878
1867
1854
1869
1875
1863
1871
1872
1873
1858
1870
1862
1868
1832
1866
1856
1865
1852
1861
1860
1839
1847
1806
1855
1857
1849
1850
1853
1846
1851
1842
1840
1825
1848
1815
1845
1843
1844
1837
1841
1838
1834
1835
1836
1820
1824
1833
1831
1829
1830
1828
1827
1810
1826
1821
1817
1823
1819
1812
1822
1814
1803
1813
1818
1807
1816
1811
1798
1783
1804
1774
1809
1808
1799
1802
1786
1805
1800
1801
1794
1796
1797
1795
1790
1793
1784
1792
1791
1785
1789
1771
1787
1788
1780
1773
1772
1765
1781
1782
1779
1777
1764
1768
1778
1775
1776
1770
1761
1766
1762
1744
1767
1769
1750
1757
1748
1760
1763
1741
1758
1756
1755
1759
1747
1742
1754
1740
1753
1751
1752
1739
1749
1746
1733
1737
1745
1736
1743
1730
1738
1734
1727
1735
1732
1731
1726
1723
1718
1728
1725
1722
1683
1729
1703
1717
1721
1724
1716
1712
1704
1708
1720
1719
1711
1715
1710
1713
1714
1706
1709
1696
1699
1700
1707
1693
1705
1680
1688
1702
1690
1701
1691
1695
1698
1697
1694
1689
1687
1692
1679
1675
1681
1686
1682
1674
1684
1685
1677
1665
1676
1678
1669
1660
1651
1673
1668
1672
1667
1657
1671
1662
1670
1666
1659
1664
1663
1652
1658
1648
1655
1661
1656
1654
1640
1653
1635
1647
1649
1650
1634
1643
1642
1646
1645
1630
1625
1636
1644
1639
1641
1633
1637
1638
1628
1615
1617
1622
1629
1632
1627
1631
1621
1624
1626
1619
1582
1612
1618
1623
1614
1620
1616
1613
1605
1609
1611
1610
1608
1607
1581
1602
1606
1601
1604
1593
1603
1600
1594
1596
1584
1570
1599
1597
1598
1587
1595
1589
1592
1585
1590
1591
1583
1588
1586
1579
1575
1578
1568
1559
1576
1580
1555
1577
1567
1554
1560
1574
1573
1572
1569
1571
1550
1564
1566
1563
1553
1565
1557
1561
1562
1558
1548
1556
1552
1547
1533
1544
1546
1545
1551
1537
1539
1549
1540
1538
1543
1541
1512
1542
1535
1531
1536
1534
1528
1521
1530
1520
1532
1527
1508
1526
1529
1524
1511
1518
1523
1525
1522
1517
1484
1519
1507
1515
1514
1516
1510
1503
1513
1509
1505
1479
1470
1474
1502
1500
1506
1504
1499
1489
1492
1501
1496
1497
1498
1494
1471
1495
1487
1493
1491
1490
1488
1486
1477
1485
1483
1482
1481
1476
1480
1463
1461
1478
1453
1475
1473
1468
1449
1472
1460
1469
1466
1467
1447
1437
1465
1464
1446
1462
1459
1436
1458
1455
1457
1456
1444
1454
1450
1452
1439
1451
1443
1448
1433
1445
1438
1431
1441
1442
1435
1430
1440
1424
1427
1434
1418
1426
1429
1432
1415
1425
1422
1423
1428
1395
1420
1421
1416
1419
1417
1408
1409
1406
1413
1412
1414
1410
1392
1396
1407
1411
1401
1389
1405
1404
1391
1403
1393
1397
1402
1400
1399
1398
1387
1378
1388
1386
1394
1385
1383
1373
1390
1379
1374
1380
1375
1381
1384
1372
1382
1377
1376
1370
1368
1359
1367
1369
1371
1364
1365
1351
1361
1362
1366
1344
1360
1353
1363
1355
1358
1356
1342
1357
1354
1352
1321
1345
1343
1350
1346
1349
1348
1347
1333
1334
1341
1319
1340
1335
1331
1338
1339
1318
1337
1336
1330
1332
1326
1312
1329
1328
1327
1315
1316
1325
1313
1324
1320
1323
1322
1305
1314
1309
1303
1317
1282
1304
1307
1306
1310
1311
1287
1308
1292
1299
1302
1301
1296
1258
1295
1300
1286
1298
1275
1297
1293
1294
1291
1289
1273
1290
1288
1284
1279
1281
1283
1285
1263
1276
1264
1280
1277
1278
1270
1269
1272
1267
1274
1268
1262
1271
1239
1246
1266
1265
1252
1256
1261
1253
1248
1260
1259
1255
1257
1249
1251
1244
1254
1242
1250
1247
1238
1233
1230
1191
1245
1243
1235
1240
1232
1241
1237
1225
1236
1231
1229
1234
1222
1206
1216
1228
1226
1224
1220
1227
1200
1212
1223
1221
1217
1218
1209
1219
1211
1213
1215
1214
1208
1203
1185
1210
1202
1207
1201
1195
1204
1205
1196
1193
1194
1158
1198
1199
1197
1188
1192
1169
1184
1189
1187
1190
1186
1179
1183
1178
1180
1182
1176
1164
1181
1154
1172
1167
1177
1175
1174
1171
1173
1166
1170
1165
1162
1157
1168
1151
1163
1148
1153
1160
1161
1146
1156
1159
1131
1142
1155
1149
1152
1141
1150
1134
1135
1147
1145
1126
1144
1140
1138
1143
1139
1137
1125
1130
1133
1136
1128
1109
1107
1132
1129
1122
1123
1127
1119
1124
1118
1120
1121
1105
1115
1114
1117
1095
1116
1111
1110
1113
1098
1112
1101
1104
1108
1088
1106
1092
1102
1093
1099
1103
1056
1071
1100
1094
1096
1097
1089
1085
1091
1068
1087
1083
1090
1084
1079
1086
1038
1082
1072
1080
1081
1059
1076
1078
1077
1070
1075
1054
1074
1073
1069
1057
1066
1065
1063
1067
1055
1064
1060
1061
1062
1045
1052
1053
1058
1042
1051
1049
1050
1041
1047
1027
1044
1048
1046
1019
1043
1037
1034
1028
1040
1031
1039
1035
1017
1029
1036
1032
1024
1033
1025
1023
1030
1022
1026
1020
1016
1009
1013
1021
999
998
1014
1012
1018
1008
1015
1011
1010
1006
1005
1000
997
996
989
1007
1004
1002
1003
992
994
1001
995
982
983
993
986
964
985
991
973
987
990
984
988
981
980
972
947
970
979
976
978
977
967
955
975
974
961
965
971
966
969
968
962
959
958
960
963
954
950
956
957
939
948
926
949
945
953
951
952
946
937
944
941
923
940
936
942
943
934
929
938
931
932
924
927
935
933
922
916
883
930
920
928
919
918
925
908
895
913
921
914
912
917
915
905
906
910
909
911
898
907
894
878
904
892
903
902
901
886
896
900
899
897
890
893
885
889
879
891
870
888
846
887
884
880
860
881
882
876
877
874
864
875
851
872
873
871
865
869
866
857
868
863
867
834
858
862
859
842
861
856
843
855
850
849
854
853
852
848
844
824
847
838
832
826
845
831
840
841
836
839
837
835
833
821
800
815
830
829
823
828
827
825
809
822
819
820
816
801
805
817
818
807
813
814
798
811
808
812
803
810
791
802
806
804
796
790
797
786
799
793
783
795
778
789
792
794
776
779
767
787
788
784
782
785
781
777
771
768
780
774
773
747
775
770
763
750
764
772
769
766
754
748
761
762
765
760
757
745
758
759
755
749
753
756
751
752
739
742
746
738
741
732
735
744
743
737
727
724
736
740
733
712
698
726
731
734
728
729
730
720
725
707
723
722
718
721
719
701
716
686
714
717
715
710
709
694
713
711
706
697
700
708
702
705
703
704
696
677
699
695
664
691
693
688
692
679
689
690
684
669
676
687
678
685
682
683
673
681
671
680
675
665
628
674
672
657
666
668
659
670
648
655
667
660
658
662
663
645
661
654
656
653
643
647
650
651
627
652
649
638
634
646
644
640
637
639
642
605
641
633
635
636
622
623
625
624
632
630
631
629
619
616
597
626
612
618
621
613
601
620
611
617
615
610
596
614
609
602
599
606
607
608
603
604
563
587
600
598
593
573
592
588
585
595
594
584
591
590
589
580
586
577
570
575
576
582
583
581
571
579
578
569
568
557
566
574
572
567
565
559
564
561
556
533
562
560
553
558
552
554
546
549
545
550
555
548
539
547
551
542
540
536
543
544
537
525
541
529
530
535
518
538
534
532
522
527
516
531
526
528
489
520
500
519
524
510
523
504
521
514
517
512
513
515
508
485
502
506
511
507
509
505
493
486
501
496
503
499
498
495
494
491
497
488
490
482
492
487
473
464
480
484
479
483
448
477
470
478
481
460
475
467
471
476
474
452
463
472
466
468
469
411
435
465
458
462
461
459
439
456
444
455
457
449
440
454
453
450
451
438
447
445
446
441
442
443
416
437
434
425
433
436
432
426
428
427
430
429
431
424
401
418
419
423
421
412
422
415
420
409
413
417
407
408
414
397
403
410
396
404
399
402
406
378
405
393
398
400
352
391
388
395
394
392
390
387
383
389
370
374
386
382
384
385
371
381
369
380
379
377
376
375
373
367
357
364
355
372
363
368
362
365
366
353
359
356
361
360
354
358
345
338
347
351
349
325
350
335
342
319
348
346
344
337
340
341
343
322
336
339
329
333
314
331
330
334
332
324
327
326
317
328
311
304
320
323
305
284
321
316
318
313
298
307
315
306
312
310
308
309
303
302
294
293
301
300
270
295
297
292
299
287
285
296
283
288
289
291
290
278
281
271
279
286
275
238
276
282
267
280
264
273
277
272
274
258
265
261
268
259
269
250
263
266
255
247
256
262
260
257
225
242
233
251
249
254
253
252
215
234
244
248
245
246
243
240
241
230
221
205
239
224
237
236
235
231
229
232
227
228
213
218
226
222
220
223
216
219
214
217
206
209
212
202
208
207
201
211
197
210
191
199
204
195
185
200
203
188
169
193
198
183
180
196
192
194
189
190
178
175
182
181
187
186
177
184
176
153
179
161
173
174
165
171
170
166
172
162
168
167
164
163
129
158
147
160
156
119
136
159
154
157
151
155
142
138
149
152
148
150
124
145
146
144
134
143
141
139
140
132
133
137
135
123
128
122
130
131
120
127
126
121
117
94
125
116
115
113
118
75
103
107
111
112
108
114
104
106
85
110
109
102
90
105
99
91
101
93
100
95
98
96
97
88
83
86
89
92
84
87
71
74
77
47
69
81
80
82
79
76
78
55
63
60
72
65
73
70
64
62
67
68
66
44
57
37
59
56
61
48
52
58
27
50
53
54
19
38
51
49
46
42
43
28
45
31
36
41
40
39
15
35
20
34
32
33
24
8
21
30
29
25
26
13
4
22
23
16
2
6
17
18
12
11
7
14
1
10
9
0
3
5
10
8
5
13
11
9
0
1
16
14
2
6
22
15
3
18
7
19
25
20
12
4
24
33
31
28
29
37
36
23
35
26
27
43
30
34
42
39
44
40
41
45
38
46
47
17
50
32
51
53
60
57
49
56
59
55
62
67
58
54
61
65
72
63
70
73
66
64
69
76
77
80
68
75
79
52
83
87
88
81
86
89
71
85
93
91
78
95
21
98
94
96
101
103
90
92
84
107
74
105
106
48
111
99
97
104
82
116
109
118
115
108
121
102
123
112
126
122
127
128
114
125
130
120
124
100
119
117
129
136
134
141
132
140
139
143
113
142
137
146
135
110
144
147
150
148
156
138
145
155
158
133
131
160
164
154
166
151
168
169
170
167
161
152
162
165
175
157
176
172
173
153
177
149
159
174
179
171
187
184
181
183
188
178
191
190
193
195
182
186
180
199
201
192
202
185
163
194
208
197
206
205
196
209
200
204
215
212
213
198
210
221
216
207
224
211
223
219
225
218
230
217
229
227
189
226
214
233
220
238
236
235
222
241
228
231
232
237
246
247
243
203
244
249
253
242
252
255
258
250
245
248
262
239
261
257
266
259
260
263
234
269
240
267
264
275
270
268
271
276
256
280
251
277
278
273
272
286
287
289
274
282
291
254
265
283
285
292
297
295
284
301
288
303
281
304
279
294
296
298
299
310
308
313
305
300
311
312
318
315
309
317
306
321
322
323
307
302
293
319
330
290
320
325
329
316
327
328
332
335
337
326
341
324
340
343
346
342
334
345
339
351
350
347
349
333
356
355
331
357
344
336
360
348
362
365
363
367
358
314
368
353
361
366
374
370
371
377
359
375
376
354
372
378
364
381
352
386
384
369
373
387
382
338
388
392
380
390
379
391
398
397
383
402
395
401
389
403
396
399
410
405
400
407
393
385
406
412
411
404
414
418
408
421
424
394
419
422
423
429
409
420
417
425
428
430
413
432
437
427
439
426
436
416
444
434
415
446
435
442
450
438
440
433
449
454
431
455
441
445
458
457
452
443
462
465
463
467
448
447
461
460
456
472
468
469
475
459
453
473
478
466
464
480
451
482
486
476
470
479
483
485
484
477
487
471
492
496
497
493
495
499
494
491
474
489
490
481
488
507
505
506
501
500
514
509
515
508
516
503
517
519
520
510
513
518
522
511
498
502
521
530
532
526
528
531
504
524
523
527
537
535
529
534
542
533
540
541
545
547
525
550
551
538
544
553
548
539
554
546
512
549
555
558
560
536
562
563
561
564
569
557
552
568
556
567
576
577
572
566
575
578
543
574
573
579
586
582
584
589
565
571
591
588
593
590
559
580
596
599
595
600
597
583
604
601
585
605
598
581
587
607
611
606
612
602
610
613
609
615
603
621
592
618
594
619
608
623
622
626
627
629
624
628
614
633
570
632
617
631
625
638
640
642
641
630
637
636
647
649
635
646
648
639
650
634
653
655
651
644
654
645
616
663
662
658
661
657
656
665
670
668
659
643
660
664
620
675
666
669
679
681
677
673
671
684
686
674
652
680
676
678
672
682
685
695
690
689
696
697
691
687
700
701
683
705
692
698
699
688
702
707
708
703
706
711
710
709
667
694
714
713
717
719
723
722
712
727
718
704
721
725
731
730
734
716
736
733
738
724
735
739
726
743
744
715
693
745
747
748
746
742
737
753
750
752
756
729
754
741
749
755
720
751
764
763
762
761
757
759
768
767
770
765
766
728
740
773
732
778
777
769
780
779
758
785
776
782
787
771
784
760
788
786
793
792
781
772
790
791
775
798
800
799
801
805
804
789
808
796
795
809
803
806
812
811
815
802
797
774
807
818
813
823
814
819
821
827
820
822
824
794
825
828
826
829
832
837
817
816
840
830
810
841
838
844
831
842
847
846
845
833
835
834
836
852
849
853
857
839
783
856
861
843
851
848
855
859
868
866
865
864
863
870
874
850
875
876
854
860
880
858
869
882
877
884
879
878
862
887
890
867
886
891
894
871
896
895
893
872
900
888
897
881
898
889
873
883
892
905
899
903
908
904
885
901
913
907
918
906
919
912
922
917
911
921
924
927
923
925
909
928
914
929
916
920
932
933
934
931
910
930
937
915
902
938
935
943
939
942
949
945
946
947
940
952
955
950
953
957
960
941
956
926
951
936
964
958
948
966
969
967
962
965
973
963
944
961
970
975
974
976
972
979
980
959
983
985
987
986
981
978
971
968
954
991
992
995
998
999
1000
996
988
993
997
977
1005
1002
1008
1006
984
1011
1004
1012
982
1015
1014
990
994
1017
1007
1019
1020
1018
989
1001
1022
1027
1016
1025
1028
1029
1032
1033
1023
1031
1009
1037
1021
1034
1010
1039
1036
1035
1040
1043
1045
1030
1048
1003
1046
1026
1024
1050
1044
1055
1054
1052
1038
1041
1057
1049
1061
1042
1060
1063
1047
1065
1066
1056
1069
1071
1067
1068
1062
1073
1058
1077
1075
1051
1064
1053
1072
1070
1082
1059
1013
1084
1087
1085
1078
1080
1081
1083
1094
1095
1096
1092
1076
1088
1097
1098
1079
1093
1074
1090
1086
1104
1089
1109
1100
1107
1103
1112
1101
1111
1110
1117
1106
1114
1118
1091
1119
1116
1113
1099
1123
1108
1124
1115
1121
1102
1120
1127
1126
1132
1122
1131
1125
1128
1136
1140
1137
1141
1138
1134
1105
1147
1142
1130
1150
1144
1133
1153
1143
1139
1145
1148
1129
1156
1157
1155
1154
1135
1149
1165
1163
1167
1168
1152
1166
1158
1171
1151
1164
1159
1161
1169
1176
1177
1175
1174
1172
1181
1180
1162
1179
1186
1185
1184
1182
1146
1191
1183
1178
1195
1188
1187
1192
1190
1200
1197
1196
1173
1201
1170
1160
1194
1206
1204
1198
1210
1212
1202
1209
1203
1207
1208
1215
1193
1220
1213
1218
1216
1219
1189
1224
1211
1214
1227
1230
1217
1223
1229
1221
1225
1222
1236
1234
1199
1231
1232
1226
1240
1233
1205
1235
1244
1228
1243
1250
1237
1246
1239
1245
1249
1241
1242
1254
1251
1260
1252
1248
1257
1262
1263
1255
1264
1253
1259
1247
1271
1272
1256
1274
1270
1238
1277
1258
1279
1269
1266
1261
1265
1281
1284
1285
1283
1278
1280
1286
1275
1290
1292
1293
1291
1273
1268
1282
1296
1295
1297
1298
1289
1276
1305
1306
1294
1302
1303
1267
1299
1288
1308
1307
1311
1316
1300
1301
1312
1309
1315
1310
1317
1320
1287
1324
1314
1304
1322
1321
1318
1329
1327
1332
1325
1323
1337
1313
1336
1335
1331
1330
1334
1328
1342
1343
1346
1345
1347
1350
1348
1326
1319
1344
1340
1353
1333
1351
1359
1356
1355
1358
1349
1352
1362
1357
1338
1366
1361
1363
1360
1368
1365
1371
1367
1373
1370
1339
1364
1375
1380
1381
1372
1378
1382
1385
1341
1384
1389
1377
1383
1354
1388
1374
1376
1393
1391
1394
1397
1398
1390
1369
1396
1395
1379
1406
1386
1400
1405
1408
1404
1402
1392
1407
1414
1411
1387
1412
1410
1415
1420
1417
1422
1421
1413
1399
1409
1401
1426
1425
1423
1430
1419
1433
1416
1431
1434
1436
1438
1427
1435
1432
1441
1444
1443
1446
1403
1439
1447
1449
1418
1440
1424
1428
1455
1437
1453
1450
1442
1445
1451
1429
1448
1463
1465
1458
1462
1467
1459
1468
1470
1466
1473
1461
1474
1469
1460
1471
1464
1480
1452
1476
1454
1477
1457
1485
1484
1488
1479
1478
1483
1490
1482
1481
1494
1492
1495
1489
1486
1487
1493
1501
1500
1504
1505
1472
1498
1491
1499
1507
1497
1509
1510
1512
1506
1456
1496
1503
1516
1518
1511
1517
1515
1508
1522
1524
1513
1527
1519
1523
1475
1528
1502
1526
1520
1536
1521
1529
1538
1531
1540
1534
1525
1514
1542
1544
1539
1537
1530
1535
1533
1551
1532
1548
1549
1547
1555
1550
1557
1558
1541
1554
1563
1552
1553
1565
1545
1556
1543
1562
1568
1561
1570
1572
1571
1546
1573
1559
1578
1576
1580
1567
1581
1569
1577
1579
1566
1575
1574
1587
1564
1591
1585
1593
1592
1584
1590
1596
1583
1600
1598
1588
1602
1594
1601
1603
1586
1582
1606
1605
1607
1560
1613
1614
1609
1610
1612
1616
1597
1617
1611
1621
1622
1589
1618
1608
1604
1625
1629
1626
1624
1632
1599
1628
1630
1623
1637
1633
1619
1615
1638
1635
1620
1639
1627
1644
1634
1642
1643
1645
1646
1636
1651
1654
1641
1640
1649
1656
1650
1657
1661
1631
1662
1595
1659
1666
1652
1663
1653
1670
1665
1669
1648
1647
1675
1667
1658
1678
1674
1673
1680
1660
1664
1677
1676
1672
1686
1685
1671
1679
1691
1689
1668
1693
1682
1695
1692
1684
1687
1699
1701
1655
1698
1697
1700
1694
1702
1688
1704
1683
1706
1712
1705
1711
1708
1690
1714
1710
1703
1709
1707
1696
1719
1720
1725
1717
1715
1723
1724
1726
1718
1732
1729
1713
1728
1730
1733
1716
1681
1736
1740
1737
1731
1743
1741
1744
1722
1742
1745
1739
1721
1747
1749
1753
1738
1750
1727
1758
1759
1752
1748
1754
1763
1757
1760
1746
1766
1751
1762
1756
1764
1771
1767
1761
1774
1776
1770
1768
1772
1779
1735
1777
1780
1781
1785
1755
1786
1787
1784
1765
1782
1789
1790
1778
1791
1795
1775
1788
1796
1734
1801
1792
1769
1783
1794
1798
1799
1808
1805
1802
1811
1773
1797
1806
1800
1812
1793
