10000 140
0
1
2
4
5
3
8
9
6
11
7
13
14
12
15
16
18
17
20
10
22
21
23
24
25
26
27
19
28
29
32
31
34
33
36
37
38
39
30
35
41
42
40
43
44
45
46
48
47
51
50
49
53
52
54
56
57
58
55
60
61
59
62
64
63
66
65
67
69
70
71
72
74
75
68
73
77
78
76
80
79
81
84
83
85
86
87
88
90
82
92
91
93
94
95
97
96
99
98
101
100
102
104
89
103
107
105
108
109
110
112
111
106
113
114
115
118
119
116
117
120
121
124
122
123
125
126
127
128
131
130
129
133
135
136
132
138
134
137
141
139
140
142
145
143
144
148
149
150
147
151
146
152
153
154
155
158
156
157
159
160
163
164
165
166
161
167
168
169
171
170
162
172
175
173
176
177
174
179
178
181
183
182
184
186
180
185
187
189
188
191
190
194
192
193
196
195
198
197
199
200
202
201
203
204
206
205
207
208
209
210
213
212
214
216
215
211
218
220
217
222
219
224
223
225
227
221
226
230
229
231
228
232
234
235
236
233
238
240
237
241
242
239
245
244
247
243
248
246
249
250
253
251
255
252
254
256
259
257
258
261
262
260
265
263
266
267
264
269
270
268
272
274
273
271
277
275
279
276
278
280
283
282
281
284
286
287
285
290
289
288
293
291
295
292
296
298
297
300
294
302
299
301
303
305
304
307
306
308
309
310
312
313
311
315
316
314
317
320
318
319
322
323
321
324
325
328
327
329
330
331
326
332
335
333
336
337
339
334
340
341
342
338
344
343
347
346
349
350
351
348
352
353
355
356
354
345
358
360
357
362
359
361
363
364
365
367
369
370
371
366
372
374
373
368
377
378
376
375
379
381
383
382
380
386
384
385
389
388
387
390
392
391
394
396
395
393
397
399
398
401
402
403
405
400
404
406
409
408
407
410
411
412
414
415
413
417
416
418
421
422
419
420
423
425
426
424
429
428
430
427
431
432
433
435
437
436
434
439
440
438
443
441
444
445
442
448
449
446
450
452
451
447
455
454
457
456
453
460
459
461
458
464
463
462
465
467
466
468
469
470
473
471
472
476
477
478
479
475
474
480
481
483
484
486
485
482
489
490
488
492
493
491
487
495
496
497
498
494
500
501
499
504
503
506
505
502
508
509
510
507
512
514
511
513
516
515
518
517
521
519
522
523
520
524
527
525
526
529
530
528
531
532
534
533
537
538
536
535
539
542
543
540
541
545
546
548
544
549
551
547
550
553
555
554
556
557
558
552
559
560
563
561
562
566
564
568
565
570
571
567
569
572
575
574
573
577
578
580
576
582
581
583
585
579
584
587
588
590
591
592
593
589
594
596
595
597
586
600
598
599
603
602
601
604
605
607
608
606
610
609
613
611
614
615
616
612
617
620
619
622
621
618
625
623
624
628
626
627
630
631
629
634
632
636
633
635
637
638
639
642
640
643
641
645
644
648
646
647
649
650
651
652
653
655
656
654
657
658
660
662
661
659
663
664
667
665
666
670
668
669
673
672
674
671
675
678
676
679
677
681
682
683
680
684
687
685
689
688
690
691
693
686
694
695
692
697
696
698
700
699
702
703
704
701
705
706
708
710
709
712
707
713
711
715
716
718
717
720
721
722
714
724
719
723
725
728
726
729
731
727
732
733
734
736
735
738
730
739
737
740
742
741
744
743
745
746
747
750
749
751
753
754
752
755
748
756
757
759
760
761
762
763
764
758
765
766
767
770
768
769
772
771
774
775
776
773
779
777
778
781
783
784
780
782
785
787
786
788
789
790
793
792
794
791
795
797
796
799
798
802
801
800
804
803
805
806
807
808
809
810
811
814
812
813
815
817
819
818
820
821
816
822
823
826
824
825
827
828
831
830
832
829
833
834
837
835
838
839
836
840
842
843
844
845
841
847
848
846
851
849
852
854
853
856
855
850
857
859
858
862
861
860
865
866
863
867
869
868
870
864
871
873
872
875
876
877
879
874
881
878
880
884
885
883
886
882
888
889
887
890
891
894
895
892
897
893
898
899
896
901
902
900
903
906
905
904
907
908
911
909
913
912
915
910
916
917
914
919
920
918
922
924
925
923
921
926
927
929
931
928
932
933
930
935
934
937
936
940
938
939
942
944
943
941
946
945
949
947
950
952
948
951
953
955
954
956
957
958
959
962
961
963
964
965
966
968
967
970
960
969
971
974
975
973
977
976
978
979
972
982
983
980
981
985
987
986
984
990
988
989
991
992
993
994
997
998
995
996
999
1001
1002
1000
1004
1005
1007
1003
1006
1010
1011
1009
1008
1012
1014
1015
1016
1017
1018
1020
1013
1019
1021
1022
1023
1023
1020
1014
1013
1022
1019
1021
1012
1018
1017
1016
1015
1010
997
1007
1011
1009
1003
1006
1008
1005
998
1001
1004
994
1002
1000
999
995
991
996
992
988
986
993
990
982
987
989
984
983
985
967
980
979
977
981
978
976
971
973
968
975
974
966
972
969
970
960
963
959
965
964
961
955
962
952
958
956
951
957
954
950
944
953
947
948
943
949
945
935
946
941
942
938
933
937
940
939
934
936
931
932
917
926
930
928
922
929
924
927
923
925
916
914
921
919
920
918
911
912
915
904
908
913
910
906
894
909
907
902
905
903
901
892
899
900
891
898
897
895
896
885
893
888
881
890
889
886
887
880
883
857
884
882
879
877
878
876
875
874
865
873
872
870
871
869
866
868
867
862
864
860
861
863
856
859
858
849
847
854
853
855
851
837
852
850
848
844
846
838
845
840
843
842
833
841
839
836
835
834
819
826
830
820
832
831
825
829
828
827
824
823
821
822
810
814
817
816
818
813
815
806
807
811
812
809
804
798
808
805
800
787
802
803
801
797
795
799
794
796
789
792
790
793
791
781
778
782
788
786
774
785
784
783
780
772
776
779
768
777
775
771
773
770
762
761
765
769
754
767
766
764
753
763
760
756
758
759
757
755
735
748
752
750
751
747
749
736
742
745
746
741
744
743
738
740
739
729
737
732
726
734
733
727
731
730
725
719
728
722
721
718
724
723
715
716
720
712
717
710
714
713
711
707
703
704
709
705
708
706
701
686
690
700
702
699
698
695
696
697
691
694
693
688
692
689
679
676
687
684
682
685
674
683
675
681
680
677
678
671
672
670
667
673
666
668
669
663
655
665
659
661
664
662
658
660
657
648
656
652
650
654
640
653
651
649
643
647
646
645
644
633
641
635
642
638
634
639
637
627
636
629
628
632
618
631
630
621
624
623
626
625
619
613
622
614
620
616
609
617
599
615
612
606
611
610
607
603
608
605
604
598
602
597
600
601
593
587
595
596
594
576
592
589
591
584
590
585
588
579
586
581
583
582
580
574
577
561
578
572
575
570
569
573
571
566
568
558
564
567
565
563
562
560
553
556
555
559
552
557
541
554
551
544
550
549
548
546
547
540
542
545
535
543
539
537
530
527
538
536
534
532
533
529
519
531
523
528
524
526
525
521
518
522
515
520
517
512
513
514
516
508
510
511
509
505
506
504
503
507
502
497
501
498
500
499
496
490
494
489
495
476
493
491
492
484
483
488
485
487
486
480
481
482
474
479
478
477
471
467
470
475
473
461
472
468
469
465
464
466
447
458
463
462
457
460
456
459
454
452
429
455
453
449
451
450
446
445
448
434
444
443
437
442
441
440
439
438
428
436
433
435
430
432
431
426
427
424
421
423
416
425
422
420
418
415
417
419
412
411
413
409
414
410
407
408
405
402
404
406
399
397
391
403
400
401
387
395
398
392
396
394
393
389
388
386
390
379
369
385
384
383
382
377
380
381
376
373
378
370
368
375
374
367
372
371
365
366
349
362
358
357
364
363
359
361
360
356
354
355
345
352
353
346
350
351
344
347
348
342
343
338
331
339
341
340
337
328
336
326
334
335
330
333
332
329
324
320
315
327
325
323
316
322
319
321
313
318
317
309
314
312
310
308
311
304
305
306
303
307
291
294
301
302
300
298
297
299
285
295
296
288
290
293
292
286
289
282
280
287
277
284
274
283
281
278
279
267
275
271
276
270
273
272
265
263
268
269
260
261
266
264
256
262
254
259
255
258
253
257
241
249
251
252
240
221
250
248
246
247
245
244
243
238
242
232
239
237
213
230
236
235
234
233
227
231
229
226
228
224
225
222
223
212
219
215
220
218
217
214
216
197
198
204
211
210
209
208
207
202
206
205
203
201
194
199
200
196
190
193
195
192
191
188
187
189
186
184
178
185
180
182
181
183
175
167
179
168
176
177
173
174
169
172
171
170
161
147
166
165
153
162
164
163
159
158
160
149
157
155
156
152
154
143
140
151
150
148
146
142
145
132
144
141
136
130
139
127
138
137
135
133
134
128
129
131
114
123
120
126
125
117
124
119
122
121
118
106
116
111
115
113
112
108
101
110
109
103
107
104
99
105
100
98
102
96
91
92
94
97
93
95
90
88
89
81
87
77
84
75
86
85
83
59
82
78
80
79
67
74
76
72
71
73
70
60
68
69
65
66
62
64
63
50
52
61
58
49
56
57
55
51
54
53
44
47
46
48
43
36
45
35
31
37
42
41
40
39
38
21
29
34
30
33
32
27
26
28
25
17
23
24
20
22
14
19
3
18
10
13
16
15
12
9
11
1
8
7
5
0
6
2
4
4
1
2
8
7
10
9
13
6
12
16
0
18
11
3
19
22
15
20
25
5
23
21
24
26
29
31
30
34
17
33
27
35
32
14
36
40
42
37
45
28
46
41
49
39
48
47
43
52
50
56
51
57
55
38
58
44
62
59
54
65
60
53
67
70
66
72
73
69
75
68
64
77
74
79
81
61
63
83
82
76
84
78
86
80
88
92
91
94
93
87
96
98
95
85
71
102
103
99
101
97
90
106
107
105
108
112
111
110
109
116
113
100
118
89
121
120
122
115
124
123
126
104
125
129
117
131
114
133
128
130
134
135
138
132
140
141
137
139
143
144
142
147
119
127
136
152
151
146
154
155
149
157
156
145
148
160
162
159
163
150
165
164
169
167
166
172
161
158
171
175
176
170
153
177
180
174
178
173
184
179
185
188
182
186
190
189
191
183
181
187
192
197
199
168
198
196
203
200
201
193
206
194
204
195
211
207
209
213
214
210
215
208
205
212
202
218
220
223
216
222
217
225
219
224
221
230
233
229
235
232
228
226
239
227
236
237
241
244
243
234
245
240
238
248
246
231
242
254
253
255
247
251
252
250
260
249
257
261
264
258
259
262
266
265
256
271
270
269
268
275
274
263
272
279
276
277
281
278
273
280
283
282
284
290
289
286
288
285
293
296
291
297
299
287
267
302
294
298
305
306
304
300
303
308
307
292
312
309
301
315
310
316
313
317
321
318
320
319
322
324
295
326
314
329
330
332
327
334
335
323
328
331
336
340
337
311
342
338
325
345
333
347
341
339
351
343
350
354
353
344
357
356
348
358
355
362
359
349
363
346
364
352
361
368
367
360
371
369
372
376
373
365
374
366
377
380
378
384
375
385
387
370
389
382
390
392
386
383
379
394
381
398
388
400
393
395
396
401
404
397
407
391
403
406
402
408
410
405
409
411
413
416
419
420
421
418
415
424
412
417
425
423
429
430
431
427
432
426
433
428
414
437
434
436
438
442
441
422
439
444
440
445
446
399
450
452
453
449
455
443
454
451
459
448
460
456
462
458
463
466
464
465
461
457
435
470
472
474
468
467
476
477
479
480
473
478
482
481
483
471
487
486
475
488
447
490
469
492
489
496
495
498
484
493
494
485
500
503
505
501
506
508
507
509
504
511
499
513
502
514
491
497
516
515
517
520
518
524
512
525
519
523
528
521
527
531
529
532
534
536
535
510
533
522
540
539
526
541
537
542
546
547
543
549
544
551
550
538
554
552
530
548
555
558
559
561
560
564
553
566
557
563
556
545
571
567
572
562
570
573
576
568
569
574
577
575
579
584
583
585
586
587
578
588
591
589
581
582
593
596
595
580
599
594
565
590
601
603
604
602
592
598
609
610
606
605
611
597
608
600
614
615
619
618
621
612
620
624
607
623
627
616
613
622
626
628
617
631
630
633
636
629
637
638
632
642
643
640
634
641
625
639
635
645
651
652
646
650
655
644
654
647
648
653
661
649
656
657
663
660
667
665
662
664
668
669
658
666
672
670
676
659
679
675
674
677
683
680
678
685
687
682
673
689
686
691
692
688
681
696
695
690
684
671
694
699
700
704
702
706
707
698
697
701
709
705
711
713
712
715
710
703
717
714
716
718
719
722
720
726
723
721
725
728
724
729
708
734
733
693
730
727
738
739
732
735
740
743
741
742
736
748
747
737
744
750
746
731
745
756
753
758
749
755
759
757
752
761
762
764
766
751
763
760
767
768
771
774
775
772
770
773
754
776
780
769
783
782
779
777
778
786
789
785
765
791
784
794
788
781
792
790
796
787
793
802
799
795
801
797
805
803
809
808
807
806
811
810
800
816
804
798
817
812
818
813
823
814
820
825
815
827
822
826
819
832
829
828
821
830
836
824
838
831
839
840
833
844
842
834
846
848
845
837
835
843
853
854
852
847
850
857
858
849
855
851
863
864
865
860
867
856
869
862
871
870
866
861
859
868
874
841
878
876
872
879
882
877
880
881
883
886
889
888
873
885
884
892
893
891
887
894
890
897
899
902
895
900
901
906
904
905
907
898
896
910
913
911
912
909
914
918
915
875
916
908
923
921
920
919
924
903
922
929
925
932
928
933
927
917
930
937
926
936
941
940
942
939
934
944
945
947
943
949
951
946
938
953
952
931
957
955
954
959
958
950
961
963
948
956
966
967
960
968
964
935
969
970
975
972
977
971
962
978
980
974
981
965
973
986
985
976
979
987
991
982
992
990
983
996
988
995
984
998
993
989
999
994
1001
1006
1004
1000
1002
1007
1008
1003
1011
1012
1015
1005
997
1009
1016
1019
1013
1010
1021
1022
1014
1018
1023
1017
1020
1023
1022
1004
1014
997
1021
1007
1017
1019
1020
1018
1010
1016
1009
1015
1012
1013
993
1006
998
1011
1008
1005
1002
989
1001
977
1000
1003
999
982
960
995
991
986
996
994
992
984
988
983
990
987
981
985
980
972
979
974
959
975
978
973
956
957
976
970
969
971
955
967
968
966
964
965
963
951
949
961
962
944
937
950
958
943
953
954
940
946
952
934
948
947
942
941
945
920
938
929
936
909
931
939
935
919
928
933
925
932
921
923
930
915
917
927
926
924
904
914
922
918
905
912
913
903
916
890
906
871
908
911
910
896
902
907
895
889
897
899
874
901
900
886
898
891
893
888
894
887
892
881
876
885
879
878
884
880
883
877
882
873
853
875
870
849
867
869
854
866
872
847
863
862
868
864
865
861
859
856
858
860
851
833
857
840
855
836
850
846
852
843
830
828
848
834
844
845
839
841
842
837
835
838
817
820
829
827
832
821
831
824
826
815
825
818
813
781
822
823
819
816
811
814
805
806
802
812
807
809
779
810
804
808
797
801
800
798
803
795
784
789
792
799
786
794
796
790
774
793
785
791
776
743
788
787
777
783
772
780
782
773
775
778
763
764
756
769
765
771
747
770
766
768
761
767
762
754
745
757
758
760
759
752
751
737
755
753
746
750
749
740
748
726
744
738
742
731
736
739
741
733
709
724
735
730
732
728
734
727
723
718
722
729
719
721
725
717
713
720
692
712
715
699
714
703
716
711
694
707
708
702
710
693
705
704
706
701
690
700
688
697
695
681
698
696
676
691
687
686
671
683
677
689
679
685
666
684
682
655
675
662
680
678
674
664
670
673
672
669
668
657
665
667
647
651
659
663
654
658
621
661
660
656
629
638
646
615
653
649
652
644
650
648
640
642
645
636
639
643
635
641
637
634
631
632
619
633
618
625
630
626
627
628
622
620
607
624
623
608
598
616
610
614
617
611
609
579
613
589
612
604
601
602
606
603
605
594
600
596
599
595
590
597
593
581
574
592
591
557
587
588
582
580
585
576
586
583
584
578
575
565
577
569
571
573
558
543
568
564
572
570
566
567
562
559
554
563
560
556
561
531
546
553
542
555
552
533
551
547
548
550
549
544
545
541
530
532
527
536
539
538
540
522
537
535
523
518
534
528
519
499
525
529
520
521
526
524
511
493
513
516
515
517
514
496
509
510
512
505
500
507
502
508
504
506
481
498
501
503
495
489
494
488
492
497
486
484
491
483
487
490
479
459
485
476
473
467
471
480
482
463
469
474
478
477
475
468
461
457
472
470
466
465
436
462
460
455
464
458
451
453
442
448
456
408
447
445
454
449
452
450
443
446
439
444
441
440
437
430
431
438
435
421
427
432
434
429
433
426
428
425
416
403
422
414
424
410
423
419
397
420
413
418
407
417
415
411
396
412
409
392
404
401
406
405
388
391
398
402
390
389
400
399
394
395
393
387
358
375
386
376
384
381
385
380
382
371
383
374
379
373
377
369
378
359
370
368
372
361
356
350
366
363
367
353
365
364
355
338
362
360
347
349
346
357
334
354
348
352
351
345
341
327
342
344
319
322
328
343
331
337
340
339
321
335
336
333
332
323
330
329
318
324
309
325
326
320
311
313
296
305
316
312
317
306
315
308
314
307
310
301
300
304
302
282
297
299
289
303
292
284
281
298
293
294
295
288
291
290
273
283
259
287
286
285
280
270
275
276
260
279
278
269
277
271
266
264
274
265
272
258
255
238
268
267
256
262
263
233
261
247
244
248
251
257
250
253
254
240
252
245
249
246
220
243
229
239
241
237
242
236
234
223
230
222
235
225
218
232
231
228
224
226
227
219
211
221
215
203
194
213
214
217
200
216
202
208
207
212
209
210
187
196
206
204
201
205
192
197
199
198
188
167
193
191
195
186
183
190
184
189
163
179
172
180
171
185
182
178
181
173
175
159
174
177
176
164
170
168
169
143
162
156
138
166
160
165
147
161
139
157
158
150
132
154
149
155
151
153
152
146
148
136
117
141
144
145
130
131
142
127
140
134
137
133
135
122
126
128
125
120
129
121
124
114
113
123
111
100
109
86
116
119
118
104
110
115
112
106
103
93
96
108
105
107
73
102
98
101
89
99
95
92
85
97
94
81
91
77
90
75
82
79
88
87
83
72
84
76
59
80
69
65
78
56
67
74
54
64
29
71
70
62
68
52
66
50
57
63
61
60
55
45
58
37
53
42
47
48
51
39
49
24
46
32
30
44
43
41
38
34
40
36
3
35
33
18
26
11
31
1
28
23
13
27
25
21
12
22
19
4
20
2
17
15
16
10
14
6
5
0
9
7
8
8
10
3
1
4
13
16
6
5
17
14
19
11
22
0
7
20
25
23
26
24
9
12
32
2
34
28
30
27
35
39
38
37
40
44
41
18
29
36
15
45
33
52
49
42
55
56
57
54
58
46
50
53
62
63
51
65
43
47
31
48
59
71
67
21
70
60
69
77
78
68
79
75
74
73
64
83
61
76
66
88
72
91
82
86
80
90
93
84
96
89
81
99
98
92
100
85
95
105
87
101
106
112
104
108
97
113
117
111
94
110
102
120
103
124
115
116
107
118
109
126
121
122
132
134
131
135
130
123
136
129
141
114
142
125
128
140
145
137
148
146
144
150
138
119
133
139
157
153
143
154
149
152
151
158
165
155
164
147
169
156
160
167
166
172
159
163
127
176
171
174
173
175
178
170
161
185
168
180
177
162
187
192
182
181
184
194
188
193
191
195
197
183
189
200
196
205
198
204
206
203
201
190
209
202
199
179
217
211
219
215
218
186
207
224
221
208
226
210
227
220
214
223
212
216
213
231
233
230
237
222
236
225
240
232
245
238
247
243
246
250
241
244
242
228
248
254
229
235
253
257
258
249
263
239
264
259
267
252
256
262
260
269
270
274
272
261
265
276
275
268
273
234
281
266
283
251
277
271
288
282
279
287
278
290
284
291
286
295
298
294
301
296
280
292
302
289
293
255
299
300
310
304
308
307
305
306
315
312
318
309
303
322
285
297
324
314
316
325
317
320
319
331
328
329
321
327
332
313
323
311
339
340
333
341
336
343
347
330
335
342
350
326
334
348
353
356
349
338
357
358
359
346
361
364
363
366
345
365
344
368
369
354
337
367
370
372
373
355
376
379
375
380
352
381
371
386
360
385
382
384
378
374
393
351
390
387
397
392
395
388
398
396
401
377
383
402
362
400
391
399
394
412
408
409
411
404
407
389
410
414
417
406
422
418
403
415
424
405
416
413
431
419
430
429
420
436
425
421
426
435
432
433
440
444
428
439
446
427
423
434
451
449
447
454
448
438
456
455
441
445
453
437
459
464
463
442
452
457
469
466
470
472
462
450
473
458
467
477
478
475
480
481
474
468
471
482
484
485
488
479
491
486
443
487
492
476
489
483
496
465
493
460
500
461
504
497
502
507
506
508
505
499
490
513
512
511
498
494
514
495
503
518
520
509
515
522
510
521
527
530
528
524
531
534
533
535
537
501
516
532
541
526
525
536
545
540
542
547
546
543
539
519
538
517
551
550
553
544
555
556
548
549
561
564
552
562
529
559
560
570
563
568
572
558
573
569
557
554
577
566
575
580
579
523
576
578
574
582
589
585
587
591
571
567
565
584
597
586
588
583
595
601
581
596
603
593
606
608
605
602
610
604
599
600
594
607
615
592
612
609
598
618
619
616
622
611
627
628
626
624
630
614
625
590
617
621
620
636
623
613
631
629
632
634
635
638
633
637
646
647
650
651
645
652
655
641
649
657
648
639
644
643
663
660
661
664
654
667
665
658
653
668
669
642
671
674
662
676
678
673
675
680
672
684
656
679
670
677
686
687
688
689
693
690
666
694
659
681
698
691
700
692
640
682
701
703
706
695
696
699
708
704
683
709
697
716
702
712
711
713
718
720
719
714
724
717
725
715
727
685
722
729
730
733
732
710
707
705
734
721
728
735
739
740
736
741
743
737
742
744
747
751
749
726
755
752
750
754
745
753
761
746
731
748
738
766
764
758
769
723
768
756
763
757
760
772
775
774
762
770
767
773
783
778
785
780
782
771
781
790
787
765
791
776
792
784
788
759
797
798
789
796
795
777
803
805
801
807
794
793
810
811
802
809
815
799
814
813
819
806
820
821
786
818
822
812
804
808
827
800
826
823
830
831
816
834
829
832
828
833
825
840
839
824
844
843
838
841
817
837
779
845
842
849
855
836
835
846
852
858
860
848
856
861
850
854
851
857
847
859
862
870
867
863
874
875
853
864
865
878
869
871
882
876
880
886
866
888
879
885
868
890
892
889
881
883
877
898
895
873
901
891
893
872
897
902
884
908
887
906
900
909
912
899
903
914
896
894
916
910
919
918
911
917
921
922
905
928
915
926
925
931
923
930
924
932
935
907
920
933
927
934
938
936
904
946
945
929
947
944
937
951
949
952
953
941
955
954
957
943
961
939
959
964
962
966
965
967
942
969
958
948
972
940
956
970
963
978
913
950
977
971
980
960
979
985
981
987
989
982
984
973
993
974
991
994
986
990
992
983
998
1002
995
1001
999
997
1005
1004
1007
988
1000
1011
976
996
1010
1015
1014
1008
1006
1020
1017
1019
1023
1013
1021
975
1009
1018
1012
1022
1003
968
1016
1021
985
963
1015
1010
1016
1018
1019
989
1020
1023
1017
1022
1005
1014
1008
1012
999
1000
1006
1011
1004
1013
1007
994
1009
986
1001
941
979
998
995
1003
1002
997
992
964
993
991
996
967
990
984
988
983
978
982
980
987
973
981
950
976
946
977
975
974
971
968
960
969
972
945
962
966
970
957
952
961
958
965
944
959
951
955
919
943
954
953
956
949
948
932
928
947
925
921
918
942
917
937
890
933
934
938
940
939
929
936
897
935
930
910
924
931
914
927
904
923
926
922
899
915
879
920
906
912
916
913
891
908
907
903
905
911
909
898
902
900
892
867
870
889
901
895
893
887
883
896
884
894
861
876
885
874
882
878
888
886
877
841
872
881
853
880
868
864
848
873
862
875
869
871
859
858
825
849
830
866
865
845
855
863
860
857
854
836
852
851
856
843
847
839
842
850
846
837
829
844
833
835
831
832
821
811
840
838
819
824
806
822
834
827
796
808
828
826
787
823
816
814
817
812
815
820
818
802
782
813
809
810
764
794
798
807
803
774
784
805
795
799
804
800
801
789
781
792
797
786
772
791
785
793
788
790
759
777
725
780
779
783
765
778
768
776
771
770
753
775
773
762
747
769
758
767
754
760
761
755
766
763
756
738
749
757
748
744
736
734
740
735
752
751
742
750
746
698
741
745
739
731
723
743
730
737
726
733
732
729
717
728
715
716
720
691
719
711
702
727
724
721
722
714
682
718
713
712
696
708
706
703
710
709
697
707
688
693
701
694
695
705
704
700
699
678
672
681
692
686
680
683
675
631
690
689
684
687
650
685
666
661
652
674
668
679
648
676
677
657
670
673
665
671
607
669
667
663
660
651
664
662
653
659
658
647
627
645
656
655
654
603
632
642
646
649
640
643
641
644
634
624
578
635
636
639
630
623
638
637
625
629
620
633
628
605
599
617
608
610
626
621
616
622
619
600
593
615
618
614
611
609
613
579
612
589
602
606
588
594
604
598
597
570
577
601
582
596
572
585
569
595
590
586
592
591
574
566
557
587
580
584
583
576
581
568
571
527
573
539
567
575
555
561
564
562
565
549
545
551
563
558
560
552
547
556
559
548
554
553
528
543
538
502
542
550
508
546
532
541
544
540
529
537
525
511
535
533
536
530
519
534
515
514
531
526
524
522
505
476
523
520
521
513
518
517
516
512
496
509
498
504
503
501
506
510
495
507
500
475
493
499
478
488
497
484
466
465
494
489
458
490
491
486
492
480
460
487
485
456
483
482
472
481
459
479
463
473
474
477
469
461
468
471
451
470
462
443
457
467
464
455
435
430
440
447
450
446
418
454
453
429
452
437
448
441
432
449
444
419
434
445
442
407
403
426
439
438
436
431
433
410
427
420
422
428
415
359
421
425
411
424
423
414
380
408
405
391
417
416
402
406
413
396
412
409
404
371
399
397
386
384
401
394
400
398
388
385
395
387
393
389
382
367
392
379
390
375
383
381
361
353
378
376
377
374
351
365
354
357
373
369
370
364
372
368
360
347
366
328
339
362
352
363
358
356
349
346
355
344
348
350
345
329
342
278
337
338
335
343
296
336
340
333
332
341
325
322
321
318
327
313
334
310
326
331
330
314
312
323
324
320
316
315
319
309
317
307
279
300
303
302
311
305
299
308
306
272
301
285
275
286
304
298
288
289
293
291
265
297
295
294
292
290
284
266
283
287
277
281
269
282
280
268
267
276
274
204
273
252
264
258
270
237
271
257
247
256
263
262
261
259
260
248
243
251
250
254
240
185
255
249
231
253
235
238
227
244
246
239
228
245
242
220
210
241
229
232
226
236
233
234
184
230
219
225
201
221
139
218
222
223
224
214
206
208
217
212
216
211
190
215
213
188
189
209
197
198
200
207
205
199
202
203
192
191
195
182
183
193
196
194
176
175
179
171
148
180
174
187
186
166
167
177
181
169
178
163
155
161
164
172
173
146
157
170
165
168
153
160
162
147
156
131
150
159
137
144
158
152
151
149
154
128
138
134
141
98
121
136
140
145
133
143
142
132
135
130
124
129
117
122
120
116
123
113
127
105
125
126
97
109
102
114
104
118
119
93
111
100
77
115
112
107
108
106
110
88
91
81
95
76
103
99
87
101
96
92
84
51
94
73
68
89
48
80
90
85
82
86
78
83
74
79
62
67
47
72
61
75
53
71
64
70
58
66
45
69
44
65
63
46
41
57
60
56
50
59
40
55
54
52
34
15
24
38
36
49
31
37
42
19
43
21
30
39
9
18
25
1
35
28
0
33
32
29
27
22
10
20
26
4
23
5
14
2
17
7
6
16
8
13
11
3
12
8
6
16
3
0
11
15
17
20
7
19
18
21
14
22
12
26
10
2
25
30
27
24
13
33
28
37
4
32
43
39
42
31
35
47
5
36
23
50
1
49
40
45
46
58
44
57
29
41
51
54
56
65
62
64
48
70
52
72
63
68
53
61
34
60
66
77
71
59
55
76
81
9
67
84
89
74
75
82
38
91
78
92
79
90
85
93
99
100
80
98
69
86
104
102
108
97
111
87
109
113
114
107
73
115
88
103
96
116
120
119
122
118
127
128
126
124
95
106
105
133
125
134
101
110
123
131
121
138
117
130
144
132
112
145
135
149
141
142
129
147
136
153
156
146
94
157
160
159
83
140
163
164
148
158
166
168
143
154
170
155
174
173
167
178
179
169
181
165
150
172
184
161
176
182
151
187
190
188
175
177
171
137
197
198
196
186
191
200
199
185
189
192
204
152
195
183
201
139
209
193
207
211
203
210
194
213
219
220
206
221
208
162
205
228
217
214
227
225
224
223
226
222
230
235
215
216
241
229
218
212
202
245
236
237
244
250
233
246
253
243
232
231
255
256
248
252
249
239
261
254
240
260
234
242
258
269
263
180
262
267
273
275
266
272
279
259
278
282
238
251
283
268
280
284
274
281
287
264
265
291
286
276
288
285
296
289
295
290
301
277
299
298
257
293
271
305
297
270
308
292
300
306
294
309
310
307
319
302
317
320
304
321
324
328
312
315
311
303
322
329
327
314
326
325
335
333
332
336
339
342
316
313
247
334
348
347
337
344
345
354
323
318
352
343
353
356
355
357
341
338
346
340
366
367
349
358
362
369
363
365
350
372
368
359
330
377
374
380
378
370
385
384
375
373
376
388
361
371
331
386
360
383
381
387
396
351
382
402
364
389
394
401
391
379
393
390
398
392
412
406
405
404
416
395
410
417
408
420
415
419
413
424
425
421
427
422
429
418
428
407
399
432
411
426
409
414
441
439
442
431
397
437
444
447
443
445
436
434
438
453
451
455
435
449
456
430
448
457
462
463
440
446
403
460
466
452
459
472
450
467
473
464
454
458
469
477
465
474
480
483
468
479
482
470
471
487
461
481
433
475
494
478
423
489
492
488
400
491
486
493
496
503
490
506
508
484
502
485
495
514
500
516
513
517
507
501
509
522
523
519
525
498
511
510
512
530
520
528
533
524
531
518
534
505
515
499
504
527
539
540
542
536
529
546
544
497
541
549
543
554
555
548
532
537
552
545
556
535
526
547
521
538
551
564
561
476
571
559
573
566
570
569
562
576
560
567
580
577
575
565
584
572
587
568
585
579
582
581
583
586
591
592
550
588
594
599
574
590
593
598
553
600
589
596
604
606
563
605
558
601
607
609
603
602
612
613
595
622
615
578
608
610
625
611
628
621
557
630
627
620
635
631
619
626
636
616
639
618
640
597
642
634
641
638
629
617
633
651
653
646
644
649
650
652
657
658
637
623
647
654
643
663
667
659
645
614
660
666
655
669
664
656
677
665
673
679
632
681
661
676
671
668
683
688
684
648
662
680
687
674
624
682
689
685
692
678
695
693
700
690
670
698
675
707
708
703
702
697
696
710
714
716
712
704
709
672
720
722
718
721
706
726
727
699
717
715
724
725
732
729
733
730
737
711
731
701
686
713
723
694
740
743
735
739
734
745
738
746
719
736
750
748
749
753
747
744
759
762
761
764
691
760
742
765
769
768
754
705
757
772
773
741
774
767
775
755
771
758
782
781
785
783
779
784
751
788
787
790
766
763
793
789
777
752
797
791
786
796
778
795
802
728
799
803
805
792
809
808
807
812
800
801
804
810
815
776
820
756
814
770
817
823
824
821
806
798
829
819
822
813
825
833
830
811
794
818
832
780
834
837
841
816
826
840
842
850
847
839
853
851
845
836
849
844
856
828
843
838
858
827
864
862
848
831
857
868
835
867
873
872
852
869
855
861
859
874
865
878
883
877
866
871
875
882
870
879
876
880
846
886
894
860
890
896
893
887
892
854
901
881
900
903
895
885
907
902
910
911
908
863
913
914
884
899
888
919
909
912
920
897
922
917
925
891
926
898
930
932
906
918
934
928
924
916
921
937
905
942
931
904
938
923
947
946
935
939
929
933
945
950
949
952
927
915
943
960
941
889
959
964
956
944
958
940
969
967
971
966
936
954
972
973
977
951
978
970
975
953
963
980
984
955
961
979
974
985
987
976
965
962
989
992
983
948
981
988
995
994
993
999
986
1000
1001
957
990
1002
982
991
1004
1012
1010
968
1014
1006
1016
1017
1008
996
1018
1015
1021
997
1020
1009
1011
1003
1013
998
1023
1019
1005
1022
1007
963
1000
1021
1014
1022
1016
1012
971
1015
998
1001
1023
1018
950
1020
1017
1019
993
1010
1007
1006
1003
1004
991
989
1013
980
1011
1008
938
1009
1002
992
987
1005
977
973
999
997
995
988
994
983
996
981
962
990
969
936
959
984
982
955
986
985
975
972
979
931
976
978
953
970
974
927
965
967
876
968
945
966
957
943
964
960
961
928
942
956
941
949
958
948
952
951
954
946
875
932
910
893
933
947
937
944
940
935
923
929
939
934
915
925
921
919
930
917
892
920
922
924
916
926
874
907
912
904
850
890
918
914
908
913
900
911
899
909
898
905
901
838
903
891
906
895
894
902
887
869
885
884
897
896
888
889
881
848
879
870
886
847
865
880
882
868
883
872
862
878
858
877
871
867
873
864
836
861
840
863
826
856
846
854
866
852
857
859
860
837
803
822
853
855
841
849
844
851
845
842
830
811
843
839
805
832
828
792
823
829
835
799
814
824
834
833
821
831
827
816
817
807
790
819
825
771
818
787
820
810
815
806
780
797
808
801
813
812
778
804
774
809
802
767
789
757
800
751
776
793
795
798
794
796
762
791
740
784
786
785
739
788
765
779
769
777
783
781
782
775
772
773
711
758
759
724
755
770
768
756
760
748
750
766
764
763
752
761
698
744
734
729
749
754
745
733
753
743
714
735
742
747
730
746
738
732
727
736
741
731
722
717
737
716
728
699
710
656
713
721
664
723
726
725
706
707
720
719
718
660
701
712
693
696
715
697
709
705
690
684
708
702
673
704
655
700
703
668
689
680
683
694
688
685
671
695
675
692
691
687
677
670
672
678
686
669
679
681
682
641
653
648
676
674
658
665
663
649
667
657
662
644
666
661
624
635
652
628
613
659
650
654
638
651
637
636
614
643
646
642
647
632
633
645
627
630
639
640
595
631
623
606
629
615
557
583
634
588
618
622
620
625
626
609
596
577
608
598
621
619
603
617
616
611
600
612
587
599
605
610
586
604
607
591
602
594
592
597
601
561
585
574
589
575
516
542
569
593
581
567
590
582
578
573
572
558
584
579
564
580
571
554
550
565
576
568
570
560
562
563
559
566
555
539
536
540
533
489
551
545
556
553
544
522
534
549
541
527
552
547
548
538
524
546
532
543
529
498
523
525
535
537
531
512
530
501
528
510
511
504
488
517
509
526
520
519
518
515
495
521
472
476
483
508
514
513
468
499
507
490
503
496
505
492
506
502
497
494
500
477
458
493
482
485
466
491
479
450
487
460
481
462
486
432
484
431
475
455
435
454
480
478
473
449
463
474
471
453
457
470
469
467
464
459
465
461
452
446
405
440
448
439
438
456
389
441
451
436
383
447
415
443
437
442
444
445
434
426
425
429
433
428
406
430
419
424
416
408
396
427
420
390
412
417
398
413
423
421
422
414
411
410
418
393
402
409
378
365
399
407
380
403
395
397
401
404
385
377
364
400
381
345
386
394
363
368
362
392
388
391
387
375
384
369
382
354
372
371
373
334
376
379
359
374
367
338
357
370
343
353
366
350
356
358
346
328
361
327
360
337
268
352
303
355
342
347
340
323
349
351
335
348
341
333
339
344
317
325
331
336
329
330
321
285
310
332
315
306
311
326
304
314
320
307
309
322
324
316
318
291
270
319
305
295
308
302
283
313
312
250
293
288
301
298
239
300
299
281
289
275
294
287
292
297
296
279
280
225
290
273
272
284
286
276
249
282
274
277
269
265
266
278
245
264
244
255
246
271
259
267
262
229
253
263
248
251
252
260
256
261
258
257
194
240
223
247
254
242
241
238
235
217
236
243
174
211
234
232
233
237
230
227
231
202
219
204
221
149
228
215
226
208
216
222
218
224
206
220
192
209
213
212
203
214
142
210
193
205
189
207
197
187
200
199
196
195
198
159
201
110
175
177
183
188
180
190
191
181
186
184
150
185
139
178
162
182
172
145
146
179
171
167
168
165
176
173
170
153
169
157
124
163
155
151
166
164
160
115
152
161
123
158
156
141
154
132
140
136
128
138
131
84
148
147
130
143
144
137
135
99
101
113
117
134
127
86
118
133
121
125
129
112
88
95
126
111
108
103
122
120
85
119
102
79
116
97
114
106
107
96
109
100
77
64
104
105
98
43
90
82
76
83
59
81
91
92
94
93
68
87
78
89
75
72
60
66
80
61
52
71
36
62
47
29
69
73
74
57
28
67
70
53
30
65
63
55
26
58
46
54
8
56
10
42
40
50
51
49
44
45
48
35
20
41
38
22
39
37
7
34
23
32
18
15
33
31
14
25
3
27
19
11
21
13
2
6
24
12
4
0
17
9
5
16
1
15
18
2
9
11
4
10
14
23
6
22
1
19
27
16
7
21
35
29
25
20
32
31
34
26
42
12
38
30
46
8
40
24
48
3
52
43
54
33
47
17
5
36
39
49
45
0
41
60
66
51
63
13
62
65
64
50
73
70
57
67
28
72
81
80
77
56
69
61
44
78
74
59
84
83
79
91
85
95
87
68
99
97
76
90
101
100
75
89
88
55
96
109
53
107
94
110
113
102
114
37
118
58
71
86
120
108
103
104
111
122
82
128
129
93
119
123
121
105
136
112
115
130
140
137
133
144
143
135
124
145
147
116
117
139
98
131
132
146
151
153
158
154
157
92
160
156
165
138
127
161
134
168
169
155
106
173
162
152
177
174
148
172
180
181
175
142
141
183
164
184
150
163
190
167
188
189
159
182
178
149
185
126
171
195
192
166
194
206
200
179
191
176
125
193
211
213
186
197
203
198
202
210
196
187
222
208
219
224
217
199
204
218
212
227
225
207
228
235
237
233
215
226
231
230
205
241
245
170
232
214
242
238
248
252
220
229
236
223
247
253
249
255
260
250
216
258
243
240
264
268
244
254
251
221
257
261
246
266
273
274
269
272
281
234
280
265
271
284
282
278
276
201
267
283
290
293
279
291
287
297
299
285
275
289
296
292
288
270
302
300
306
262
263
286
295
311
308
316
209
317
318
256
314
321
322
323
319
294
324
328
259
304
277
298
333
303
325
305
329
330
301
331
310
320
313
339
341
309
326
315
337
239
345
351
353
344
348
343
342
352
355
349
336
338
340
334
364
354
362
366
369
361
365
307
373
332
312
357
376
371
335
356
368
382
347
358
380
327
346
378
388
381
383
375
385
367
359
392
377
398
389
396
399
363
387
400
370
404
384
408
394
393
402
411
397
372
391
390
350
360
410
379
407
395
413
403
422
405
406
416
386
424
430
429
418
419
423
431
427
415
428
436
437
414
421
441
435
434
374
443
409
425
401
426
450
417
433
420
447
446
439
452
445
455
456
464
449
461
459
438
451
462
470
468
465
473
458
412
448
463
467
480
466
457
460
478
472
476
475
485
444
487
471
474
484
488
440
477
479
492
486
489
482
453
491
481
469
499
483
503
498
490
505
496
454
508
506
510
516
512
514
495
442
509
504
500
494
515
519
502
521
527
517
511
520
497
432
525
528
526
524
533
530
522
534
507
523
518
531
536
540
546
493
539
551
544
501
548
556
545
529
559
552
543
553
513
564
550
542
541
555
549
563
535
561
537
532
565
567
538
554
566
568
582
560
562
578
579
569
580
588
590
589
592
557
583
577
585
573
584
596
558
593
572
595
571
600
602
591
606
586
599
594
575
597
611
615
547
605
618
614
616
598
609
617
621
612
626
570
608
603
630
574
620
633
610
576
604
622
619
631
607
639
642
627
624
637
634
643
628
623
648
587
625
652
654
581
647
653
656
638
636
601
659
655
651
635
641
613
663
629
646
660
661
668
632
650
666
640
677
649
671
678
667
683
672
644
665
682
674
670
673
675
681
687
684
692
688
697
695
690
669
645
662
703
698
686
685
693
704
705
676
689
711
708
699
710
679
664
718
714
680
691
715
696
716
712
721
722
709
713
706
717
657
725
700
732
730
694
728
727
738
719
720
658
729
707
743
733
735
749
723
747
748
726
754
734
724
737
740
742
753
752
762
744
761
751
701
758
766
763
759
757
756
771
764
772
769
745
760
746
778
741
755
779
768
777
702
776
739
773
789
750
774
784
775
795
781
793
783
788
800
785
736
796
801
780
791
787
805
767
803
798
807
770
814
731
804
812
799
809
790
810
818
806
823
797
819
817
820
829
816
824
802
821
782
833
831
815
765
794
832
825
813
842
830
808
841
834
792
822
828
839
826
846
850
835
847
853
856
844
840
843
859
838
786
852
857
811
861
851
845
858
863
827
869
873
870
866
860
876
848
865
864
880
881
884
849
879
886
855
854
874
891
885
889
875
890
862
893
895
837
872
883
894
896
905
904
836
887
900
903
898
877
906
888
899
868
867
901
878
918
912
902
908
914
892
915
921
920
928
923
917
911
922
929
907
934
925
916
897
940
913
935
882
931
926
924
942
947
938
939
944
936
871
943
910
909
957
927
945
933
949
958
951
956
959
919
953
952
968
948
941
963
960
930
972
970
977
975
955
976
971
966
978
983
950
973
932
967
964
974
988
981
989
980
961
996
946
969
962
990
1001
991
954
1004
1000
985
993
979
1007
1010
1011
998
995
1005
1013
1009
987
1008
997
1014
992
1017
1016
1012
999
1002
984
1015
982
994
1022
1021
1018
965
1006
1023
937
986
1019
1020
1003
1021
1013
953
1018
1015
1023
1007
1010
994
1002
1003
1009
1012
1019
1022
1011
995
972
1004
1017
1006
1020
1016
990
984
1005
998
1008
1014
991
1000
957
952
996
997
976
992
993
937
980
1001
987
963
999
988
985
986
961
944
989
968
960
945
978
982
973
983
955
956
923
942
971
981
979
977
958
962
974
975
966
969
970
964
967
965
949
951
918
959
915
948
940
925
802
954
887
936
929
933
909
947
926
943
950
946
941
938
935
934
939
890
910
931
927
891
916
920
928
932
922
860
904
924
930
905
895
911
893
862
921
919
917
913
849
914
908
907
898
855
888
899
912
902
906
868
847
883
903
901
885
889
900
875
894
897
848
896
892
879
840
886
884
871
880
878
854
869
876
861
870
881
882
843
866
877
856
863
859
873
874
872
853
857
864
867
836
827
865
737
822
852
833
846
834
807
858
851
850
839
832
829
779
828
830
845
844
837
842
841
820
835
769
838
824
787
821
805
818
810
819
831
826
813
814
811
781
825
746
823
786
815
794
808
765
817
816
792
803
784
809
812
799
777
800
795
778
804
806
785
797
780
798
801
796
793
789
775
783
776
770
759
790
791
764
760
788
750
732
782
756
774
747
766
755
748
757
773
731
771
678
772
738
763
768
647
767
761
762
752
758
749
742
674
754
717
751
753
709
730
735
736
721
727
744
700
741
740
745
743
739
719
726
699
733
706
734
729
725
701
712
728
723
718
710
722
703
724
711
720
715
713
708
707
698
714
716
688
705
693
697
695
682
676
658
673
704
690
668
679
683
694
702
680
687
686
665
675
696
689
671
692
691
685
684
663
660
566
677
681
651
618
646
632
662
666
641
672
669
664
592
655
670
648
645
667
654
624
657
661
653
659
631
650
617
628
649
656
629
652
627
642
638
644
576
602
640
634
621
637
626
643
635
615
639
616
625
633
636
620
613
630
590
593
601
622
619
611
606
623
614
564
610
543
577
588
603
600
604
607
612
605
609
596
573
598
608
586
599
548
567
570
591
585
595
594
597
580
584
583
587
521
589
581
542
560
561
582
525
575
555
574
565
563
579
547
578
571
572
559
545
504
554
568
569
562
501
551
553
557
540
511
558
509
541
549
556
536
522
552
544
539
529
538
550
546
535
512
534
533
503
530
493
520
532
449
537
505
524
526
506
523
531
489
528
518
460
527
482
519
498
508
513
515
483
494
517
516
469
510
514
502
507
478
481
431
475
500
496
479
491
484
499
457
495
497
490
492
472
474
473
487
486
485
471
462
488
480
438
476
455
466
477
465
432
453
445
444
459
423
456
468
412
461
470
463
442
467
436
441
464
421
439
448
454
450
458
435
443
426
451
409
452
430
440
446
447
401
396
405
427
392
429
414
415
437
420
365
433
411
434
425
410
390
354
428
407
422
418
398
424
416
402
419
380
413
400
417
408
389
374
361
323
375
404
371
391
394
406
397
388
403
399
381
384
395
373
393
379
387
382
369
383
386
322
352
376
359
377
385
341
347
366
368
363
378
372
346
343
353
319
355
370
356
364
324
360
367
344
338
318
358
362
357
317
313
339
334
333
280
349
350
345
351
348
340
291
332
330
329
342
331
293
335
336
337
307
327
316
308
328
314
296
284
320
310
325
326
269
311
315
251
321
306
228
299
246
283
312
302
300
277
279
309
304
301
274
303
275
305
253
298
292
285
273
290
288
297
286
295
294
255
252
278
289
287
271
276
224
266
262
281
282
272
225
249
265
268
248
270
261
237
233
267
214
263
235
247
220
264
209
258
242
260
257
