1000 1
1
1
1
0
0
1
0
1
0
1
1
0
0
1
0
1
1
0
0
1
1
0
0
0
1
0
1
1
1
0
0
0
0
1
0
1
0
0
1
1
0
1
1
1
0
1
0
1
1
0
1
0
1
0
1
1
1
0
0
0
1
1
1
1
1
0
0
0
0
0
0
1
1
1
0
1
1
0
0
1
0
1
0
1
0
0
0
1
0
1
0
0
0
0
1
1
0
0
1
0
0
1
0
0
1
0
0
0
1
0
0
0
1
0
1
0
1
1
1
1
1
0
1
0
1
0
0
1
1
0
1
0
0
1
0
1
0
1
1
0
0
1
1
0
1
0
0
1
1
0
1
0
1
1
0
0
0
0
1
0
0
1
1
0
0
0
0
1
1
1
1
1
1
0
0
0
1
0
1
0
1
1
0
0
1
1
0
1
1
1
0
1
1
0
1
0
0
0
1
0
1
1
0
1
0
1
1
0
0
1
0
0
0
1
0
0
1
0
0
1
0
1
0
0
1
1
0
1
1
1
0
1
1
1
0
1
1
0
0
1
1
0
1
0
1
0
0
1
1
1
1
1
0
1
0
0
1
1
0
1
0
0
0
0
0
1
0
0
1
0
1
1
0
1
1
0
0
1
0
1
1
1
0
1
1
0
0
0
1
1
1
1
1
1
0
1
0
1
0
0
0
0
1
0
1
0
1
0
0
0
0
0
0
0
1
1
0
0
1
0
1
1
1
1
0
1
1
1
1
1
0
1
1
1
1
1
0
0
0
1
0
1
1
0
1
0
0
0
1
1
0
0
0
1
0
1
0
0
1
1
1
1
1
1
0
1
1
1
0
1
0
0
1
1
0
1
1
0
0
1
0
0
0
1
0
1
0
1
0
0
0
0
1
1
1
1
1
1
0
0
1
1
1
0
0
1
0
0
0
1
0
1
0
1
1
0
1
0
1
1
1
1
1
0
0
1
1
0
0
1
0
1
0
1
1
1
0
0
1
0
0
0
1
0
0
1
1
1
0
1
1
1
0
1
0
0
0
1
0
1
0
1
1
0
1
1
1
1
1
1
1
0
0
1
1
0
1
0
1
0
0
1
1
1
0
0
0
0
0
0
1
0
0
1
1
0
0
1
1
0
1
1
0
0
1
1
1
1
1
0
0
1
0
0
1
1
0
0
0
1
1
0
1
1
0
1
0
0
1
0
1
1
0
1
1
1
1
0
0
1
1
1
0
1
1
0
0
1
1
1
0
1
0
0
1
1
1
0
0
0
0
0
1
0
1
1
1
0
0
0
0
0
0
0
0
0
1
0
1
1
1
0
0
1
1
0
1
0
0
0
0
0
0
0
1
0
1
0
0
1
1
0
1
1
0
1
0
0
0
0
0
1
1
0
1
0
0
1
0
0
0
1
0
1
1
1
1
0
1
1
1
1
1
1
1
1
1
0
0
0
1
0
0
0
1
0
1
0
0
0
0
0
1
1
0
1
0
1
1
1
0
0
0
0
1
1
0
1
1
0
0
0
0
1
0
0
0
0
0
0
0
0
1
1
0
0
1
1
0
1
0
1
0
0
0
1
1
0
1
1
0
1
1
0
1
1
1
0
0
1
0
1
1
1
1
0
0
1
1
1
0
1
1
1
1
0
1
0
0
1
0
1
1
0
1
1
1
0
1
1
0
0
1
1
0
1
1
1
1
1
0
0
0
1
1
1
1
0
1
1
1
0
1
0
1
0
1
1
1
0
0
0
0
1
1
0
0
0
0
0
0
1
0
0
0
0
0
0
0
0
0
1
1
1
1
1
0
0
0
1
0
0
0
0
1
0
1
1
0
1
0
1
1
1
1
0
1
0
0
0
1
1
1
0
1
0
1
1
0
0
1
0
0
1
1
1
1
1
0
0
1
0
1
0
0
0
1
0
1
0
0
0
1
0
0
0
0
1
1
0
0
0
1
0
1
0
0
0
0
1
1
0
0
1
0
0
0
0
0
1
0
0
1
0
1
1
0
0
0
1
1
0
1
1
0
0
1
1
1
0
1
0
0
1
0
0
1
0
1
1
1
0
1
1
0
1
1
0
0
1
0
0
0
0
1
1
1
0
0
1
0
1
1
0
1
0
0
0
0
1
0
1
1
0
1
0
1
1
0
1
1
0
0
0
1
1
0
0
1
0
1
1
1
1
1
0
0
0
1
0
0
1
0
0
1
1
1
0
0
1
0
1
1
1
1
1
1
1
1
0
1
0
0
1
0
0
1
0
1
0
10000
519 1 261
334 1 309
494 1 131
419 1 354
267 1 243
756 1 226
529 1 155
3 1 380
959 1 401
294 1 141
315 1 148
504 1 442
613 1 113
544 1 441
598 1 9
515 1 465
332 1 277
658 1 373
958 1 181
966 1 176
249 1 292
854 1 490
142 1 14
908 1 160
803 1 426
749 1 43
261 1 163
517 1 413
953 1 357
458 1 275
933 1 174
183 1 371
973 1 487
147 1 133
991 1 366
521 1 218
165 1 92
543 1 331
641 1 387
318 1 493
757 1 26
533 1 426
146 1 219
94 1 351
415 1 268
971 1 23
854 1 424
853 1 182
145 1 194
914 1 229
377 1 119
310 1 202
444 1 328
974 1 216
721 1 28
267 1 342
146 1 474
20 1 226
762 1 262
403 1 342
826 1 204
828 1 9
729 1 396
505 1 439
141 1 433
254 1 402
935 1 269
181 1 201
252 1 196
581 1 280
673 1 400
228 1 356
276 1 87
154 1 390
895 1 140
614 1 63
678 1 205
801 1 491
269 1 458
714 1 77
471 1 218
427 1 170
74 1 266
552 1 96
648 1 397
596 1 28
842 1 84
710 1 314
977 1 312
842 1 159
134 1 263
741 1 447
213 1 20
133 1 286
996 1 427
593 1 50
367 1 359
43 1 37
678 1 197
911 1 233
904 1 351
472 1 193
821 1 110
258 1 77
762 1 5
737 1 225
214 1 392
356 1 134
71 1 187
151 1 79
316 1 165
331 1 293
72 1 385
563 1 235
549 1 384
775 1 214
246 1 478
663 1 222
368 1 374
454 1 349
998 1 3
558 1 21
654 1 338
497 1 166
809 1 145
510 1 209
63 1 155
866 1 430
766 1 379
262 1 33
51 1 375
680 1 2
267 1 367
958 1 2
1000 1 160
342 1 224
837 1 126
522 1 466
207 1 302
587 1 315
79 1 319
609 1 276
247 1 337
161 1 359
107 1 242
182 1 125
402 1 221
570 1 498
25 1 118
593 1 74
807 1 224
584 1 286
27 1 160
928 1 471
830 1 334
381 1 284
204 1 327
582 1 199
748 1 446
416 1 277
964 1 160
980 1 18
132 1 184
394 1 156
595 1 206
46 1 149
180 1 288
539 1 65
76 1 237
16 1 189
967 1 258
904 1 358
579 1 336
249 1 293
98 1 214
710 1 473
476 1 212
811 1 388
544 1 2
66 1 496
342 1 438
583 1 299
339 1 241
606 1 356
955 1 296
690 1 292
326 1 62
178 1 159
958 1 253
462 1 353
236 1 268
548 1 303
647 1 310
7 1 494
463 1 166
404 1 29
72 1 80
438 1 425
886 1 312
230 1 384
827 1 26
434 1 321
880 1 304
426 1 264
967 1 233
956 1 86
442 1 428
643 1 369
921 1 475
244 1 249
386 1 287
855 1 91
239 1 47
170 1 24
517 1 3
556 1 17
697 1 76
540 1 288
118 1 163
277 1 63
692 1 164
846 1 188
761 1 19
661 1 436
670 1 91
6 1 92
339 1 11
845 1 292
392 1 354
378 1 109
811 1 469
331 1 447
435 1 337
338 1 19
254 1 29
309 1 79
28 1 410
21 1 151
960 1 325
832 1 389
341 1 351
685 1 400
242 1 23
993 1 377
601 1 163
12 1 235
629 1 399
799 1 351
510 1 287
167 1 137
511 1 297
992 1 72
2 1 402
409 1 208
693 1 451
488 1 454
596 1 420
334 1 338
583 1 6
39 1 417
581 1 18
983 1 137
731 1 397
292 1 434
834 1 145
709 1 335
680 1 243
689 1 26
355 1 213
249 1 426
605 1 253
65 1 313
171 1 279
293 1 256
305 1 191
417 1 374
566 1 257
29 1 315
747 1 3
358 1 204
599 1 67
967 1 86
68 1 173
508 1 123
41 1 431
219 1 27
98 1 493
362 1 364
766 1 12
187 1 45
323 1 57
904 1 277
434 1 372
159 1 443
988 1 397
594 1 342
253 1 197
939 1 5
119 1 2
427 1 165
338 1 395
346 1 479
948 1 282
854 1 215
976 1 288
980 1 203
723 1 471
483 1 245
509 1 180
795 1 212
232 1 18
607 1 322
254 1 79
751 1 312
401 1 147
334 1 371
838 1 58
107 1 193
83 1 462
385 1 418
506 1 495
689 1 381
906 1 332
250 1 428
507 1 328
51 1 255
819 1 181
902 1 434
151 1 120
45 1 63
756 1 428
307 1 179
652 1 367
339 1 327
183 1 172
258 1 192
592 1 402
682 1 94
39 1 108
149 1 466
389 1 218
91 1 23
347 1 83
364 1 355
770 1 466
774 1 410
687 1 239
224 1 276
798 1 285
960 1 316
962 1 92
394 1 267
478 1 110
973 1 69
45 1 222
2 1 367
936 1 169
506 1 427
704 1 204
100 1 136
780 1 298
98 1 392
271 1 73
524 1 65
242 1 367
244 1 266
123 1 379
69 1 235
873 1 168
632 1 242
822 1 143
748 1 377
299 1 160
724 1 278
587 1 103
779 1 156
522 1 373
871 1 117
18 1 419
180 1 197
823 1 340
869 1 35
190 1 172
272 1 33
221 1 256
253 1 455
217 1 374
199 1 488
22 1 276
531 1 149
618 1 103
687 1 384
71 1 104
911 1 436
870 1 71
943 1 228
85 1 424
685 1 160
24 1 166
181 1 386
728 1 412
347 1 85
621 1 394
746 1 338
38 1 142
418 1 148
632 1 252
652 1 50
693 1 253
122 1 365
743 1 495
727 1 380
773 1 201
783 1 141
96 1 126
767 1 407
215 1 338
93 1 96
432 1 128
168 1 44
34 1 56
677 1 315
807 1 163
210 1 124
43 1 41
504 1 306
676 1 447
896 1 333
629 1 87
922 1 383
79 1 39
591 1 431
663 1 484
18 1 441
616 1 140
10 1 273
725 1 450
996 1 94
464 1 460
930 1 458
403 1 407
172 1 427
478 1 116
90 1 78
583 1 179
425 1 42
520 1 279
566 1 397
517 1 299
741 1 450
705 1 262
915 1 29
986 1 346
2 1 141
365 1 337
101 1 34
200 1 500
122 1 40
599 1 322
517 1 79
424 1 201
766 1 4
278 1 11
961 1 91
620 1 136
317 1 320
446 1 97
834 1 96
222 1 448
492 1 485
673 1 232
285 1 12
661 1 414
110 1 390
348 1 352
346 1 391
911 1 12
375 1 188
886 1 353
679 1 114
143 1 378
187 1 368
521 1 265
604 1 483
41 1 407
583 1 19
428 1 472
883 1 297
246 1 147
436 1 146
154 1 320
247 1 404
374 1 255
262 1 411
449 1 341
512 1 237
581 1 4
381 1 353
770 1 432
697 1 183
282 1 92
446 1 373
831 1 356
3 1 141
266 1 221
802 1 422
101 1 202
792 1 412
232 1 265
5 1 273
105 1 492
923 1 483
179 1 486
772 1 493
756 1 415
789 1 293
582 1 38
722 1 141
879 1 55
872 1 472
420 1 152
974 1 238
137 1 140
819 1 390
79 1 262
251 1 337
595 1 280
469 1 31
318 1 401
131 1 151
760 1 60
845 1 116
798 1 344
675 1 477
877 1 465
57 1 449
476 1 244
766 1 38
6 1 354
376 1 291
537 1 460
855 1 209
243 1 115
917 1 243
978 1 138
990 1 52
356 1 170
962 1 116
823 1 162
333 1 239
817 1 445
369 1 16
445 1 292
539 1 191
635 1 489
726 1 18
634 1 430
969 1 386
34 1 96
117 1 144
522 1 207
214 1 340
856 1 152
712 1 358
550 1 314
255 1 212
962 1 224
59 1 105
32 1 259
527 1 290
186 1 141
55 1 103
65 1 115
886 1 64
790 1 237
331 1 285
76 1 332
70 1 242
291 1 292
11 1 197
459 1 248
137 1 3
291 1 225
134 1 98
531 1 94
113 1 78
810 1 361
304 1 371
731 1 126
873 1 245
780 1 286
923 1 257
61 1 450
469 1 211
902 1 475
543 1 97
569 1 46
166 1 389
997 1 435
488 1 46
212 1 431
549 1 304
965 1 222
915 1 487
936 1 184
149 1 213
753 1 399
727 1 142
221 1 244
689 1 359
775 1 7
339 1 328
158 1 92
906 1 71
832 1 8
558 1 289
830 1 498
23 1 389
428 1 455
574 1 66
584 1 415
661 1 29
480 1 103
7 1 186
781 1 248
542 1 306
103 1 121
738 1 177
536 1 433
95 1 119
854 1 33
896 1 429
850 1 21
744 1 279
881 1 253
817 1 498
744 1 426
890 1 495
696 1 290
816 1 35
542 1 118
829 1 493
404 1 360
457 1 46
389 1 334
210 1 425
560 1 438
274 1 280
244 1 410
332 1 449
729 1 244
790 1 8
545 1 93
517 1 205
287 1 118
36 1 490
729 1 117
957 1 217
932 1 183
304 1 366
310 1 185
729 1 181
936 1 359
144 1 244
863 1 405
341 1 84
221 1 67
754 1 327
597 1 442
504 1 37
11 1 124
605 1 119
198 1 24
386 1 465
767 1 457
948 1 273
151 1 111
443 1 188
462 1 95
523 1 361
691 1 291
410 1 155
112 1 325
123 1 29
203 1 223
880 1 84
437 1 253
82 1 323
17 1 485
772 1 347
494 1 281
438 1 72
763 1 191
104 1 168
176 1 174
507 1 92
314 1 116
317 1 459
333 1 40
736 1 239
559 1 84
641 1 500
23 1 127
131 1 101
29 1 229
89 1 23
854 1 43
939 1 86
533 1 55
993 1 112
805 1 272
347 1 25
697 1 371
379 1 1
734 1 257
68 1 107
742 1 13
493 1 285
41 1 87
679 1 28
536 1 209
601 1 78
645 1 86
87 1 143
494 1 417
689 1 27
23 1 378
506 1 469
385 1 137
329 1 405
7 1 264
250 1 365
670 1 153
637 1 131
461 1 5
826 1 223
747 1 178
606 1 435
268 1 467
40 1 205
947 1 80
444 1 36
112 1 369
594 1 473
461 1 110
210 1 143
565 1 261
533 1 292
32 1 288
358 1 287
272 1 151
289 1 381
420 1 372
807 1 413
893 1 249
62 1 226
530 1 153
243 1 145
512 1 63
814 1 471
789 1 477
249 1 316
570 1 370
89 1 28
255 1 381
898 1 466
878 1 196
652 1 469
986 1 351
524 1 257
711 1 188
873 1 84
131 1 331
261 1 443
951 1 15
892 1 444
783 1 263
396 1 199
515 1 3
798 1 77
46 1 143
628 1 238
106 1 362
1000 1 3
310 1 21
748 1 247
611 1 163
747 1 482
573 1 161
773 1 407
52 1 324
740 1 447
282 1 213
41 1 73
742 1 342
736 1 232
367 1 334
922 1 97
609 1 97
400 1 42
682 1 72
299 1 368
813 1 458
40 1 164
843 1 163
238 1 96
920 1 242
694 1 351
271 1 289
947 1 415
849 1 68
753 1 420
510 1 83
837 1 353
667 1 75
438 1 442
184 1 203
954 1 210
416 1 58
171 1 447
42 1 210
227 1 371
398 1 309
480 1 107
503 1 458
227 1 93
772 1 189
284 1 415
814 1 326
733 1 32
518 1 459
771 1 75
805 1 475
969 1 47
538 1 244
30 1 207
849 1 136
910 1 167
975 1 255
946 1 127
949 1 424
406 1 6
677 1 11
993 1 14
330 1 257
512 1 202
241 1 1
46 1 178
577 1 381
967 1 316
405 1 48
479 1 245
721 1 169
87 1 36
940 1 80
586 1 25
65 1 320
897 1 177
749 1 106
805 1 64
573 1 359
509 1 486
643 1 131
363 1 390
240 1 453
995 1 273
548 1 139
810 1 387
146 1 129
508 1 36
928 1 9
520 1 30
638 1 85
178 1 88
410 1 151
502 1 405
469 1 348
41 1 36
250 1 267
810 1 7
197 1 159
746 1 171
518 1 484
826 1 87
927 1 271
884 1 145
663 1 211
392 1 249
660 1 60
844 1 481
439 1 85
848 1 138
110 1 466
551 1 440
514 1 361
298 1 111
328 1 164
605 1 34
278 1 49
723 1 320
109 1 150
542 1 182
701 1 160
404 1 437
338 1 362
248 1 16
323 1 171
284 1 106
413 1 200
184 1 195
108 1 2
286 1 142
95 1 197
933 1 45
932 1 273
240 1 144
131 1 177
927 1 399
591 1 401
679 1 333
551 1 206
242 1 100
762 1 384
975 1 30
766 1 333
522 1 302
474 1 143
512 1 466
360 1 390
46 1 259
762 1 282
640 1 323
908 1 45
264 1 235
38 1 168
658 1 352
487 1 157
854 1 156
210 1 175
648 1 453
280 1 390
493 1 292
104 1 475
851 1 310
905 1 363
151 1 104
515 1 420
755 1 44
174 1 292
653 1 219
58 1 364
674 1 308
851 1 487
752 1 75
666 1 484
902 1 156
534 1 301
846 1 1
179 1 231
721 1 389
757 1 397
203 1 337
371 1 213
407 1 273
757 1 92
657 1 156
548 1 40
1 1 88
969 1 460
610 1 228
807 1 307
270 1 405
559 1 316
163 1 373
16 1 469
244 1 411
545 1 44
185 1 93
878 1 333
669 1 195
482 1 304
239 1 134
594 1 40
145 1 227
77 1 208
400 1 45
650 1 114
643 1 341
324 1 14
521 1 278
906 1 465
20 1 139
112 1 137
280 1 121
170 1 14
591 1 214
295 1 132
500 1 333
323 1 84
171 1 427
479 1 494
93 1 133
936 1 261
582 1 66
633 1 271
403 1 259
246 1 59
693 1 336
84 1 265
156 1 37
128 1 209
913 1 447
347 1 333
556 1 87
42 1 252
549 1 290
978 1 154
840 1 138
190 1 248
591 1 488
572 1 33
508 1 158
160 1 211
269 1 195
770 1 266
120 1 406
379 1 229
840 1 330
797 1 305
445 1 346
811 1 374
978 1 73
156 1 300
653 1 277
423 1 60
3 1 146
753 1 325
625 1 232
355 1 13
500 1 222
291 1 411
282 1 421
775 1 3
79 1 399
675 1 217
735 1 52
291 1 38
312 1 232
463 1 18
332 1 375
27 1 367
932 1 119
968 1 223
526 1 101
638 1 465
500 1 400
851 1 285
88 1 163
350 1 397
119 1 155
73 1 159
43 1 368
232 1 97
851 1 118
706 1 89
182 1 233
304 1 232
754 1 399
108 1 397
783 1 47
88 1 325
596 1 469
335 1 360
566 1 407
754 1 273
707 1 222
746 1 203
919 1 175
106 1 175
819 1 224
520 1 294
671 1 386
465 1 215
59 1 442
66 1 206
193 1 9
686 1 297
502 1 137
322 1 43
511 1 121
501 1 255
37 1 406
90 1 242
730 1 256
112 1 38
927 1 26
24 1 97
879 1 465
858 1 285
124 1 296
271 1 12
354 1 48
127 1 230
874 1 187
114 1 457
732 1 163
28 1 219
330 1 319
95 1 367
956 1 282
648 1 106
170 1 319
821 1 312
457 1 171
757 1 200
685 1 481
296 1 12
67 1 196
357 1 326
881 1 81
749 1 227
817 1 140
647 1 442
54 1 382
632 1 454
498 1 2
862 1 168
349 1 113
831 1 295
911 1 428
728 1 311
948 1 240
854 1 141
705 1 157
101 1 129
551 1 155
174 1 229
659 1 130
783 1 152
831 1 113
109 1 52
456 1 485
793 1 429
655 1 361
266 1 330
776 1 432
188 1 436
951 1 30
164 1 258
858 1 265
15 1 245
694 1 496
898 1 18
193 1 173
26 1 320
481 1 169
237 1 314
590 1 403
345 1 88
806 1 301
539 1 112
423 1 155
600 1 365
186 1 324
555 1 431
328 1 439
468 1 266
839 1 358
204 1 217
201 1 92
796 1 451
604 1 354
149 1 450
506 1 395
129 1 473
575 1 380
124 1 366
596 1 264
61 1 212
352 1 459
701 1 310
62 1 386
938 1 10
89 1 279
468 1 111
76 1 206
442 1 424
975 1 450
12 1 93
456 1 253
739 1 485
653 1 12
239 1 146
997 1 477
394 1 254
976 1 245
514 1 102
784 1 487
591 1 48
58 1 214
24 1 496
138 1 132
895 1 414
471 1 377
895 1 485
18 1 477
849 1 325
303 1 357
382 1 227
193 1 398
232 1 218
857 1 82
538 1 276
344 1 329
224 1 386
383 1 245
524 1 206
190 1 105
30 1 378
878 1 361
548 1 215
270 1 207
815 1 143
502 1 311
411 1 49
928 1 97
298 1 72
739 1 314
398 1 26
183 1 269
638 1 447
330 1 329
883 1 368
571 1 221
885 1 465
533 1 394
357 1 383
636 1 173
93 1 175
824 1 59
498 1 249
681 1 339
708 1 220
15 1 340
197 1 167
14 1 346
673 1 266
95 1 146
962 1 434
511 1 13
225 1 207
488 1 300
730 1 497
161 1 472
25 1 313
268 1 111
304 1 239
610 1 143
394 1 26
91 1 377
337 1 283
639 1 378
157 1 56
985 1 492
208 1 261
72 1 433
288 1 484
702 1 128
857 1 475
646 1 411
897 1 70
429 1 123
767 1 76
938 1 217
109 1 297
695 1 126
549 1 98
842 1 460
209 1 4
500 1 192
960 1 182
38 1 258
549 1 449
196 1 264
311 1 17
997 1 332
94 1 102
844 1 437
444 1 75
85 1 275
584 1 443
513 1 438
265 1 81
764 1 444
551 1 22
838 1 131
202 1 385
290 1 230
534 1 71
460 1 459
750 1 463
99 1 16
86 1 115
959 1 460
811 1 342
211 1 282
724 1 380
750 1 459
361 1 159
806 1 164
288 1 469
231 1 151
15 1 230
832 1 109
425 1 314
738 1 373
48 1 450
351 1 98
912 1 417
744 1 252
201 1 166
269 1 498
538 1 11
202 1 396
586 1 377
427 1 280
109 1 425
862 1 1
416 1 369
768 1 129
936 1 110
804 1 146
603 1 312
633 1 486
393 1 341
19 1 471
633 1 141
655 1 136
503 1 120
289 1 129
620 1 148
731 1 200
136 1 334
268 1 51
976 1 359
206 1 222
212 1 342
89 1 329
938 1 33
677 1 83
899 1 422
285 1 387
947 1 471
878 1 235
132 1 176
13 1 477
347 1 307
17 1 404
344 1 409
797 1 402
96 1 464
301 1 129
600 1 274
217 1 13
781 1 382
928 1 312
254 1 346
790 1 302
275 1 191
251 1 6
424 1 485
464 1 484
705 1 125
239 1 460
17 1 370
621 1 54
832 1 283
236 1 138
462 1 159
142 1 111
551 1 374
388 1 273
198 1 242
866 1 325
610 1 65
768 1 290
756 1 248
211 1 170
575 1 76
842 1 124
128 1 263
240 1 137
884 1 26
247 1 78
76 1 142
118 1 22
661 1 308
265 1 395
608 1 289
294 1 423
479 1 87
553 1 237
867 1 371
818 1 20
252 1 316
309 1 463
998 1 410
604 1 140
688 1 242
737 1 484
787 1 335
26 1 358
217 1 160
788 1 391
548 1 216
517 1 116
401 1 482
347 1 438
240 1 210
108 1 153
377 1 295
731 1 491
472 1 336
186 1 260
737 1 308
282 1 497
840 1 179
138 1 247
591 1 145
106 1 269
579 1 348
903 1 63
324 1 469
632 1 309
158 1 404
893 1 318
181 1 272
741 1 68
619 1 362
925 1 363
553 1 234
208 1 357
753 1 72
40 1 158
414 1 230
227 1 53
991 1 287
541 1 204
35 1 101
633 1 239
397 1 391
644 1 47
830 1 252
358 1 83
788 1 239
291 1 329
758 1 52
226 1 226
479 1 138
862 1 174
568 1 38
84 1 299
621 1 27
194 1 441
964 1 269
287 1 458
247 1 225
492 1 265
456 1 109
450 1 91
163 1 439
625 1 428
815 1 219
353 1 498
451 1 442
867 1 390
594 1 390
979 1 165
895 1 378
436 1 340
919 1 428
540 1 2
153 1 306
478 1 401
385 1 268
228 1 135
805 1 245
976 1 389
981 1 78
228 1 39
37 1 374
178 1 212
533 1 422
920 1 471
195 1 87
479 1 1
747 1 160
613 1 385
573 1 382
453 1 148
107 1 500
539 1 231
737 1 200
662 1 497
922 1 289
904 1 185
793 1 176
945 1 283
749 1 279
8 1 71
374 1 165
575 1 60
500 1 383
871 1 414
402 1 192
672 1 337
691 1 413
438 1 92
643 1 374
544 1 473
574 1 151
471 1 486
615 1 210
245 1 331
574 1 479
898 1 87
105 1 324
392 1 88
877 1 59
631 1 153
623 1 52
216 1 79
218 1 422
799 1 325
392 1 196
802 1 499
894 1 195
334 1 8
828 1 439
999 1 281
850 1 284
12 1 421
288 1 439
20 1 114
745 1 161
902 1 326
529 1 218
540 1 166
895 1 328
346 1 316
404 1 10
117 1 454
107 1 6
351 1 299
211 1 386
126 1 446
670 1 113
931 1 337
394 1 481
142 1 50
650 1 424
865 1 301
396 1 422
483 1 165
131 1 5
533 1 450
756 1 27
865 1 114
604 1 269
695 1 245
222 1 371
473 1 294
582 1 410
803 1 33
69 1 477
625 1 261
225 1 475
546 1 475
774 1 104
239 1 321
541 1 109
605 1 450
315 1 366
366 1 332
515 1 240
580 1 391
439 1 385
255 1 61
142 1 257
209 1 78
627 1 384
706 1 349
666 1 147
892 1 294
202 1 380
345 1 287
61 1 256
259 1 292
391 1 484
179 1 101
294 1 357
208 1 166
758 1 415
542 1 394
62 1 335
509 1 209
970 1 497
375 1 77
170 1 152
870 1 421
534 1 374
528 1 356
375 1 472
470 1 41
318 1 221
605 1 86
844 1 277
721 1 289
937 1 240
99 1 359
566 1 483
507 1 121
272 1 278
778 1 285
853 1 77
228 1 461
609 1 164
730 1 370
928 1 443
2 1 164
370 1 197
117 1 403
112 1 170
245 1 302
87 1 496
942 1 284
292 1 56
560 1 452
394 1 422
997 1 54
673 1 282
176 1 339
3 1 373
103 1 388
475 1 104
59 1 396
120 1 183
482 1 162
339 1 343
91 1 4
337 1 153
711 1 350
503 1 422
869 1 194
486 1 296
461 1 343
668 1 237
58 1 299
914 1 257
929 1 177
65 1 271
769 1 270
531 1 447
814 1 469
594 1 53
278 1 242
382 1 64
554 1 319
87 1 474
789 1 302
268 1 460
345 1 280
328 1 73
243 1 355
175 1 459
133 1 131
710 1 351
691 1 470
551 1 156
29 1 483
453 1 447
629 1 312
947 1 268
946 1 385
291 1 211
671 1 229
217 1 95
307 1 292
310 1 10
415 1 162
638 1 119
267 1 51
63 1 17
66 1 126
956 1 433
388 1 68
788 1 435
772 1 368
19 1 373
692 1 258
78 1 331
768 1 444
516 1 328
960 1 376
463 1 101
769 1 294
433 1 21
394 1 185
561 1 187
317 1 367
402 1 445
569 1 271
646 1 21
384 1 491
525 1 103
167 1 413
157 1 323
504 1 59
106 1 487
969 1 22
54 1 149
139 1 17
565 1 76
254 1 398
165 1 143
124 1 434
123 1 142
487 1 187
982 1 444
854 1 439
965 1 409
225 1 320
37 1 125
872 1 252
173 1 52
271 1 417
277 1 26
544 1 56
446 1 4
501 1 290
273 1 62
187 1 52
433 1 323
746 1 325
736 1 221
901 1 432
235 1 216
984 1 139
884 1 291
611 1 428
831 1 253
601 1 192
432 1 64
346 1 21
682 1 25
137 1 68
796 1 485
591 1 11
314 1 277
334 1 40
291 1 249
627 1 273
543 1 20
917 1 252
283 1 499
72 1 18
831 1 360
29 1 459
385 1 136
983 1 482
227 1 110
493 1 370
501 1 244
429 1 109
17 1 402
204 1 219
91 1 151
540 1 354
816 1 141
815 1 123
21 1 489
371 1 115
480 1 206
515 1 495
977 1 207
891 1 358
644 1 371
717 1 27
497 1 201
831 1 25
152 1 299
919 1 387
630 1 161
700 1 342
613 1 159
329 1 434
73 1 496
106 1 69
30 1 245
181 1 308
248 1 237
722 1 446
413 1 133
77 1 444
237 1 246
256 1 214
174 1 262
129 1 86
571 1 149
254 1 13
100 1 80
68 1 184
566 1 292
113 1 101
837 1 406
528 1 480
992 1 492
169 1 126
358 1 40
88 1 288
580 1 37
914 1 70
61 1 65
385 1 334
218 1 259
412 1 113
821 1 277
384 1 8
777 1 162
693 1 185
127 1 428
378 1 444
839 1 243
295 1 23
751 1 275
436 1 121
383 1 263
535 1 218
388 1 300
52 1 72
336 1 282
782 1 188
3 1 216
570 1 380
319 1 177
782 1 463
94 1 152
281 1 356
289 1 254
388 1 223
957 1 291
193 1 171
528 1 116
982 1 416
830 1 201
827 1 50
942 1 481
6 1 242
513 1 236
807 1 214
522 1 203
324 1 326
409 1 1
515 1 416
97 1 106
165 1 475
565 1 109
346 1 222
842 1 55
974 1 257
272 1 198
899 1 344
48 1 286
128 1 308
829 1 418
873 1 293
689 1 319
54 1 233
387 1 308
376 1 8
235 1 167
387 1 45
803 1 353
526 1 235
870 1 419
441 1 210
783 1 237
231 1 500
525 1 445
980 1 71
595 1 146
532 1 154
523 1 209
394 1 71
254 1 302
227 1 184
652 1 5
1000 1 319
507 1 92
167 1 29
158 1 249
360 1 144
529 1 124
943 1 343
105 1 486
859 1 93
563 1 218
846 1 436
29 1 68
396 1 237
123 1 204
943 1 77
181 1 474
30 1 375
417 1 90
731 1 317
44 1 22
314 1 293
866 1 159
315 1 224
982 1 284
176 1 268
611 1 466
300 1 27
487 1 145
464 1 202
77 1 316
991 1 451
360 1 422
414 1 123
504 1 481
860 1 157
81 1 463
592 1 251
16 1 27
109 1 386
686 1 273
932 1 165
247 1 225
506 1 282
105 1 253
182 1 123
822 1 399
160 1 189
864 1 222
538 1 150
691 1 491
384 1 426
628 1 306
830 1 118
968 1 495
812 1 127
627 1 301
706 1 382
41 1 77
594 1 470
46 1 236
77 1 24
970 1 311
542 1 339
970 1 310
81 1 215
417 1 418
458 1 310
606 1 216
205 1 244
698 1 410
910 1 55
491 1 138
978 1 371
236 1 300
889 1 280
445 1 248
212 1 91
213 1 137
720 1 339
475 1 76
144 1 29
714 1 336
984 1 199
459 1 312
902 1 284
781 1 411
633 1 385
611 1 253
132 1 35
568 1 133
569 1 407
537 1 142
861 1 188
783 1 61
157 1 24
241 1 50
241 1 127
212 1 454
970 1 157
583 1 82
359 1 286
989 1 206
869 1 450
357 1 273
966 1 220
594 1 243
805 1 433
468 1 389
440 1 5
593 1 410
434 1 404
334 1 114
177 1 392
463 1 238
992 1 130
522 1 99
171 1 416
78 1 367
724 1 412
775 1 253
250 1 498
405 1 329
948 1 123
924 1 190
750 1 72
208 1 420
613 1 178
563 1 482
468 1 72
702 1 437
819 1 464
591 1 62
749 1 180
331 1 140
108 1 83
506 1 9
195 1 229
638 1 361
743 1 198
948 1 205
480 1 494
567 1 223
646 1 271
26 1 26
76 1 499
167 1 27
285 1 4
827 1 392
601 1 80
78 1 301
64 1 306
672 1 157
654 1 155
652 1 307
290 1 354
278 1 334
619 1 280
349 1 133
933 1 58
971 1 320
936 1 417
780 1 498
445 1 422
112 1 408
253 1 439
576 1 98
151 1 331
545 1 261
129 1 331
244 1 408
833 1 388
605 1 151
309 1 391
881 1 201
700 1 91
74 1 420
129 1 58
201 1 74
669 1 404
53 1 265
870 1 329
796 1 429
129 1 408
250 1 177
983 1 191
733 1 155
214 1 313
455 1 299
298 1 241
682 1 335
151 1 445
606 1 51
138 1 57
766 1 164
429 1 41
836 1 241
112 1 429
279 1 106
439 1 21
359 1 239
95 1 320
715 1 459
312 1 206
853 1 92
964 1 172
661 1 183
301 1 277
394 1 90
946 1 35
661 1 130
604 1 130
240 1 382
685 1 451
302 1 478
967 1 167
839 1 380
568 1 49
955 1 114
551 1 33
480 1 458
966 1 12
874 1 213
133 1 103
183 1 180
995 1 137
706 1 18
85 1 70
950 1 330
701 1 375
175 1 144
69 1 185
594 1 153
565 1 194
569 1 58
278 1 386
126 1 408
943 1 472
673 1 279
458 1 226
871 1 199
497 1 95
875 1 242
743 1 73
68 1 339
172 1 159
456 1 212
295 1 217
234 1 268
905 1 174
530 1 215
300 1 222
861 1 464
500 1 30
722 1 183
578 1 64
666 1 146
225 1 315
125 1 55
486 1 276
308 1 193
787 1 382
794 1 236
981 1 480
161 1 37
728 1 463
724 1 358
313 1 257
737 1 39
966 1 123
603 1 150
133 1 99
771 1 418
642 1 137
368 1 499
721 1 457
263 1 268
97 1 163
60 1 78
91 1 303
698 1 250
177 1 324
781 1 440
325 1 417
941 1 84
577 1 57
194 1 437
857 1 211
808 1 214
200 1 358
281 1 276
43 1 192
330 1 389
201 1 20
464 1 238
425 1 462
949 1 370
658 1 406
161 1 366
232 1 142
899 1 177
825 1 157
704 1 63
138 1 223
249 1 428
831 1 125
745 1 35
53 1 331
168 1 308
420 1 446
561 1 40
479 1 170
39 1 169
533 1 461
930 1 22
829 1 420
171 1 374
155 1 490
551 1 219
824 1 201
46 1 52
753 1 182
556 1 311
375 1 396
118 1 137
854 1 13
86 1 403
511 1 129
838 1 346
754 1 320
613 1 219
708 1 390
416 1 220
714 1 189
185 1 326
432 1 14
484 1 370
782 1 150
514 1 388
753 1 430
974 1 287
529 1 360
892 1 432
251 1 359
109 1 269
198 1 211
368 1 345
6 1 481
838 1 79
368 1 386
916 1 351
974 1 365
598 1 75
930 1 148
62 1 254
977 1 254
364 1 437
929 1 247
168 1 245
214 1 165
34 1 148
98 1 350
788 1 265
44 1 187
522 1 500
972 1 136
433 1 397
7 1 342
435 1 403
517 1 92
820 1 294
291 1 246
245 1 212
102 1 17
670 1 4
962 1 6
970 1 224
925 1 410
380 1 327
228 1 410
183 1 235
475 1 139
140 1 87
496 1 124
800 1 177
853 1 70
23 1 33
26 1 315
577 1 420
918 1 264
285 1 421
687 1 387
843 1 421
39 1 223
635 1 373
58 1 11
500 1 9
598 1 124
72 1 412
225 1 500
531 1 326
149 1 250
566 1 298
222 1 403
602 1 139
971 1 377
467 1 5
318 1 455
369 1 224
114 1 97
589 1 210
652 1 457
532 1 467
487 1 306
290 1 444
407 1 324
361 1 313
242 1 41
806 1 391
620 1 435
719 1 327
949 1 400
204 1 246
737 1 387
717 1 151
998 1 251
800 1 318
167 1 433
324 1 196
82 1 349
215 1 204
733 1 296
534 1 368
949 1 47
379 1 430
214 1 115
525 1 279
588 1 229
496 1 71
454 1 401
447 1 1
185 1 197
27 1 72
954 1 320
564 1 204
384 1 433
549 1 371
56 1 393
765 1 230
767 1 374
132 1 82
36 1 121
708 1 79
294 1 44
625 1 78
578 1 412
14 1 35
572 1 475
506 1 483
380 1 27
618 1 192
817 1 329
290 1 463
115 1 187
125 1 306
33 1 185
220 1 454
240 1 280
585 1 285
477 1 381
409 1 129
633 1 47
168 1 191
131 1 289
808 1 385
869 1 316
576 1 327
989 1 393
336 1 104
194 1 286
960 1 60
939 1 336
532 1 320
584 1 108
725 1 479
752 1 476
767 1 327
814 1 424
32 1 399
321 1 495
168 1 438
564 1 34
907 1 185
217 1 106
374 1 278
894 1 318
148 1 427
728 1 100
105 1 196
446 1 123
158 1 316
907 1 136
684 1 142
88 1 251
970 1 478
282 1 430
989 1 468
151 1 256
76 1 297
252 1 251
465 1 335
641 1 484
385 1 158
278 1 378
912 1 268
768 1 72
407 1 377
568 1 16
499 1 351
211 1 441
937 1 261
523 1 483
577 1 57
470 1 280
798 1 254
598 1 7
263 1 390
55 1 475
789 1 318
149 1 217
423 1 186
872 1 390
692 1 318
437 1 488
830 1 326
112 1 463
806 1 75
168 1 394
451 1 99
835 1 125
86 1 227
225 1 495
502 1 119
586 1 74
8 1 85
481 1 91
952 1 439
440 1 371
50 1 83
225 1 281
446 1 388
829 1 209
322 1 36
738 1 71
207 1 200
925 1 458
547 1 254
252 1 262
171 1 294
798 1 450
725 1 305
626 1 137
948 1 229
415 1 390
962 1 23
102 1 285
472 1 173
820 1 75
436 1 334
539 1 159
702 1 60
905 1 135
732 1 456
377 1 154
673 1 175
614 1 18
826 1 258
263 1 289
966 1 5
320 1 40
949 1 230
656 1 387
854 1 15
655 1 366
191 1 241
624 1 73
757 1 473
868 1 361
669 1 479
1000 1 127
972 1 386
221 1 102
851 1 460
124 1 434
852 1 303
141 1 472
271 1 85
917 1 129
416 1 57
290 1 461
367 1 300
742 1 48
36 1 244
367 1 60
725 1 327
731 1 172
937 1 431
996 1 205
45 1 20
397 1 145
445 1 373
899 1 284
449 1 326
281 1 309
275 1 437
781 1 494
627 1 437
626 1 177
696 1 150
350 1 265
790 1 240
217 1 120
322 1 279
604 1 30
892 1 272
46 1 213
397 1 68
659 1 134
215 1 260
907 1 274
486 1 293
483 1 115
962 1 57
454 1 369
299 1 456
398 1 261
943 1 368
441 1 233
776 1 295
484 1 308
569 1 335
152 1 381
298 1 444
929 1 49
279 1 202
508 1 293
185 1 496
432 1 367
738 1 459
898 1 65
960 1 320
783 1 494
302 1 346
481 1 143
778 1 243
367 1 457
623 1 372
672 1 376
612 1 346
222 1 64
142 1 305
543 1 4
217 1 472
342 1 367
516 1 432
614 1 82
947 1 389
943 1 348
968 1 335
243 1 321
938 1 482
748 1 102
830 1 28
451 1 34
964 1 459
713 1 58
326 1 199
696 1 419
85 1 497
311 1 197
237 1 459
471 1 303
185 1 256
232 1 172
195 1 139
617 1 250
893 1 57
263 1 330
729 1 494
326 1 95
230 1 245
944 1 223
387 1 332
255 1 58
665 1 297
713 1 10
364 1 282
358 1 472
411 1 260
147 1 445
287 1 146
355 1 334
795 1 53
590 1 389
614 1 487
882 1 11
50 1 319
139 1 275
25 1 180
545 1 70
651 1 457
149 1 344
514 1 75
547 1 85
525 1 420
48 1 311
538 1 305
100 1 403
867 1 62
2 1 181
81 1 337
141 1 445
568 1 308
833 1 259
151 1 329
657 1 250
856 1 396
957 1 371
336 1 353
868 1 176
265 1 81
180 1 393
348 1 53
75 1 12
749 1 500
854 1 303
6 1 464
211 1 204
776 1 500
720 1 240
122 1 229
55 1 126
375 1 287
750 1 110
599 1 494
979 1 245
209 1 150
120 1 77
93 1 196
334 1 414
446 1 490
555 1 353
107 1 207
124 1 35
366 1 57
773 1 450
831 1 277
753 1 336
829 1 388
896 1 57
76 1 388
394 1 299
729 1 376
865 1 446
686 1 403
700 1 453
732 1 165
96 1 433
706 1 265
252 1 79
664 1 265
807 1 243
895 1 363
51 1 125
352 1 12
575 1 276
179 1 348
883 1 362
256 1 28
55 1 309
568 1 348
635 1 71
890 1 397
404 1 354
17 1 201
494 1 262
454 1 98
906 1 38
710 1 471
978 1 471
839 1 182
375 1 41
587 1 101
484 1 438
621 1 359
145 1 67
295 1 162
592 1 325
784 1 31
383 1 355
16 1 87
849 1 348
808 1 213
937 1 99
242 1 402
278 1 49
865 1 207
950 1 465
208 1 258
711 1 424
478 1 395
540 1 347
334 1 301
489 1 15
807 1 260
446 1 112
216 1 349
50 1 449
622 1 408
799 1 495
818 1 204
797 1 189
773 1 305
845 1 55
828 1 14
870 1 127
271 1 183
885 1 362
9 1 268
2 1 360
655 1 167
1 1 444
386 1 98
672 1 496
98 1 202
989 1 405
152 1 481
112 1 308
776 1 99
743 1 291
190 1 407
265 1 372
497 1 320
236 1 201
616 1 118
346 1 91
317 1 176
957 1 210
405 1 68
664 1 324
520 1 441
253 1 238
14 1 375
303 1 423
248 1 166
591 1 115
784 1 224
515 1 197
187 1 60
382 1 325
176 1 66
142 1 307
194 1 249
420 1 21
965 1 111
467 1 240
601 1 350
805 1 129
8 1 1
801 1 57
404 1 236
147 1 183
10 1 178
55 1 303
304 1 364
714 1 354
11 1 311
358 1 52
190 1 419
992 1 173
228 1 445
801 1 496
51 1 251
15 1 212
331 1 51
106 1 433
421 1 261
542 1 188
187 1 189
176 1 116
454 1 186
273 1 187
271 1 361
143 1 395
39 1 147
523 1 450
698 1 166
237 1 66
773 1 457
983 1 94
107 1 454
426 1 236
367 1 229
88 1 156
631 1 150
401 1 42
736 1 189
840 1 463
28 1 134
768 1 270
143 1 75
87 1 88
420 1 405
207 1 52
919 1 379
67 1 436
830 1 469
83 1 76
133 1 396
217 1 421
443 1 461
49 1 319
828 1 249
628 1 198
978 1 68
599 1 112
859 1 331
748 1 144
54 1 303
113 1 208
826 1 97
759 1 252
453 1 425
563 1 171
944 1 424
558 1 440
80 1 160
541 1 72
611 1 34
668 1 271
252 1 371
800 1 250
31 1 232
675 1 336
78 1 171
704 1 132
106 1 208
293 1 379
968 1 336
55 1 169
394 1 116
432 1 351
490 1 473
396 1 448
295 1 56
448 1 417
20 1 243
322 1 405
689 1 462
362 1 366
388 1 42
474 1 477
368 1 413
661 1 412
698 1 143
827 1 281
148 1 190
902 1 495
709 1 431
948 1 225
319 1 339
27 1 280
375 1 164
739 1 330
383 1 111
978 1 41
638 1 201
944 1 135
538 1 296
696 1 246
535 1 498
576 1 459
600 1 34
816 1 181
843 1 210
921 1 335
944 1 297
373 1 373
997 1 352
705 1 238
649 1 460
965 1 232
886 1 176
232 1 193
171 1 360
109 1 298
987 1 152
733 1 262
318 1 131
160 1 47
71 1 291
223 1 13
208 1 381
46 1 220
88 1 448
346 1 5
653 1 384
757 1 373
578 1 403
650 1 137
386 1 351
879 1 170
328 1 280
674 1 41
402 1 480
258 1 41
798 1 80
922 1 448
600 1 38
787 1 115
508 1 13
923 1 63
949 1 158
909 1 481
122 1 108
193 1 284
384 1 354
1000 1 131
642 1 339
341 1 466
301 1 118
528 1 328
870 1 289
948 1 167
344 1 391
515 1 282
765 1 133
631 1 102
57 1 155
818 1 114
833 1 500
838 1 162
172 1 484
793 1 336
700 1 322
855 1 205
282 1 338
998 1 450
386 1 468
4 1 474
655 1 418
712 1 470
416 1 87
116 1 218
175 1 415
557 1 272
12 1 242
27 1 129
503 1 443
311 1 359
56 1 223
130 1 490
815 1 121
684 1 181
739 1 312
568 1 491
526 1 483
758 1 52
38 1 483
963 1 384
486 1 414
365 1 28
958 1 142
567 1 268
798 1 369
317 1 73
609 1 363
310 1 361
640 1 429
57 1 143
359 1 158
235 1 303
523 1 63
759 1 48
625 1 434
412 1 409
53 1 307
768 1 236
834 1 341
899 1 373
972 1 378
65 1 85
345 1 40
408 1 460
269 1 340
663 1 156
625 1 291
589 1 354
326 1 144
431 1 263
131 1 470
710 1 77
936 1 313
115 1 368
465 1 49
211 1 155
14 1 212
879 1 371
989 1 163
627 1 278
956 1 108
535 1 282
148 1 33
665 1 458
755 1 141
428 1 71
661 1 321
725 1 281
465 1 54
302 1 410
547 1 72
896 1 388
497 1 116
608 1 94
670 1 290
838 1 194
865 1 319
186 1 19
421 1 108
76 1 403
103 1 104
22 1 235
690 1 461
257 1 412
829 1 72
89 1 80
465 1 194
400 1 38
12 1 225
417 1 358
670 1 39
585 1 243
862 1 420
567 1 210
253 1 473
436 1 257
667 1 125
478 1 409
129 1 490
241 1 272
254 1 317
765 1 203
846 1 375
373 1 437
595 1 413
46 1 107
820 1 420
955 1 273
682 1 227
927 1 293
353 1 225
125 1 453
279 1 468
885 1 87
839 1 86
236 1 74
417 1 128
757 1 78
204 1 201
982 1 74
756 1 185
32 1 202
374 1 395
793 1 306
914 1 460
926 1 129
552 1 192
3 1 232
564 1 250
412 1 265
479 1 87
880 1 229
546 1 77
189 1 233
528 1 327
265 1 247
220 1 459
780 1 325
539 1 105
165 1 473
533 1 100
130 1 156
762 1 107
631 1 228
731 1 281
663 1 136
104 1 310
9 1 115
489 1 319
192 1 136
650 1 58
666 1 386
226 1 153
658 1 257
791 1 262
323 1 238
229 1 22
831 1 449
935 1 16
186 1 11
643 1 248
965 1 200
520 1 303
372 1 38
221 1 102
948 1 222
201 1 131
568 1 229
892 1 171
984 1 83
323 1 312
541 1 259
268 1 68
920 1 57
934 1 85
722 1 98
828 1 298
727 1 353
398 1 245
248 1 123
315 1 267
858 1 285
922 1 77
829 1 435
366 1 291
223 1 295
690 1 203
897 1 302
359 1 120
737 1 355
763 1 128
544 1 180
137 1 77
758 1 76
430 1 197
163 1 123
90 1 45
722 1 452
224 1 298
214 1 294
894 1 464
165 1 350
438 1 452
77 1 271
418 1 51
685 1 492
308 1 144
394 1 141
125 1 364
40 1 6
781 1 466
899 1 154
479 1 183
935 1 371
539 1 84
942 1 216
117 1 197
342 1 48
443 1 231
712 1 155
358 1 230
539 1 117
899 1 202
619 1 43
230 1 114
77 1 320
90 1 387
43 1 441
765 1 213
888 1 20
724 1 361
220 1 363
268 1 59
480 1 178
177 1 328
718 1 154
163 1 295
852 1 293
23 1 135
307 1 204
802 1 240
869 1 380
472 1 363
444 1 387
889 1 309
733 1 247
251 1 459
4 1 200
401 1 329
706 1 347
557 1 233
838 1 410
777 1 387
991 1 293
225 1 91
447 1 102
7 1 311
259 1 451
398 1 285
574 1 458
268 1 76
835 1 222
599 1 469
318 1 135
871 1 390
484 1 12
775 1 214
734 1 195
797 1 182
800 1 439
799 1 398
1 1 414
394 1 372
375 1 321
370 1 106
47 1 257
34 1 280
174 1 33
486 1 371
152 1 456
654 1 180
195 1 332
689 1 483
140 1 446
719 1 383
823 1 208
270 1 244
644 1 71
48 1 259
818 1 28
622 1 333
433 1 213
33 1 106
420 1 491
116 1 319
924 1 67
362 1 368
239 1 443
546 1 399
183 1 323
323 1 402
384 1 304
77 1 298
640 1 118
56 1 280
795 1 379
443 1 328
736 1 15
323 1 452
280 1 293
55 1 249
285 1 446
329 1 20
915 1 143
6 1 67
930 1 306
349 1 470
34 1 18
75 1 43
681 1 223
99 1 47
150 1 53
606 1 325
652 1 197
579 1 76
795 1 198
604 1 425
742 1 130
896 1 370
469 1 106
771 1 79
806 1 429
727 1 336
96 1 432
112 1 1
932 1 391
691 1 172
295 1 392
1 1 267
189 1 219
840 1 145
147 1 493
924 1 42
4 1 496
788 1 116
181 1 364
221 1 312
648 1 85
364 1 228
890 1 323
395 1 481
928 1 311
167 1 196
124 1 124
502 1 341
91 1 17
44 1 230
214 1 375
649 1 342
974 1 417
557 1 248
559 1 210
245 1 351
685 1 252
936 1 199
832 1 146
943 1 88
879 1 216
295 1 227
280 1 216
777 1 397
402 1 70
666 1 278
845 1 388
412 1 8
483 1 422
315 1 416
639 1 290
814 1 380
417 1 266
556 1 135
342 1 296
961 1 61
742 1 415
607 1 353
902 1 263
454 1 94
308 1 33
297 1 255
383 1 375
93 1 437
475 1 228
868 1 224
595 1 495
62 1 407
968 1 454
377 1 117
165 1 195
584 1 161
363 1 372
384 1 2
716 1 231
318 1 107
926 1 430
396 1 417
426 1 116
839 1 272
575 1 104
773 1 463
531 1 76
808 1 67
325 1 405
242 1 197
947 1 121
18 1 487
18 1 92
13 1 42
526 1 227
184 1 95
658 1 471
455 1 7
839 1 45
629 1 337
815 1 198
502 1 495
699 1 387
731 1 97
475 1 499
529 1 137
377 1 302
861 1 495
129 1 302
28 1 289
134 1 171
758 1 355
605 1 353
182 1 449
765 1 163
96 1 329
145 1 47
769 1 34
878 1 125
401 1 429
412 1 191
637 1 484
224 1 92
840 1 155
902 1 481
665 1 373
688 1 350
753 1 80
716 1 312
863 1 64
28 1 386
537 1 350
372 1 267
86 1 107
875 1 125
247 1 296
447 1 406
248 1 358
604 1 327
730 1 375
376 1 376
850 1 55
955 1 358
406 1 199
530 1 220
832 1 404
602 1 384
915 1 234
616 1 28
972 1 338
73 1 188
938 1 291
427 1 474
193 1 342
471 1 75
973 1 341
85 1 95
973 1 154
90 1 384
12 1 266
872 1 360
981 1 58
538 1 309
503 1 179
974 1 23
286 1 97
67 1 278
974 1 127
86 1 305
522 1 138
702 1 50
277 1 377
136 1 29
532 1 473
396 1 183
679 1 11
439 1 106
499 1 288
828 1 491
451 1 497
486 1 359
723 1 246
442 1 137
129 1 255
386 1 143
205 1 470
561 1 171
792 1 164
172 1 483
681 1 258
221 1 63
769 1 68
137 1 294
169 1 34
622 1 440
680 1 425
695 1 172
219 1 43
274 1 36
1 1 485
875 1 190
7 1 180
588 1 411
52 1 275
149 1 423
763 1 224
319 1 372
676 1 332
120 1 324
347 1 467
934 1 393
803 1 356
942 1 2
820 1 277
280 1 10
65 1 435
143 1 480
138 1 128
233 1 427
498 1 452
299 1 133
614 1 422
367 1 485
570 1 144
604 1 367
856 1 213
905 1 86
413 1 221
578 1 46
830 1 181
510 1 269
533 1 469
260 1 500
125 1 398
602 1 486
588 1 473
660 1 123
197 1 106
308 1 458
898 1 398
842 1 291
831 1 352
816 1 335
542 1 243
654 1 392
451 1 54
846 1 492
87 1 378
815 1 77
39 1 115
211 1 361
448 1 357
933 1 387
359 1 160
402 1 210
268 1 191
710 1 439
199 1 105
770 1 497
591 1 52
649 1 357
986 1 203
119 1 91
336 1 253
132 1 31
517 1 93
27 1 277
542 1 408
442 1 267
150 1 459
467 1 308
457 1 445
163 1 467
986 1 400
299 1 177
147 1 486
302 1 498
724 1 74
534 1 492
227 1 492
123 1 347
492 1 395
440 1 493
942 1 75
246 1 191
760 1 480
804 1 38
749 1 467
963 1 268
736 1 56
71 1 106
668 1 274
986 1 256
681 1 160
654 1 488
549 1 144
283 1 476
61 1 233
55 1 355
266 1 392
122 1 225
887 1 365
251 1 352
631 1 170
124 1 210
544 1 58
617 1 68
727 1 293
859 1 114
52 1 123
916 1 443
350 1 172
144 1 216
916 1 188
681 1 383
869 1 190
806 1 220
788 1 100
643 1 288
372 1 16
743 1 353
472 1 75
905 1 480
741 1 497
351 1 84
23 1 97
718 1 277
366 1 386
871 1 107
839 1 345
509 1 106
70 1 66
777 1 407
596 1 325
726 1 7
737 1 432
902 1 491
49 1 450
874 1 170
283 1 343
493 1 208
353 1 499
323 1 441
378 1 214
717 1 369
799 1 380
262 1 264
285 1 132
858 1 141
63 1 473
184 1 34
616 1 379
760 1 127
190 1 221
391 1 13
285 1 22
513 1 348
600 1 428
456 1 246
436 1 5
128 1 189
512 1 92
471 1 369
3 1 440
943 1 441
41 1 65
451 1 358
447 1 241
461 1 417
939 1 118
292 1 199
636 1 178
407 1 127
87 1 183
774 1 183
619 1 258
378 1 397
374 1 158
624 1 72
912 1 356
909 1 135
861 1 437
807 1 105
896 1 117
522 1 248
893 1 139
639 1 40
900 1 143
555 1 440
391 1 415
581 1 474
752 1 364
672 1 492
647 1 130
127 1 231
42 1 312
37 1 385
604 1 10
634 1 473
541 1 291
783 1 33
504 1 236
336 1 15
931 1 428
758 1 3
820 1 99
40 1 481
771 1 177
478 1 237
977 1 170
88 1 159
250 1 370
695 1 50
926 1 186
419 1 104
163 1 349
133 1 14
981 1 163
647 1 65
164 1 448
644 1 259
317 1 68
138 1 373
864 1 467
133 1 83
502 1 426
901 1 225
653 1 75
380 1 12
436 1 31
241 1 381
907 1 378
714 1 2
535 1 8
179 1 323
600 1 60
570 1 147
389 1 244
917 1 457
408 1 315
827 1 341
458 1 345
304 1 355
78 1 401
278 1 295
195 1 473
726 1 290
788 1 219
415 1 46
572 1 140
73 1 68
556 1 78
91 1 445
857 1 307
416 1 443
345 1 477
778 1 456
172 1 431
338 1 145
416 1 282
237 1 109
470 1 290
931 1 266
322 1 74
914 1 258
66 1 240
225 1 466
170 1 184
426 1 407
19 1 454
308 1 143
345 1 356
584 1 77
650 1 429
614 1 65
857 1 77
823 1 97
834 1 248
377 1 376
291 1 78
194 1 446
410 1 257
937 1 294
636 1 150
34 1 422
297 1 274
167 1 323
336 1 364
229 1 212
987 1 190
500 1 202
154 1 17
8 1 428
322 1 162
675 1 214
792 1 495
3 1 106
910 1 430
135 1 174
874 1 380
455 1 126
662 1 256
810 1 259
478 1 380
741 1 439
725 1 135
595 1 120
205 1 215
891 1 368
976 1 436
362 1 199
748 1 293
9 1 330
56 1 133
579 1 321
101 1 205
821 1 264
579 1 320
586 1 248
849 1 163
729 1 361
406 1 120
786 1 446
209 1 2
643 1 42
657 1 182
227 1 352
766 1 24
25 1 257
250 1 158
631 1 214
889 1 43
826 1 89
233 1 196
196 1 226
638 1 337
143 1 470
268 1 137
925 1 387
695 1 42
217 1 380
423 1 310
131 1 431
148 1 445
311 1 61
189 1 68
904 1 108
292 1 268
962 1 45
3 1 105
602 1 201
742 1 245
602 1 387
941 1 314
227 1 385
109 1 231
464 1 89
481 1 68
993 1 280
272 1 473
790 1 30
63 1 364
159 1 436
862 1 300
854 1 175
644 1 374
433 1 161
89 1 327
339 1 246
168 1 311
829 1 313
612 1 424
959 1 392
274 1 356
678 1 352
43 1 2
828 1 269
209 1 181
204 1 427
591 1 137
91 1 423
139 1 123
518 1 468
967 1 282
790 1 53
431 1 274
900 1 393
255 1 345
526 1 201
241 1 121
128 1 250
87 1 272
64 1 317
762 1 214
758 1 62
308 1 492
510 1 385
556 1 348
722 1 13
278 1 172
135 1 107
218 1 44
25 1 299
680 1 312
128 1 155
413 1 492
405 1 283
221 1 452
340 1 112
591 1 245
516 1 92
183 1 484
714 1 497
612 1 128
310 1 227
594 1 226
864 1 239
887 1 408
206 1 378
862 1 177
231 1 480
186 1 341
817 1 47
765 1 51
709 1 411
206 1 431
360 1 386
925 1 139
943 1 321
68 1 10
179 1 489
985 1 465
879 1 207
140 1 203
215 1 329
271 1 336
362 1 481
354 1 13
33 1 55
507 1 321
678 1 362
794 1 496
587 1 428
676 1 227
481 1 363
792 1 99
742 1 394
245 1 240
854 1 439
431 1 459
449 1 163
462 1 61
549 1 310
962 1 369
374 1 254
499 1 274
950 1 16
626 1 378
375 1 274
160 1 238
739 1 318
310 1 367
644 1 400
981 1 327
512 1 121
828 1 98
208 1 457
674 1 377
393 1 351
158 1 213
493 1 234
29 1 196
691 1 261
757 1 355
742 1 28
76 1 463
732 1 163
461 1 238
194 1 468
617 1 1
10 1 34
263 1 494
30 1 42
428 1 488
809 1 102
376 1 41
701 1 77
422 1 12
548 1 407
205 1 103
794 1 268
228 1 266
434 1 438
338 1 140
368 1 116
409 1 463
463 1 220
822 1 429
23 1 197
96 1 303
824 1 34
258 1 51
563 1 416
356 1 462
638 1 301
639 1 244
653 1 356
138 1 99
541 1 277
99 1 265
896 1 86
453 1 313
911 1 14
932 1 249
558 1 378
801 1 373
258 1 267
502 1 494
487 1 155
411 1 261
365 1 413
199 1 409
318 1 237
161 1 301
157 1 222
851 1 393
91 1 210
925 1 163
510 1 388
635 1 273
790 1 171
435 1 343
42 1 361
627 1 159
226 1 222
647 1 82
370 1 494
232 1 380
39 1 247
461 1 289
233 1 450
422 1 59
869 1 132
362 1 428
808 1 292
834 1 183
616 1 401
230 1 78
177 1 200
519 1 293
66 1 203
927 1 322
508 1 186
344 1 422
467 1 455
640 1 13
775 1 73
652 1 17
107 1 313
868 1 431
286 1 466
933 1 11
729 1 415
860 1 273
147 1 145
843 1 42
537 1 85
136 1 230
541 1 248
795 1 299
648 1 144
316 1 346
719 1 228
499 1 194
414 1 86
911 1 42
572 1 314
676 1 86
730 1 86
99 1 160
425 1 69
166 1 106
99 1 326
768 1 465
697 1 497
900 1 20
838 1 180
896 1 18
922 1 56
980 1 469
743 1 405
113 1 116
450 1 466
989 1 30
923 1 180
574 1 114
640 1 71
576 1 186
323 1 82
196 1 173
472 1 56
440 1 305
43 1 91
742 1 425
749 1 142
710 1 436
769 1 214
197 1 129
163 1 306
263 1 450
124 1 130
57 1 118
276 1 283
511 1 423
813 1 463
151 1 312
400 1 374
181 1 363
966 1 203
160 1 235
525 1 341
826 1 422
955 1 328
320 1 240
203 1 459
453 1 185
512 1 54
110 1 18
187 1 300
254 1 119
172 1 231
198 1 488
12 1 1
823 1 140
764 1 104
537 1 359
796 1 430
204 1 207
607 1 103
78 1 441
768 1 51
300 1 210
189 1 338
851 1 435
109 1 49
324 1 129
298 1 472
843 1 412
115 1 328
447 1 393
220 1 186
987 1 487
762 1 478
455 1 122
784 1 486
851 1 156
988 1 91
365 1 116
650 1 137
500 1 126
303 1 379
99 1 71
829 1 264
894 1 392
453 1 429
789 1 109
587 1 352
231 1 303
613 1 334
703 1 360
372 1 154
150 1 18
982 1 454
213 1 2
705 1 83
500 1 67
59 1 224
573 1 388
176 1 493
778 1 208
538 1 51
986 1 370
922 1 370
507 1 301
464 1 490
833 1 462
986 1 455
764 1 28
846 1 125
180 1 435
922 1 57
395 1 353
684 1 120
586 1 119
777 1 184
168 1 2
804 1 455
347 1 190
54 1 160
878 1 171
477 1 355
268 1 259
455 1 232
191 1 169
141 1 291
567 1 200
50 1 104
718 1 120
74 1 312
80 1 175
690 1 307
896 1 122
382 1 146
304 1 114
917 1 386
678 1 104
969 1 46
264 1 124
288 1 275
62 1 192
360 1 408
590 1 286
649 1 14
243 1 386
157 1 231
580 1 195
804 1 17
854 1 96
292 1 41
312 1 31
83 1 44
424 1 385
224 1 425
737 1 200
221 1 14
572 1 470
736 1 264
719 1 53
3 1 297
140 1 7
58 1 129
146 1 247
592 1 248
841 1 111
910 1 29
878 1 494
208 1 136
627 1 166
35 1 29
308 1 359
716 1 431
134 1 475
515 1 92
666 1 465
587 1 236
903 1 235
469 1 339
125 1 174
608 1 456
658 1 356
3 1 470
854 1 436
303 1 470
182 1 171
729 1 56
648 1 187
828 1 374
58 1 418
640 1 443
50 1 219
734 1 66
972 1 415
24 1 86
568 1 492
280 1 500
145 1 32
702 1 115
562 1 360
586 1 327
18 1 258
53 1 107
777 1 21
419 1 257
647 1 423
12 1 122
291 1 367
80 1 78
939 1 70
143 1 131
697 1 343
823 1 352
832 1 95
709 1 38
676 1 497
999 1 351
691 1 350
682 1 494
952 1 487
701 1 105
623 1 313
458 1 275
472 1 20
908 1 426
714 1 469
425 1 355
374 1 304
266 1 468
262 1 445
800 1 411
978 1 478
148 1 166
238 1 421
87 1 168
115 1 215
870 1 367
685 1 457
563 1 255
113 1 305
98 1 196
566 1 121
668 1 479
271 1 435
486 1 230
1 1 99
121 1 289
16 1 68
621 1 107
333 1 445
599 1 46
745 1 12
474 1 309
130 1 99
263 1 448
359 1 434
803 1 19
862 1 251
104 1 276
823 1 447
335 1 216
737 1 183
235 1 68
150 1 67
386 1 412
63 1 188
604 1 166
601 1 141
388 1 351
416 1 288
626 1 63
393 1 85
989 1 58
8 1 195
189 1 125
74 1 186
456 1 465
93 1 301
850 1 235
449 1 162
915 1 201
613 1 22
633 1 258
176 1 425
624 1 280
131 1 178
60 1 490
48 1 81
137 1 203
761 1 34
395 1 407
16 1 221
694 1 119
642 1 1
905 1 278
387 1 117
734 1 225
543 1 51
639 1 357
234 1 321
414 1 240
889 1 250
685 1 35
987 1 16
693 1 92
736 1 481
120 1 377
496 1 217
742 1 167
695 1 55
843 1 128
65 1 44
697 1 148
926 1 387
453 1 325
577 1 418
331 1 174
570 1 399
661 1 407
726 1 120
354 1 465
394 1 143
474 1 124
218 1 37
959 1 181
159 1 290
305 1 310
986 1 252
752 1 477
83 1 184
836 1 176
722 1 267
962 1 166
725 1 179
714 1 192
593 1 499
291 1 401
733 1 345
627 1 58
745 1 249
589 1 476
365 1 198
10 1 455
921 1 264
462 1 32
892 1 283
350 1 210
99 1 286
124 1 136
197 1 345
611 1 229
726 1 353
27 1 89
128 1 490
331 1 302
86 1 18
626 1 342
148 1 478
17 1 162
543 1 223
259 1 373
382 1 25
976 1 449
460 1 91
668 1 402
629 1 432
445 1 217
826 1 84
28 1 65
36 1 294
663 1 115
915 1 326
911 1 60
189 1 308
68 1 179
170 1 125
76 1 61
124 1 284
137 1 384
342 1 255
80 1 126
203 1 47
366 1 163
484 1 217
846 1 35
50 1 415
792 1 461
877 1 343
552 1 478
648 1 487
179 1 433
626 1 207
199 1 325
415 1 97
648 1 306
60 1 12
1000 1 212
907 1 366
479 1 120
502 1 499
119 1 284
569 1 472
60 1 4
642 1 31
749 1 58
411 1 126
959 1 124
978 1 7
521 1 173
565 1 420
639 1 289
905 1 340
801 1 240
101 1 43
647 1 438
607 1 454
582 1 245
106 1 495
491 1 249
580 1 378
677 1 333
275 1 90
652 1 244
492 1 291
550 1 177
555 1 82
448 1 225
194 1 467
462 1 194
875 1 103
33 1 161
267 1 215
921 1 101
695 1 336
531 1 200
606 1 56
863 1 73
882 1 269
560 1 14
185 1 98
358 1 428
15 1 264
827 1 85
341 1 13
891 1 60
915 1 120
844 1 1
859 1 352
320 1 124
260 1 21
385 1 336
473 1 402
723 1 94
61 1 184
146 1 356
898 1 68
6 1 149
877 1 311
669 1 453
304 1 67
922 1 95
550 1 106
712 1 457
926 1 231
424 1 350
921 1 313
269 1 68
298 1 103
591 1 245
654 1 376
477 1 156
616 1 431
346 1 268
344 1 125
305 1 121
817 1 179
336 1 339
522 1 172
669 1 427
23 1 417
411 1 415
596 1 250
533 1 465
801 1 238
621 1 90
181 1 419
359 1 207
57 1 354
679 1 419
582 1 100
630 1 371
660 1 75
112 1 246
112 1 176
402 1 463
889 1 489
71 1 55
121 1 483
208 1 241
666 1 21
645 1 243
177 1 118
713 1 12
55 1 173
668 1 112
933 1 162
289 1 323
688 1 126
203 1 83
750 1 335
866 1 378
775 1 497
428 1 311
469 1 49
369 1 209
695 1 381
794 1 131
356 1 192
279 1 132
59 1 370
185 1 144
991 1 37
971 1 169
780 1 61
590 1 10
446 1 99
27 1 131
853 1 160
906 1 379
720 1 166
663 1 434
838 1 329
839 1 172
243 1 297
9 1 385
485 1 402
648 1 176
253 1 239
901 1 247
135 1 73
434 1 164
853 1 258
671 1 149
933 1 465
409 1 226
91 1 410
696 1 148
603 1 81
525 1 118
143 1 44
822 1 99
4 1 122
766 1 113
980 1 108
511 1 185
553 1 48
454 1 381
693 1 92
666 1 256
829 1 177
451 1 279
653 1 399
543 1 237
450 1 146
821 1 488
533 1 385
800 1 240
581 1 112
832 1 95
312 1 300
896 1 419
483 1 136
19 1 34
741 1 3
861 1 484
980 1 62
711 1 223
280 1 287
679 1 283
644 1 181
602 1 59
960 1 485
483 1 27
846 1 235
740 1 254
108 1 95
443 1 216
715 1 75
178 1 426
629 1 297
931 1 31
434 1 218
936 1 375
125 1 206
925 1 330
825 1 427
839 1 91
253 1 373
580 1 29
534 1 240
253 1 336
617 1 43
475 1 15
545 1 431
484 1 465
714 1 415
961 1 322
188 1 490
184 1 396
753 1 435
215 1 425
637 1 412
578 1 338
954 1 376
157 1 174
262 1 500
536 1 468
118 1 474
965 1 356
483 1 200
833 1 367
251 1 266
920 1 395
219 1 220
484 1 477
992 1 77
275 1 352
649 1 247
566 1 176
224 1 92
621 1 431
678 1 292
573 1 410
391 1 231
933 1 329
2 1 53
622 1 53
222 1 424
644 1 78
470 1 221
420 1 197
617 1 427
68 1 9
687 1 165
110 1 337
910 1 354
473 1 355
391 1 4
491 1 273
431 1 498
434 1 145
817 1 209
956 1 284
25 1 354
416 1 145
551 1 118
685 1 283
987 1 178
947 1 56
135 1 136
817 1 490
79 1 83
102 1 68
402 1 445
424 1 77
324 1 430
444 1 133
396 1 164
768 1 333
327 1 454
606 1 305
681 1 295
482 1 118
636 1 307
49 1 1
163 1 236
975 1 472
455 1 78
807 1 445
316 1 151
206 1 438
781 1 310
196 1 391
662 1 177
348 1 321
529 1 15
339 1 12
212 1 129
412 1 463
310 1 96
710 1 456
869 1 496
290 1 76
811 1 148
831 1 36
932 1 24
967 1 194
325 1 237
835 1 340
951 1 300
484 1 102
433 1 410
750 1 387
826 1 455
157 1 319
119 1 449
302 1 169
872 1 101
177 1 488
686 1 383
909 1 110
857 1 460
602 1 300
862 1 386
633 1 431
465 1 130
934 1 36
983 1 222
725 1 442
106 1 418
575 1 179
721 1 417
953 1 93
667 1 211
77 1 53
214 1 172
318 1 32
856 1 134
760 1 226
279 1 295
308 1 26
407 1 139
296 1 142
412 1 75
13 1 380
113 1 156
545 1 130
695 1 360
39 1 399
885 1 124
958 1 411
63 1 157
144 1 120
173 1 13
952 1 173
377 1 2
754 1 336
887 1 300
223 1 291
61 1 40
740 1 275
69 1 37
17 1 346
398 1 298
972 1 28
673 1 39
49 1 138
814 1 45
539 1 243
641 1 369
569 1 182
793 1 172
858 1 499
448 1 216
279 1 188
29 1 345
412 1 381
893 1 271
451 1 77
18 1 171
104 1 228
846 1 341
437 1 493
439 1 465
684 1 447
839 1 369
653 1 403
366 1 140
513 1 206
952 1 263
143 1 130
745 1 228
779 1 237
827 1 300
526 1 419
173 1 286
34 1 456
226 1 435
264 1 176
716 1 283
77 1 226
172 1 79
756 1 258
967 1 143
665 1 109
205 1 109
519 1 248
343 1 255
733 1 187
342 1 331
291 1 428
227 1 214
426 1 481
381 1 72
3 1 335
692 1 222
606 1 321
644 1 93
960 1 41
674 1 251
572 1 330
640 1 193
304 1 273
606 1 415
978 1 78
808 1 26
317 1 297
838 1 300
768 1 449
804 1 375
22 1 480
284 1 296
750 1 341
193 1 478
894 1 191
126 1 241
126 1 69
780 1 481
958 1 53
429 1 309
667 1 150
100 1 125
304 1 205
877 1 83
781 1 252
988 1 278
643 1 287
129 1 439
95 1 276
409 1 473
266 1 270
226 1 262
322 1 477
99 1 97
197 1 352
521 1 273
980 1 89
537 1 52
111 1 61
11 1 104
145 1 161
584 1 217
163 1 116
712 1 112
442 1 130
131 1 160
929 1 190
922 1 26
467 1 261
905 1 378
864 1 405
588 1 174
543 1 264
240 1 244
736 1 187
897 1 200
632 1 5
254 1 78
876 1 491
498 1 339
200 1 138
211 1 482
805 1 441
364 1 489
602 1 481
534 1 361
467 1 74
417 1 368
970 1 193
516 1 139
982 1 459
133 1 281
978 1 329
406 1 420
127 1 331
127 1 447
294 1 82
586 1 204
848 1 180
55 1 86
204 1 466
374 1 429
771 1 451
92 1 101
9 1 88
656 1 391
516 1 182
300 1 151
538 1 206
589 1 140
799 1 5
689 1 107
800 1 363
846 1 117
972 1 386
396 1 115
18 1 459
333 1 27
700 1 91
533 1 34
68 1 42
610 1 404
717 1 133
78 1 181
975 1 144
640 1 313
949 1 169
346 1 399
971 1 333
447 1 23
109 1 341
262 1 5
493 1 218
925 1 450
952 1 3
840 1 459
448 1 356
1 1 343
425 1 418
210 1 206
926 1 85
263 1 435
751 1 435
376 1 77
215 1 178
277 1 52
193 1 407
873 1 452
675 1 243
200 1 390
71 1 346
177 1 157
424 1 124
466 1 374
665 1 210
733 1 27
949 1 432
658 1 105
960 1 296
206 1 318
223 1 430
352 1 492
929 1 284
784 1 1
605 1 290
920 1 69
233 1 102
229 1 326
560 1 252
490 1 251
836 1 347
856 1 298
906 1 277
157 1 130
621 1 337
635 1 320
268 1 57
547 1 460
177 1 44
920 1 429
389 1 354
498 1 164
544 1 183
276 1 376
560 1 424
785 1 241
176 1 82
204 1 44
618 1 178
290 1 235
474 1 51
297 1 311
423 1 436
269 1 30
341 1 101
736 1 47
648 1 252
4 1 390
467 1 241
300 1 311
573 1 452
172 1 61
919 1 270
342 1 83
636 1 48
154 1 318
975 1 8
365 1 387
939 1 200
797 1 109
489 1 500
906 1 210
517 1 174
338 1 303
493 1 152
656 1 232
949 1 282
492 1 248
472 1 88
580 1 64
591 1 48
77 1 88
224 1 145
375 1 447
524 1 164
251 1 250
326 1 424
850 1 57
377 1 375
419 1 405
782 1 191
246 1 41
112 1 62
677 1 474
697 1 57
585 1 114
450 1 290
629 1 107
307 1 481
106 1 53
455 1 207
959 1 186
746 1 13
194 1 102
286 1 33
335 1 320
639 1 36
492 1 379
732 1 264
755 1 307
440 1 385
536 1 473
911 1 85
209 1 467
928 1 62
861 1 423
476 1 39
265 1 124
682 1 121
515 1 58
295 1 40
745 1 417
944 1 164
432 1 202
153 1 404
907 1 32
426 1 219
323 1 214
664 1 140
153 1 383
27 1 255
855 1 239
475 1 279
467 1 472
960 1 434
35 1 85
202 1 90
747 1 347
88 1 136
919 1 230
298 1 28
770 1 67
987 1 336
539 1 317
198 1 488
88 1 416
391 1 338
135 1 66
111 1 357
732 1 129
867 1 285
308 1 464
473 1 429
593 1 41
236 1 154
327 1 371
839 1 90
766 1 282
775 1 291
922 1 383
816 1 407
987 1 186
798 1 150
863 1 485
951 1 152
559 1 276
933 1 471
462 1 23
120 1 22
726 1 117
136 1 177
432 1 362
910 1 188
794 1 327
559 1 94
307 1 335
785 1 317
523 1 48
850 1 282
41 1 428
501 1 256
104 1 133
151 1 369
314 1 390
839 1 235
120 1 428
684 1 226
187 1 479
653 1 407
895 1 13
596 1 251
69 1 344
46 1 405
934 1 170
995 1 57
647 1 396
333 1 115
386 1 427
736 1 103
811 1 430
807 1 210
448 1 368
654 1 445
94 1 375
417 1 290
159 1 22
760 1 217
147 1 488
70 1 120
693 1 349
609 1 18
235 1 146
95 1 2
788 1 225
215 1 311
260 1 457
353 1 149
590 1 154
546 1 323
306 1 434
764 1 61
605 1 52
446 1 441
376 1 294
549 1 410
812 1 120
733 1 122
959 1 143
669 1 137
375 1 114
220 1 2
930 1 385
675 1 104
818 1 49
281 1 111
449 1 248
343 1 201
970 1 197
907 1 385
693 1 293
618 1 179
979 1 194
531 1 245
407 1 209
830 1 214
165 1 154
303 1 123
827 1 113
174 1 68
204 1 458
126 1 227
122 1 397
830 1 240
106 1 126
257 1 244
162 1 491
129 1 297
73 1 130
62 1 445
168 1 48
755 1 491
783 1 290
668 1 292
189 1 457
665 1 391
459 1 255
360 1 483
573 1 44
410 1 433
682 1 494
28 1 485
848 1 176
804 1 139
954 1 178
563 1 21
369 1 34
806 1 103
133 1 24
248 1 385
220 1 223
310 1 127
845 1 304
488 1 237
705 1 288
432 1 351
577 1 102
750 1 233
141 1 173
346 1 194
56 1 172
653 1 108
782 1 144
267 1 306
122 1 417
756 1 180
566 1 165
872 1 60
375 1 253
840 1 305
76 1 303
9 1 118
874 1 130
410 1 177
419 1 457
70 1 241
895 1 53
843 1 264
390 1 102
537 1 165
936 1 454
208 1 163
116 1 276
624 1 157
396 1 444
146 1 480
447 1 494
483 1 166
784 1 158
449 1 494
307 1 252
400 1 425
319 1 191
786 1 398
724 1 130
125 1 11
900 1 151
654 1 460
759 1 257
484 1 47
572 1 48
162 1 180
424 1 36
252 1 306
317 1 161
881 1 92
324 1 105
183 1 59
199 1 316
270 1 315
502 1 380
996 1 168
456 1 387
757 1 4
641 1 33
593 1 181
145 1 282
763 1 143
277 1 98
243 1 50
497 1 361
320 1 498
194 1 336
197 1 55
576 1 83
356 1 406
122 1 25
318 1 12
198 1 369
419 1 88
16 1 114
466 1 327
198 1 205
760 1 270
834 1 328
572 1 295
3 1 179
544 1 27
156 1 373
831 1 425
241 1 418
501 1 18
252 1 105
75 1 82
937 1 176
571 1 16
238 1 60
117 1 306
699 1 73
860 1 334
634 1 189
861 1 180
818 1 101
407 1 14
923 1 98
77 1 336
355 1 187
951 1 320
708 1 235
280 1 47
133 1 460
922 1 216
629 1 213
889 1 81
517 1 244
48 1 391
672 1 415
18 1 173
86 1 194
733 1 30
47 1 437
667 1 24
972 1 42
372 1 292
187 1 269
363 1 342
252 1 136
3 1 418
468 1 108
241 1 160
134 1 169
893 1 376
950 1 478
979 1 221
37 1 105
925 1 298
58 1 297
321 1 215
777 1 73
233 1 260
983 1 483
487 1 227
75 1 176
162 1 293
19 1 99
893 1 215
407 1 209
278 1 369
841 1 97
515 1 360
443 1 340
244 1 249
852 1 407
304 1 144
724 1 353
226 1 479
807 1 202
123 1 360
197 1 286
903 1 154
468 1 328
749 1 353
847 1 444
952 1 38
157 1 42
582 1 426
502 1 77
211 1 110
250 1 252
109 1 409
461 1 153
786 1 438
943 1 109
205 1 92
673 1 500
464 1 268
431 1 415
368 1 245
936 1 211
499 1 82
332 1 206
345 1 34
934 1 246
218 1 407
900 1 396
978 1 372
304 1 417
732 1 386
333 1 61
49 1 479
778 1 286
741 1 198
102 1 111
302 1 229
925 1 497
726 1 245
901 1 379
810 1 263
912 1 39
407 1 397
234 1 150
824 1 413
142 1 372
541 1 109
416 1 123
762 1 268
337 1 149
711 1 29
577 1 483
756 1 473
40 1 487
595 1 13
823 1 327
404 1 240
801 1 43
392 1 344
330 1 374
620 1 253
963 1 116
638 1 409
992 1 13
989 1 27
586 1 154
208 1 3
110 1 424
332 1 455
189 1 244
140 1 177
863 1 442
561 1 141
652 1 56
923 1 86
301 1 115
375 1 440
976 1 157
639 1 319
467 1 122
770 1 352
702 1 154
205 1 405
395 1 475
901 1 360
248 1 262
688 1 83
177 1 453
895 1 41
736 1 461
926 1 191
803 1 172
177 1 370
85 1 396
37 1 495
910 1 419
556 1 109
279 1 243
273 1 487
897 1 251
874 1 216
902 1 408
342 1 36
862 1 3
926 1 255
575 1 378
258 1 317
270 1 198
704 1 259
347 1 389
539 1 399
782 1 399
406 1 190
896 1 294
59 1 120
20 1 154
259 1 286
578 1 363
93 1 102
835 1 192
325 1 78
563 1 218
779 1 298
912 1 497
455 1 212
687 1 421
912 1 302
401 1 471
42 1 395
833 1 147
682 1 74
72 1 207
37 1 3
789 1 87
411 1 116
717 1 397
91 1 475
862 1 156
81 1 300
568 1 413
782 1 477
386 1 198
534 1 199
571 1 150
406 1 19
145 1 119
485 1 332
762 1 247
243 1 316
921 1 20
231 1 86
334 1 145
443 1 344
673 1 22
864 1 154
695 1 5
815 1 358
311 1 51
18 1 94
220 1 147
84 1 448
998 1 254
114 1 97
281 1 266
830 1 338
679 1 296
737 1 471
986 1 175
427 1 223
434 1 461
214 1 464
746 1 93
390 1 104
380 1 436
969 1 158
887 1 67
187 1 459
363 1 309
161 1 221
732 1 430
401 1 347
200 1 316
290 1 266
280 1 284
792 1 87
212 1 315
679 1 156
4 1 419
18 1 91
390 1 414
765 1 71
466 1 192
320 1 330
723 1 92
652 1 389
35 1 175
44 1 226
24 1 455
78 1 4
141 1 109
352 1 169
298 1 482
813 1 55
932 1 119
969 1 142
64 1 285
78 1 142
528 1 248
31 1 289
985 1 230
720 1 227
589 1 425
600 1 178
266 1 345
377 1 456
422 1 357
215 1 346
423 1 130
822 1 67
923 1 403
631 1 144
692 1 147
483 1 147
336 1 24
734 1 140
789 1 467
424 1 463
283 1 143
381 1 52
270 1 43
465 1 297
199 1 203
779 1 487
115 1 192
417 1 127
357 1 11
1 1 324
698 1 114
774 1 236
3 1 486
982 1 6
424 1 392
758 1 150
898 1 258
445 1 498
292 1 342
911 1 314
733 1 286
60 1 436
182 1 69
126 1 78
55 1 328
664 1 400
487 1 120
367 1 326
66 1 346
477 1 192
30 1 349
365 1 173
348 1 376
878 1 273
830 1 225
968 1 386
488 1 421
543 1 46
653 1 121
65 1 228
310 1 72
629 1 20
690 1 218
430 1 47
459 1 110
49 1 192
306 1 8
188 1 43
883 1 154
131 1 163
693 1 238
843 1 243
399 1 35
125 1 277
840 1 195
889 1 174
878 1 299
920 1 500
599 1 286
370 1 85
375 1 358
265 1 95
694 1 56
414 1 128
865 1 103
292 1 449
909 1 204
251 1 416
914 1 226
199 1 406
239 1 324
52 1 52
623 1 172
220 1 425
698 1 152
62 1 452
360 1 33
507 1 177
666 1 87
615 1 476
799 1 181
662 1 484
678 1 224
899 1 236
423 1 465
741 1 293
134 1 39
647 1 483
217 1 119
626 1 316
874 1 497
648 1 446
795 1 479
162 1 410
549 1 147
185 1 429
340 1 17
627 1 294
493 1 136
350 1 163
777 1 311
344 1 293
159 1 363
384 1 397
672 1 355
496 1 61
14 1 263
575 1 101
389 1 308
338 1 88
387 1 243
732 1 225
254 1 297
908 1 255
935 1 497
232 1 84
910 1 489
904 1 290
678 1 147
386 1 180
249 1 228
984 1 471
424 1 357
51 1 57
405 1 27
608 1 405
979 1 226
509 1 386
728 1 224
476 1 233
361 1 224
848 1 392
225 1 339
515 1 343
748 1 461
485 1 203
879 1 174
625 1 454
496 1 491
929 1 458
828 1 59
705 1 161
635 1 39
371 1 279
115 1 201
597 1 31
274 1 359
568 1 59
296 1 60
295 1 485
153 1 473
724 1 375
470 1 17
895 1 447
75 1 260
415 1 102
744 1 311
88 1 465
486 1 102
106 1 279
897 1 3
911 1 407
469 1 177
202 1 465
618 1 379
368 1 459
48 1 488
854 1 127
143 1 140
267 1 271
655 1 134
316 1 225
74 1 448
293 1 413
16 1 43
529 1 153
122 1 243
761 1 387
981 1 149
191 1 222
622 1 421
989 1 305
766 1 43
806 1 302
844 1 63
309 1 438
261 1 294
7 1 230
591 1 1
143 1 4
456 1 444
320 1 365
797 1 180
909 1 103
762 1 487
197 1 341
703 1 231
962 1 116
857 1 496
495 1 415
74 1 91
842 1 426
76 1 466
62 1 416
962 1 38
695 1 145
257 1 203
412 1 269
68 1 459
911 1 475
535 1 349
832 1 241
96 1 155
456 1 428
372 1 193
268 1 413
899 1 22
419 1 94
869 1 313
144 1 246
262 1 26
92 1 367
336 1 322
77 1 303
94 1 188
327 1 359
477 1 188
568 1 454
434 1 187
201 1 258
907 1 315
154 1 16
916 1 108
976 1 370
989 1 336
19 1 478
834 1 359
784 1 60
537 1 307
249 1 86
221 1 352
432 1 172
525 1 365
165 1 63
863 1 247
740 1 321
607 1 338
32 1 69
448 1 222
183 1 303
735 1 339
727 1 286
790 1 148
322 1 290
942 1 358
590 1 481
745 1 141
619 1 170
187 1 245
138 1 104
374 1 229
428 1 434
727 1 381
416 1 495
827 1 100
390 1 377
7 1 440
710 1 11
398 1 291
264 1 162
395 1 222
504 1 303
152 1 24
692 1 337
954 1 332
192 1 137
721 1 340
44 1 483
993 1 234
993 1 186
173 1 396
153 1 472
265 1 325
108 1 475
470 1 18
752 1 36
35 1 420
869 1 436
599 1 118
320 1 24
592 1 100
759 1 152
818 1 242
328 1 158
698 1 83
495 1 330
4 1 480
100 1 204
266 1 133
88 1 346
38 1 111
376 1 377
912 1 208
177 1 445
507 1 433
141 1 450
118 1 344
427 1 333
182 1 390
730 1 296
820 1 240
758 1 388
604 1 367
62 1 475
928 1 114
451 1 149
699 1 160
754 1 477
797 1 106
352 1 113
260 1 228
557 1 71
359 1 244
818 1 222
212 1 456
530 1 496
643 1 125
888 1 91
653 1 107
245 1 372
698 1 248
472 1 190
258 1 407
676 1 424
294 1 133
898 1 390
469 1 113
922 1 110
975 1 456
101 1 433
418 1 250
886 1 284
530 1 421
736 1 138
703 1 143
294 1 451
130 1 60
746 1 396
880 1 206
219 1 69
354 1 363
38 1 23
728 1 114
229 1 185
845 1 402
741 1 396
336 1 238
772 1 368
342 1 128
982 1 74
621 1 135
816 1 204
761 1 59
81 1 425
784 1 221
502 1 267
673 1 398
783 1 296
827 1 294
790 1 77
881 1 174
558 1 426
227 1 172
595 1 417
273 1 473
25 1 27
843 1 489
707 1 477
619 1 200
670 1 404
747 1 105
892 1 188
955 1 216
913 1 380
858 1 37
760 1 296
370 1 371
700 1 158
114 1 415
457 1 212
359 1 179
478 1 484
311 1 190
997 1 313
686 1 134
861 1 252
532 1 119
446 1 365
556 1 373
972 1 281
356 1 57
184 1 143
239 1 337
775 1 291
551 1 143
134 1 111
300 1 251
473 1 190
655 1 403
111 1 97
533 1 480
479 1 56
888 1 206
575 1 22
169 1 195
135 1 323
237 1 120
383 1 74
898 1 242
339 1 7
345 1 125
785 1 396
273 1 418
694 1 389
930 1 245
360 1 2
89 1 1
35 1 78
665 1 138
564 1 316
964 1 466
855 1 352
135 1 398
483 1 370
196 1 486
810 1 7
321 1 115
550 1 81
744 1 35
264 1 364
749 1 283
934 1 242
617 1 447
959 1 54
143 1 334
833 1 381
64 1 194
130 1 265
646 1 163
781 1 52
447 1 156
247 1 459
524 1 176
143 1 467
908 1 285
326 1 353
571 1 290
163 1 346
295 1 182
87 1 24
812 1 367
670 1 354
839 1 493
428 1 153
43 1 298
805 1 241
797 1 340
88 1 2
958 1 239
553 1 144
889 1 254
206 1 225
47 1 228
278 1 472
203 1 407
270 1 73
83 1 179
498 1 290
314 1 487
3 1 428
714 1 153
185 1 88
18 1 146
434 1 306
571 1 391
642 1 232
429 1 125
346 1 341
837 1 419
687 1 106
235 1 397
319 1 48
363 1 425
547 1 475
690 1 340
399 1 350
49 1 323
379 1 213
662 1 183
621 1 104
877 1 261
921 1 380
740 1 479
747 1 179
734 1 338
445 1 291
418 1 403
632 1 187
581 1 337
276 1 44
123 1 451
256 1 386
943 1 178
996 1 7
599 1 343
386 1 113
498 1 27
286 1 175
962 1 362
223 1 495
238 1 276
501 1 391
361 1 480
653 1 338
408 1 29
332 1 232
305 1 463
325 1 426
381 1 406
540 1 95
975 1 284
258 1 387
803 1 288
767 1 84
530 1 261
713 1 472
583 1 130
602 1 352
986 1 369
300 1 418
575 1 46
268 1 190
26 1 395
219 1 405
603 1 390
130 1 292
883 1 462
171 1 189
516 1 345
696 1 97
66 1 279
9 1 21
63 1 434
922 1 258
887 1 123
334 1 10
483 1 283
623 1 193
933 1 369
424 1 369
772 1 173
81 1 256
317 1 282
589 1 427
129 1 412
949 1 312
340 1 180
68 1 481
435 1 90
271 1 195
93 1 185
158 1 49
610 1 174
188 1 162
710 1 430
509 1 167
163 1 148
192 1 240
379 1 279
942 1 393
821 1 134
738 1 206
314 1 304
544 1 385
694 1 333
514 1 245
335 1 243
845 1 375
596 1 100
858 1 350
878 1 236
942 1 423
862 1 153
193 1 171
159 1 397
214 1 369
95 1 264
927 1 60
645 1 323
502 1 149
889 1 232
560 1 316
994 1 334
769 1 274
856 1 317
1000 1 292
219 1 342
859 1 211
888 1 322
334 1 207
89 1 380
493 1 125
385 1 251
249 1 214
281 1 402
515 1 476
695 1 236
337 1 259
67 1 349
512 1 401
179 1 247
693 1 65
837 1 13
587 1 233
148 1 480
247 1 151
639 1 153
889 1 494
787 1 95
919 1 350
392 1 20
951 1 157
668 1 453
453 1 298
733 1 138
923 1 55
747 1 112
633 1 261
184 1 315
39 1 334
860 1 170
487 1 310
968 1 272
646 1 416
710 1 67
667 1 186
655 1 340
449 1 115
2 1 179
279 1 118
427 1 67
528 1 496
224 1 444
769 1 476
51 1 112
219 1 422
58 1 61
849 1 355
434 1 396
176 1 484
601 1 94
625 1 477
420 1 45
474 1 336
856 1 465
834 1 8
86 1 397
773 1 314
168 1 434
593 1 345
373 1 443
923 1 438
698 1 430
833 1 302
38 1 192
708 1 221
177 1 406
994 1 292
570 1 238
449 1 300
521 1 163
423 1 295
721 1 94
651 1 434
343 1 496
28 1 153
154 1 4
941 1 480
573 1 164
728 1 346
146 1 19
994 1 23
963 1 250
780 1 66
269 1 479
848 1 238
43 1 267
285 1 87
837 1 286
955 1 325
660 1 143
50 1 176
818 1 214
464 1 424
764 1 301
341 1 181
966 1 330
238 1 372
385 1 398
865 1 53
279 1 155
613 1 171
76 1 441
312 1 316
667 1 132
695 1 426
799 1 372
357 1 353
877 1 348
746 1 260
117 1 180
692 1 319
451 1 341
41 1 179
241 1 361
246 1 421
285 1 126
97 1 187
887 1 148
959 1 123
113 1 91
2 1 123
698 1 483
656 1 90
926 1 389
514 1 485
501 1 211
777 1 212
30 1 294
99 1 254
574 1 90
962 1 331
39 1 178
716 1 349
279 1 12
370 1 47
10 1 491
786 1 312
290 1 317
470 1 332
892 1 48
508 1 327
493 1 496
145 1 16
569 1 404
730 1 428
669 1 365
901 1 44
81 1 48
506 1 414
233 1 353
8 1 256
429 1 13
562 1 158
852 1 372
743 1 65
615 1 358
507 1 438
537 1 299
112 1 37
596 1 198
95 1 303
463 1 365
754 1 240
842 1 117
875 1 310
304 1 257
94 1 154
909 1 400
787 1 393
571 1 4
831 1 182
529 1 123
991 1 263
932 1 216
936 1 73
882 1 464
47 1 3
148 1 233
730 1 313
214 1 155
460 1 251
532 1 60
202 1 275
872 1 371
440 1 476
487 1 244
651 1 451
388 1 54
364 1 353
157 1 222
261 1 454
860 1 471
90 1 484
711 1 173
466 1 429
878 1 131
921 1 219
40 1 395
583 1 483
738 1 494
976 1 461
581 1 256
15 1 101
456 1 33
274 1 445
469 1 342
285 1 166
889 1 287
871 1 134
653 1 62
209 1 236
835 1 271
272 1 236
713 1 64
355 1 160
388 1 53
315 1 284
335 1 29
237 1 357
433 1 84
443 1 24
917 1 304
931 1 460
666 1 431
52 1 288
579 1 300
404 1 298
871 1 207
49 1 475
286 1 272
337 1 31
726 1 71
57 1 90
691 1 89
870 1 255
387 1 330
818 1 146
744 1 200
556 1 438
11 1 45
606 1 173
126 1 11
363 1 256
316 1 80
465 1 105
567 1 331
919 1 186
729 1 422
413 1 167
232 1 450
778 1 193
747 1 233
660 1 269
370 1 126
129 1 8
475 1 257
710 1 477
804 1 372
52 1 416
618 1 377
969 1 182
2 1 123
47 1 397
698 1 363
287 1 42
256 1 496
712 1 375
689 1 313
160 1 369
245 1 206
176 1 242
355 1 449
786 1 177
131 1 431
228 1 157
162 1 342
759 1 315
218 1 449
647 1 341
678 1 19
355 1 5
218 1 396
298 1 123
729 1 128
714 1 19
643 1 216
902 1 287
282 1 460
999 1 22
954 1 343
337 1 67
723 1 25
409 1 476
959 1 209
321 1 433
430 1 183
589 1 492
745 1 247
489 1 474
849 1 37
555 1 122
698 1 22
889 1 466
398 1 101
159 1 341
353 1 96
250 1 486
3 1 318
185 1 484
546 1 16
498 1 460
528 1 338
890 1 261
190 1 77
136 1 243
609 1 397
664 1 30
404 1 31
586 1 335
386 1 500
519 1 169
830 1 30
313 1 418
840 1 324
979 1 245
530 1 306
318 1 1
743 1 344
578 1 450
14 1 219
988 1 364
830 1 2
503 1 67
503 1 86
102 1 372
91 1 16
173 1 439
59 1 253
27 1 302
437 1 31
56 1 442
385 1 332
267 1 481
17 1 101
585 1 476
82 1 309
990 1 208
544 1 262
384 1 206
51 1 217
650 1 107
108 1 164
809 1 347
241 1 450
360 1 288
115 1 325
677 1 406
505 1 500
702 1 459
577 1 382
789 1 382
795 1 112
866 1 68
352 1 13
673 1 415
185 1 116
327 1 26
329 1 144
139 1 59
244 1 187
617 1 139
166 1 187
60 1 73
558 1 201
443 1 476
240 1 474
595 1 439
40 1 360
706 1 338
116 1 244
965 1 106
107 1 110
731 1 159
575 1 471
835 1 417
31 1 101
42 1 254
753 1 319
540 1 477
28 1 134
836 1 406
333 1 183
217 1 156
55 1 356
822 1 335
463 1 64
392 1 348
602 1 119
823 1 341
408 1 442
268 1 485
908 1 389
505 1 453
908 1 102
756 1 32
109 1 282
853 1 316
90 1 142
542 1 209
252 1 322
465 1 410
370 1 302
754 1 324
863 1 162
793 1 241
5 1 84
280 1 201
675 1 98
52 1 167
957 1 22
226 1 172
657 1 62
801 1 113
70 1 431
617 1 338
752 1 410
368 1 81
51 1 298
577 1 18
513 1 74
812 1 344
250 1 158
632 1 433
280 1 59
984 1 77
669 1 381
740 1 76
637 1 435
191 1 17
343 1 374
475 1 306
701 1 226
704 1 474
506 1 58
446 1 155
421 1 492
753 1 35
899 1 108
986 1 120
579 1 214
466 1 49
867 1 386
657 1 16
366 1 405
286 1 182
16 1 238
989 1 14
570 1 498
697 1 277
248 1 38
1000 1 275
94 1 55
574 1 421
713 1 79
313 1 212
572 1 368
891 1 408
115 1 115
289 1 1
459 1 366
593 1 383
805 1 372
690 1 432
84 1 29
173 1 230
331 1 407
689 1 110
229 1 114
173 1 296
948 1 283
150 1 329
154 1 203
893 1 482
925 1 281
561 1 76
753 1 2
728 1 312
176 1 250
298 1 199
661 1 335
39 1 190
698 1 227
261 1 16
794 1 357
156 1 366
330 1 400
143 1 412
223 1 422
889 1 12
171 1 177
794 1 227
605 1 229
365 1 309
492 1 203
606 1 34
102 1 37
732 1 5
740 1 477
93 1 39
585 1 262
368 1 458
619 1 114
208 1 150
906 1 345
86 1 397
848 1 414
253 1 335
688 1 220
977 1 303
645 1 147
884 1 93
699 1 367
730 1 384
471 1 93
806 1 74
454 1 19
184 1 258
650 1 98
184 1 172
596 1 26
326 1 153
35 1 105
863 1 161
248 1 341
826 1 14
193 1 149
11 1 286
608 1 265
407 1 178
779 1 312
533 1 55
433 1 16
166 1 88
437 1 34
10 1 291
446 1 202
25 1 366
536 1 491
551 1 358
587 1 131
532 1 226
958 1 314
124 1 86
752 1 123
728 1 241
79 1 199
828 1 403
826 1 276
836 1 248
494 1 113
202 1 491
560 1 243
183 1 64
305 1 54
20 1 467
862 1 333
939 1 464
934 1 203
616 1 19
11 1 82
667 1 378
208 1 430
472 1 124
496 1 453
576 1 295
262 1 47
114 1 425
789 1 425
383 1 370
217 1 341
356 1 212
668 1 79
257 1 297
889 1 440
170 1 66
611 1 92
651 1 134
811 1 117
824 1 450
718 1 184
728 1 429
524 1 4
229 1 433
949 1 499
467 1 9
288 1 59
895 1 82
777 1 289
647 1 142
738 1 366
705 1 44
885 1 351
492 1 376
550 1 279
322 1 443
299 1 185
935 1 479
837 1 340
575 1 162
807 1 296
287 1 380
70 1 279
290 1 123
852 1 336
302 1 208
24 1 314
968 1 13
740 1 91
635 1 95
978 1 172
225 1 51
421 1 4
204 1 131
802 1 66
152 1 384
498 1 303
220 1 286
300 1 218
622 1 71
600 1 364
814 1 431
392 1 1
885 1 52
333 1 463
790 1 251
431 1 54
58 1 77
402 1 13
582 1 235
115 1 332
669 1 119
619 1 210
235 1 150
192 1 358
929 1 469
853 1 464
573 1 287
924 1 300
554 1 26
668 1 334
208 1 361
797 1 258
239 1 163
927 1 298
584 1 24
737 1 205
823 1 434
100 1 185
906 1 332
955 1 4
868 1 131
67 1 27
555 1 368
311 1 83
748 1 12
429 1 294
983 1 454
278 1 33
41 1 30
104 1 480
130 1 294
460 1 299
531 1 301
456 1 325
222 1 309
898 1 100
762 1 424
514 1 114
492 1 327
534 1 386
157 1 366
133 1 465
113 1 451
922 1 29
781 1 230
301 1 482
226 1 158
881 1 94
252 1 220
397 1 366
748 1 154
420 1 474
503 1 148
408 1 318
106 1 304
335 1 434
705 1 329
840 1 290
15 1 456
17 1 381
811 1 294
753 1 4
492 1 441
691 1 45
448 1 329
621 1 279
392 1 300
307 1 466
353 1 352
145 1 339
138 1 323
357 1 197
626 1 429
448 1 305
728 1 356
32 1 360
56 1 178
642 1 50
26 1 265
442 1 197
230 1 212
706 1 446
130 1 442
735 1 135
738 1 453
581 1 121
397 1 400
4 1 388
784 1 164
960 1 152
974 1 106
895 1 397
293 1 108
900 1 97
734 1 238
814 1 243
907 1 254
468 1 44
384 1 319
445 1 36
977 1 41
634 1 320
734 1 60
748 1 218
176 1 207
521 1 384
720 1 428
469 1 77
358 1 119
50 1 256
292 1 62
361 1 480
724 1 214
205 1 459
248 1 82
903 1 154
562 1 171
414 1 305
778 1 394
517 1 198
232 1 437
996 1 301
13 1 296
738 1 416
42 1 395
94 1 353
637 1 70
838 1 290
594 1 427
279 1 185
370 1 314
311 1 368
103 1 468
395 1 147
105 1 440
614 1 370
835 1 376
665 1 138
65 1 465
544 1 95
30 1 257
304 1 212
888 1 343
259 1 145
967 1 493
329 1 319
334 1 160
108 1 82
410 1 443
917 1 425
272 1 372
413 1 406
62 1 352
267 1 285
993 1 350
398 1 485
723 1 466
782 1 457
662 1 105
743 1 122
181 1 232
846 1 356
327 1 129
789 1 159
661 1 392
349 1 113
713 1 157
980 1 171
200 1 55
365 1 485
166 1 46
347 1 357
627 1 432
473 1 373
444 1 292
805 1 5
526 1 477
300 1 268
657 1 122
648 1 197
728 1 79
981 1 124
912 1 464
604 1 342
977 1 229
587 1 86
183 1 224
944 1 415
39 1 443
276 1 476
829 1 100
680 1 261
221 1 360
156 1 381
981 1 162
381 1 78
284 1 11
950 1 321
799 1 260
985 1 399
375 1 372
507 1 347
343 1 416
153 1 117
213 1 343
529 1 62
132 1 152
246 1 192
164 1 126
504 1 360
8 1 63
658 1 235
619 1 491
428 1 179
690 1 492
297 1 335
251 1 291
521 1 111
382 1 454
590 1 448
2 1 275
748 1 103
791 1 233
76 1 169
76 1 484
881 1 177
274 1 488
820 1 12
122 1 400
207 1 404
503 1 243
673 1 178
703 1 47
337 1 211
537 1 44
359 1 164
908 1 242
532 1 344
231 1 237
67 1 350
664 1 445
52 1 263
741 1 482
705 1 440
657 1 447
517 1 403
642 1 71
42 1 462
457 1 48
191 1 81
571 1 328
743 1 4
356 1 380
143 1 497
376 1 201
769 1 385
11 1 405
511 1 223
751 1 210
186 1 459
327 1 89
490 1 349
323 1 66
345 1 394
171 1 61
477 1 455
391 1 348
582 1 445
19 1 15
451 1 356
570 1 260
282 1 436
396 1 235
105 1 127
766 1 175
17 1 19
966 1 27
802 1 335
677 1 206
584 1 371
362 1 368
724 1 306
859 1 311
986 1 409
865 1 384
678 1 275
58 1 48
468 1 405
630 1 413
656 1 62
367 1 345
863 1 498
820 1 283
73 1 461
845 1 36
66 1 464
318 1 188
844 1 466
805 1 270
22 1 347
417 1 385
326 1 42
516 1 69
341 1 57
543 1 248
159 1 58
236 1 316
994 1 186
221 1 42
657 1 362
27 1 95
930 1 497
107 1 94
258 1 218
506 1 238
878 1 291
144 1 160
212 1 115
596 1 453
395 1 37
511 1 33
834 1 101
433 1 182
464 1 291
939 1 96
161 1 269
39 1 443
483 1 444
57 1 129
60 1 214
8 1 478
526 1 444
854 1 218
330 1 75
796 1 446
145 1 2
183 1 482
3 1 167
865 1 467
760 1 467
493 1 203
84 1 302
350 1 3
129 1 8
810 1 116
772 1 139
464 1 434
146 1 426
686 1 174
6 1 351
967 1 415
154 1 16
622 1 335
389 1 412
512 1 446
939 1 194
636 1 281
423 1 326
686 1 91
127 1 349
750 1 31
247 1 256
578 1 498
142 1 485
547 1 322
573 1 213
553 1 260
90 1 308
654 1 70
388 1 434
224 1 430
577 1 479
347 1 16
331 1 411
29 1 76
489 1 474
156 1 476
76 1 195
916 1 28
254 1 130
189 1 396
800 1 11
426 1 47
744 1 388
928 1 325
15 1 259
678 1 400
980 1 261
153 1 354
81 1 296
69 1 353
612 1 406
632 1 442
12 1 227
588 1 107
370 1 358
461 1 471
121 1 207
147 1 47
224 1 442
54 1 71
846 1 139
293 1 9
427 1 203
672 1 396
939 1 111
953 1 323
454 1 445
286 1 375
318 1 346
81 1 130
534 1 47
782 1 214
76 1 28
138 1 224
578 1 238
46 1 207
707 1 269
268 1 395
685 1 13
512 1 48
302 1 246
192 1 139
524 1 112
263 1 259
820 1 334
988 1 276
476 1 291
908 1 158
646 1 489
588 1 337
903 1 202
37 1 246
421 1 311
914 1 465
553 1 403
78 1 480
86 1 51
749 1 333
839 1 281
645 1 398
174 1 24
914 1 1
909 1 31
940 1 169
526 1 398
902 1 447
710 1 489
878 1 293
638 1 457
219 1 84
382 1 140
470 1 180
282 1 218
769 1 348
311 1 439
197 1 11
733 1 21
934 1 48
314 1 310
91 1 326
663 1 406
40 1 428
269 1 389
881 1 102
156 1 11
67 1 70
154 1 184
68 1 402
256 1 308
14 1 86
545 1 398
651 1 203
603 1 180
636 1 299
597 1 389
379 1 131
849 1 189
791 1 102
713 1 447
869 1 205
39 1 92
156 1 53
855 1 311
848 1 306
642 1 71
382 1 257
967 1 299
216 1 212
804 1 224
545 1 416
485 1 231
191 1 456
129 1 31
814 1 443
142 1 391
406 1 324
232 1 369
686 1 337
734 1 414
766 1 334
616 1 497
179 1 477
59 1 377
865 1 63
577 1 411
139 1 6
419 1 171
797 1 78
662 1 232
58 1 166
787 1 221
935 1 18
162 1 382
979 1 333
384 1 314
348 1 308
247 1 39
651 1 338
594 1 25
181 1 216
307 1 31
454 1 364
435 1 263
970 1 437
9 1 101
827 1 127
688 1 491
354 1 473
672 1 500
359 1 109
626 1 333
508 1 84
658 1 232
233 1 277
373 1 72
567 1 372
540 1 346
565 1 407
656 1 393
388 1 29
488 1 354
589 1 232
337 1 298
436 1 355
751 1 45
98 1 67
624 1 226
661 1 103
390 1 143
917 1 498
695 1 290
400 1 486
835 1 274
926 1 337
996 1 192
859 1 259
368 1 241
476 1 497
698 1 404
998 1 302
835 1 273
229 1 22
223 1 18
440 1 250
276 1 148
550 1 127
163 1 371
975 1 451
459 1 488
434 1 65
322 1 169
209 1 425
862 1 476
338 1 478
986 1 427
745 1 75
278 1 305
114 1 457
10 1 472
377 1 224
906 1 382
267 1 456
185 1 50
995 1 107
822 1 127
15 1 287
865 1 243
248 1 480
263 1 401
845 1 111
169 1 25
511 1 259
622 1 6
593 1 107
403 1 203
990 1 273
643 1 136
704 1 181
953 1 133
995 1 70
110 1 454
38 1 374
692 1 164
797 1 354
459 1 398
487 1 151
990 1 107
749 1 355
826 1 25
510 1 451
383 1 293
855 1 251
978 1 336
896 1 177
606 1 9
252 1 20
495 1 442
573 1 136
350 1 384
184 1 254
816 1 396
782 1 434
917 1 9
400 1 424
568 1 470
273 1 42
840 1 416
696 1 39
914 1 140
125 1 75
252 1 284
866 1 443
273 1 215
686 1 302
518 1 58
965 1 306
469 1 282
871 1 471
528 1 184
654 1 32
29 1 440
314 1 418
584 1 417
210 1 101
723 1 210
286 1 80
857 1 384
513 1 408
354 1 296
302 1 498
476 1 483
549 1 278
384 1 426
35 1 85
984 1 370
616 1 236
910 1 126
645 1 369
195 1 404
163 1 103
716 1 26
937 1 417
724 1 162
981 1 101
28 1 440
626 1 303
123 1 105
769 1 245
696 1 25
665 1 227
605 1 114
75 1 267
846 1 38
152 1 177
556 1 215
987 1 369
820 1 241
559 1 382
257 1 444
525 1 46
82 1 210
364 1 279
908 1 153
27 1 468
245 1 489
361 1 340
111 1 104
287 1 295
463 1 6
575 1 488
169 1 425
283 1 193
729 1 105
669 1 370
776 1 412
840 1 171
926 1 325
993 1 118
776 1 382
777 1 85
863 1 83
166 1 200
170 1 489
884 1 499
811 1 159
207 1 466
205 1 64
80 1 423
509 1 419
491 1 391
133 1 433
592 1 272
912 1 491
132 1 372
732 1 230
20 1 433
698 1 398
267 1 349
668 1 195
890 1 467
72 1 410
397 1 14
745 1 407
469 1 63
966 1 299
707 1 102
805 1 464
414 1 460
170 1 282
776 1 41
472 1 189
221 1 478
891 1 9
589 1 391
484 1 130
487 1 248
73 1 442
761 1 292
415 1 72
338 1 296
20 1 325
49 1 444
440 1 123
648 1 217
365 1 418
211 1 226
863 1 85
294 1 350
700 1 212
882 1 497
692 1 458
345 1 104
738 1 77
876 1 462
142 1 91
637 1 457
225 1 58
340 1 173
490 1 84
463 1 368
88 1 155
807 1 277
415 1 18
393 1 54
44 1 251
286 1 435
997 1 58
202 1 394
391 1 434
501 1 2
456 1 39
755 1 30
994 1 455
672 1 284
975 1 142
537 1 60
341 1 301
126 1 107
1 1 77
831 1 456
541 1 429
887 1 54
95 1 483
354 1 143
384 1 238
478 1 134
456 1 427
716 1 116
723 1 57
374 1 52
326 1 11
492 1 114
481 1 171
812 1 279
547 1 160
355 1 178
228 1 41
109 1 243
643 1 89
535 1 23
199 1 147
649 1 139
531 1 144
497 1 132
347 1 44
772 1 475
192 1 484
15 1 230
161 1 402
452 1 201
986 1 275
987 1 308
991 1 287
126 1 239
6 1 365
304 1 467
449 1 317
132 1 25
657 1 159
365 1 397
709 1 472
534 1 245
973 1 434
542 1 215
170 1 62
79 1 392
460 1 138
898 1 411
224 1 491
849 1 265
816 1 115
48 1 114
353 1 381
862 1 362
585 1 26
69 1 389
753 1 404
369 1 89
611 1 237
592 1 196
376 1 478
586 1 25
553 1 40
389 1 153
96 1 109
537 1 334
492 1 118
719 1 209
167 1 500
678 1 450
844 1 4
795 1 227
594 1 50
635 1 175
338 1 153
239 1 40
229 1 84
645 1 24
877 1 37
241 1 75
235 1 403
554 1 113
490 1 442
605 1 420
698 1 262
504 1 149
828 1 104
739 1 493
463 1 92
145 1 266
692 1 392
452 1 223
119 1 220
257 1 181
434 1 326
322 1 59
68 1 463
899 1 179
733 1 26
41 1 471
985 1 353
301 1 90
323 1 413
344 1 167
136 1 134
609 1 290
241 1 183
606 1 337
593 1 76
385 1 338
385 1 241
306 1 472
731 1 366
394 1 442
28 1 260
499 1 40
296 1 358
535 1 184
34 1 419
46 1 124
557 1 83
688 1 177
768 1 473
539 1 189
851 1 108
287 1 69
907 1 130
229 1 73
223 1 463
617 1 22
995 1 233
712 1 397
181 1 444
484 1 260
365 1 333
918 1 248
67 1 476
13 1 462
445 1 49
828 1 176
143 1 470
42 1 279
927 1 34
945 1 35
109 1 83
636 1 86
34 1 107
865 1 497
524 1 237
53 1 477
893 1 120
266 1 318
789 1 110
161 1 17
705 1 433
290 1 498
648 1 417
337 1 394
850 1 342
115 1 253
448 1 356
565 1 301
952 1 309
3 1 220
560 1 488
390 1 488
286 1 425
857 1 414
496 1 372
817 1 276
891 1 23
315 1 113
60 1 102
839 1 347
8 1 159
256 1 441
869 1 76
361 1 88
532 1 477
390 1 478
718 1 347
225 1 266
590 1 402
444 1 263
573 1 50
584 1 172
997 1 39
801 1 460
243 1 45
705 1 116
474 1 48
599 1 122
510 1 303
827 1 264
853 1 198
304 1 481
772 1 3
589 1 387
526 1 148
682 1 270
58 1 375
90 1 380
734 1 447
574 1 298
207 1 325
407 1 235
771 1 459
460 1 419
413 1 381
126 1 48
407 1 182
372 1 37
732 1 57
198 1 411
117 1 201
371 1 358
455 1 452
905 1 15
90 1 428
333 1 201
175 1 60
288 1 247
231 1 245
592 1 7
813 1 280
910 1 91
636 1 1
663 1 412
379 1 53
112 1 45
883 1 355
888 1 193
910 1 260
972 1 36
895 1 22
57 1 117
872 1 231
389 1 194
409 1 59
313 1 492
247 1 114
925 1 132
646 1 271
930 1 65
768 1 64
273 1 448
242 1 87
333 1 253
511 1 345
315 1 202
863 1 345
319 1 424
554 1 5
181 1 407
701 1 341
50 1 374
503 1 163
778 1 235
287 1 170
527 1 8
268 1 86
327 1 460
877 1 80
356 1 93
912 1 165
100 1 305
523 1 161
305 1 297
763 1 13
906 1 37
838 1 203
51 1 155
283 1 415
265 1 169
544 1 312
787 1 341
434 1 296
225 1 354
707 1 468
284 1 363
271 1 3
729 1 269
699 1 37
472 1 133
963 1 338
986 1 185
678 1 228
395 1 461
183 1 234
231 1 428
317 1 119
740 1 427
371 1 308
802 1 476
581 1 12
280 1 1
163 1 241
884 1 13
764 1 43
525 1 392
150 1 106
940 1 434
931 1 93
988 1 67
202 1 305
501 1 275
903 1 253
144 1 429
608 1 283
985 1 231
818 1 156
808 1 221
558 1 345
176 1 302
856 1 45
845 1 200
458 1 155
196 1 374
196 1 109
150 1 350
918 1 20
602 1 108
845 1 337
684 1 269
942 1 228
323 1 63
285 1 84
703 1 114
53 1 310
132 1 160
624 1 203
485 1 205
953 1 336
200 1 365
926 1 22
810 1 382
848 1 323
175 1 197
389 1 189
320 1 340
375 1 277
963 1 405
483 1 353
332 1 239
583 1 187
203 1 480
692 1 6
444 1 95
948 1 192
840 1 171
669 1 16
391 1 371
964 1 24
365 1 98
246 1 147
609 1 264
803 1 263
236 1 324
815 1 261
696 1 127
884 1 168
308 1 74
291 1 435
432 1 194
39 1 207
662 1 245
796 1 349
762 1 49
771 1 208
513 1 23
929 1 487
154 1 125
73 1 352
287 1 20
648 1 303
455 1 39
767 1 330
299 1 261
265 1 56
65 1 356
910 1 316
254 1 232
556 1 23
725 1 29
38 1 452
909 1 278
882 1 455
932 1 186
90 1 298
540 1 257
2 1 402
313 1 163
718 1 129
670 1 183
303 1 299
188 1 286
726 1 470
337 1 270
558 1 26
501 1 275
327 1 410
925 1 385
672 1 411
935 1 471
575 1 456
876 1 445
592 1 40
831 1 311
878 1 93
702 1 337
768 1 443
648 1 90
824 1 324
380 1 86
604 1 1
6 1 343
59 1 180
843 1 458
839 1 129
138 1 324
742 1 132
604 1 306
207 1 330
625 1 399
848 1 226
624 1 223
801 1 138
126 1 97
87 1 359
331 1 472
860 1 343
403 1 405
749 1 288
443 1 422
709 1 336
435 1 289
597 1 283
390 1 78
971 1 304
580 1 468
272 1 116
434 1 493
350 1 374
146 1 180
203 1 238
835 1 100
699 1 471
390 1 117
192 1 471
788 1 316
772 1 118
399 1 53
912 1 286
421 1 396
725 1 305
241 1 292
700 1 283
406 1 290
711 1 321
128 1 354
768 1 64
99 1 359
751 1 130
791 1 39
120 1 30
967 1 39
23 1 49
450 1 467
141 1 319
974 1 331
280 1 248
767 1 343
54 1 198
190 1 62
220 1 212
867 1 398
549 1 84
216 1 379
230 1 21
976 1 499
147 1 186
628 1 450
857 1 385
193 1 140
300 1 239
885 1 500
481 1 442
731 1 61
47 1 482
941 1 192
183 1 24
495 1 119
602 1 147
119 1 414
243 1 468
809 1 325
59 1 18
330 1 298
995 1 213
449 1 273
367 1 391
936 1 31
531 1 373
60 1 455
857 1 435
678 1 97
543 1 459
964 1 12
423 1 361
831 1 317
298 1 434
480 1 378
185 1 19
834 1 500
667 1 421
264 1 379
86 1 156
375 1 489
91 1 204
608 1 379
570 1 326
245 1 268
802 1 160
64 1 474
865 1 238
508 1 8
800 1 322
111 1 444
185 1 1
302 1 398
696 1 256
869 1 389
383 1 298
742 1 260
193 1 43
497 1 216
285 1 277
707 1 222
620 1 205
910 1 96
562 1 266
207 1 169
425 1 397
993 1 404
532 1 76
464 1 178
106 1 102
836 1 197
993 1 484
284 1 442
590 1 201
729 1 200
552 1 415
811 1 195
598 1 152
981 1 370
114 1 47
755 1 390
907 1 301
549 1 294
863 1 396
295 1 148
106 1 302
144 1 347
994 1 106
597 1 465
909 1 78
313 1 180
765 1 183
129 1 440
593 1 300
828 1 423
222 1 389
813 1 496
559 1 90
704 1 318
934 1 116
359 1 126
47 1 112
541 1 6
437 1 357
37 1 445
859 1 394
198 1 427
42 1 311
923 1 384
357 1 81
34 1 208
659 1 387
525 1 339
572 1 463
983 1 39
308 1 188
542 1 452
45 1 206
269 1 311
816 1 128
563 1 216
120 1 345
180 1 93
161 1 365
981 1 14
912 1 365
684 1 382
639 1 415
672 1 425
635 1 414
861 1 478
537 1 309
608 1 443
809 1 70
73 1 357
196 1 287
448 1 173
119 1 497
525 1 12
867 1 402
467 1 415
834 1 146
285 1 380
583 1 24
326 1 299
334 1 131
976 1 261
50 1 54
289 1 429
759 1 11
33 1 167
683 1 262
709 1 13
130 1 14
219 1 224
422 1 253
189 1 412
927 1 100
124 1 179
378 1 311
301 1 63
461 1 37
888 1 193
635 1 346
708 1 424
626 1 222
677 1 370
881 1 346
511 1 33
399 1 33
929 1 310
550 1 192
560 1 119
852 1 150
928 1 278
860 1 461
523 1 387
281 1 350
355 1 257
767 1 21
333 1 366
552 1 352
827 1 14
283 1 341
174 1 433
674 1 389
244 1 307
757 1 18
799 1 304
844 1 479
219 1 57
936 1 34
293 1 485
104 1 361
494 1 113
178 1 46
131 1 400
68 1 48
873 1 201
966 1 253
219 1 318
577 1 260
6 1 302
32 1 230
579 1 374
780 1 487
915 1 168
261 1 169
953 1 444
23 1 9
966 1 329
710 1 201
934 1 463
543 1 58
577 1 396
381 1 256
114 1 370
228 1 238
375 1 106
577 1 56
133 1 415
491 1 167
691 1 336
532 1 202
667 1 187
268 1 219
375 1 280
121 1 309
859 1 144
689 1 285
973 1 337
869 1 258
214 1 137
543 1 348
987 1 313
828 1 117
474 1 37
476 1 427
631 1 146
104 1 74
430 1 11
529 1 159
129 1 228
962 1 291
8 1 354
906 1 97
848 1 82
125 1 262
17 1 399
418 1 299
197 1 247
500 1 148
177 1 14
584 1 323
336 1 274
329 1 483
354 1 314
235 1 402
585 1 180
604 1 86
332 1 34
353 1 115
861 1 385
205 1 78
540 1 73
297 1 187
165 1 242
6 1 437
870 1 64
150 1 131
757 1 236
452 1 141
439 1 406
834 1 130
608 1 81
468 1 381
548 1 496
873 1 56
766 1 332
644 1 94
12 1 160
265 1 6
921 1 476
717 1 434
601 1 410
806 1 184
798 1 196
703 1 173
166 1 477
390 1 479
889 1 89
318 1 181
816 1 342
301 1 308
737 1 148
687 1 217
876 1 20
39 1 449
434 1 240
847 1 407
622 1 332
206 1 88
261 1 481
918 1 380
576 1 354
275 1 441
911 1 274
434 1 379
710 1 456
297 1 333
96 1 455
524 1 315
987 1 308
328 1 87
915 1 39
550 1 438
897 1 23
818 1 387
147 1 107
676 1 3
275 1 152
543 1 60
912 1 279
42 1 356
733 1 477
652 1 167
736 1 392
572 1 191
820 1 208
142 1 475
924 1 429
550 1 167
855 1 488
928 1 14
176 1 161
259 1 293
45 1 155
394 1 287
180 1 438
893 1 325
806 1 31
210 1 189
386 1 141
940 1 473
80 1 14
175 1 434
506 1 465
895 1 267
182 1 193
189 1 376
789 1 69
779 1 469
806 1 258
73 1 312
983 1 460
597 1 120
386 1 201
182 1 195
285 1 357
173 1 26
401 1 360
2 1 286
422 1 347
667 1 421
772 1 410
973 1 296
374 1 422
978 1 31
863 1 111
198 1 277
31 1 377
740 1 9
650 1 491
565 1 324
296 1 379
312 1 423
534 1 81
292 1 163
41 1 147
112 1 245
499 1 306
729 1 281
239 1 224
279 1 435
218 1 20
118 1 395
749 1 285
142 1 233
1000 1 394
213 1 435
669 1 351
84 1 423
266 1 74
528 1 292
330 1 115
290 1 9
481 1 142
954 1 341
412 1 290
693 1 294
869 1 129
287 1 101
57 1 211
211 1 182
910 1 361
946 1 331
605 1 369
49 1 102
585 1 321
348 1 102
936 1 450
6 1 306
570 1 25
237 1 50
681 1 48
656 1 134
3 1 234
968 1 108
804 1 171
445 1 34
659 1 479
305 1 230
760 1 378
457 1 407
628 1 383
791 1 237
352 1 210
351 1 202
742 1 282
835 1 256
427 1 377
212 1 154
127 1 218
360 1 377
672 1 51
705 1 2
906 1 338
608 1 181
475 1 116
753 1 228
559 1 135
364 1 92
455 1 159
979 1 306
763 1 215
329 1 132
269 1 38
589 1 8
858 1 172
86 1 324
526 1 264
68 1 209
940 1 29
417 1 158
171 1 409
87 1 252
745 1 85
202 1 80
83 1 278
591 1 350
195 1 319
273 1 402
907 1 188
389 1 207
201 1 131
478 1 70
954 1 159
104 1 63
531 1 459
32 1 462
676 1 5
753 1 88
696 1 286
892 1 263
851 1 384
95 1 458
199 1 100
542 1 471
814 1 386
540 1 445
922 1 244
462 1 6
977 1 302
286 1 279
918 1 133
43 1 152
324 1 26
327 1 171
83 1 392
896 1 479
690 1 357
561 1 20
695 1 19
892 1 453
9 1 325
54 1 378
474 1 210
24 1 215
225 1 227
417 1 2
419 1 306
668 1 231
145 1 332
570 1 314
374 1 280
787 1 483
381 1 94
599 1 356
408 1 375
316 1 267
348 1 390
305 1 141
885 1 226
6 1 98
926 1 422
924 1 20
153 1 185
187 1 229
209 1 140
56 1 73
272 1 298
601 1 148
491 1 471
667 1 223
985 1 227
132 1 250
758 1 479
14 1 267
146 1 384
101 1 149
532 1 432
635 1 272
622 1 429
370 1 69
865 1 350
620 1 496
615 1 487
336 1 181
51 1 273
206 1 261
366 1 373
367 1 342
883 1 89
167 1 101
422 1 489
883 1 461
711 1 447
296 1 486
241 1 494
582 1 288
258 1 292
945 1 489
223 1 488
376 1 144
763 1 28
136 1 450
898 1 315
54 1 373
789 1 68
310 1 111
999 1 443
393 1 403
409 1 433
850 1 476
707 1 333
4 1 283
715 1 265
323 1 129
967 1 341
549 1 24
44 1 158
798 1 35
375 1 470
215 1 295
861 1 74
228 1 173
604 1 76
353 1 32
156 1 146
333 1 289
666 1 131
235 1 367
75 1 261
69 1 362
544 1 289
84 1 445
490 1 180
981 1 161
40 1 415
437 1 240
872 1 428
37 1 392
986 1 42
178 1 22
47 1 481
222 1 159
255 1 280
969 1 220
822 1 118
67 1 399
564 1 464
964 1 18
624 1 137
779 1 94
855 1 217
495 1 351
759 1 151
800 1 369
547 1 287
743 1 371
30 1 416
851 1 303
354 1 8
752 1 268
76 1 436
325 1 305
116 1 42
193 1 90
721 1 23
710 1 306
419 1 268
105 1 107
870 1 254
823 1 5
746 1 386
352 1 108
484 1 349
972 1 254
88 1 146
227 1 441
558 1 491
607 1 72
639 1 249
915 1 296
539 1 489
730 1 92
956 1 119
115 1 393
688 1 378
123 1 418
227 1 30
683 1 335
628 1 45
801 1 403
220 1 37
166 1 396
312 1 317
962 1 240
361 1 140
828 1 83
574 1 108
915 1 187
582 1 332
796 1 43
619 1 463
286 1 438
549 1 231
967 1 137
92 1 97
16 1 343
410 1 369
889 1 376
399 1 220
147 1 147
894 1 34
87 1 216
260 1 482
916 1 301
92 1 345
27 1 58
11 1 371
924 1 384
424 1 500
855 1 271
280 1 85
635 1 184
610 1 278
669 1 176
263 1 307
814 1 436
232 1 165
229 1 303
179 1 25
503 1 321
66 1 396
95 1 405
398 1 238
13 1 379
159 1 344
134 1 403
694 1 56
932 1 204
270 1 2
500 1 109
365 1 276
760 1 24
898 1 451
102 1 348
545 1 424
866 1 283
355 1 235
739 1 474
206 1 298
895 1 304
28 1 135
151 1 10
790 1 230
683 1 189
281 1 361
456 1 79
724 1 53
669 1 352
436 1 391
570 1 361
248 1 97
631 1 38
936 1 93
441 1 177
193 1 21
906 1 272
550 1 28
432 1 200
527 1 401
128 1 490
485 1 466
817 1 344
523 1 402
784 1 210
97 1 452
778 1 264
8 1 217
846 1 122
122 1 114
689 1 417
451 1 14
80 1 210
553 1 351
472 1 334
83 1 302
735 1 219
824 1 363
858 1 483
386 1 306
274 1 63
892 1 283
821 1 223
985 1 228
305 1 242
506 1 42
287 1 63
119 1 133
891 1 265
438 1 173
556 1 490
260 1 460
282 1 10
760 1 199
380 1 160
491 1 140
572 1 202
977 1 155
288 1 244
609 1 245
838 1 356
686 1 414
847 1 216
513 1 360
312 1 389
24 1 300
152 1 37
784 1 58
567 1 300
986 1 133
659 1 196
888 1 290
75 1 127
879 1 361
859 1 226
284 1 441
81 1 174
495 1 111
32 1 283
210 1 377
506 1 15
803 1 427
831 1 42
217 1 311
117 1 267
42 1 487
778 1 413
155 1 230
515 1 390
255 1 224
217 1 145
503 1 164
203 1 403
380 1 446
800 1 107
519 1 169
385 1 491
189 1 207
642 1 84
838 1 349
151 1 392
212 1 137
987 1 23
200 1 222
371 1 354
697 1 311
307 1 211
518 1 72
734 1 160
645 1 54
896 1 467
289 1 354
466 1 58
441 1 275
796 1 468
21 1 164
733 1 174
718 1 2
776 1 137
930 1 49
209 1 325
832 1 161
421 1 334
278 1 469
738 1 129
134 1 69
862 1 400
613 1 100
712 1 290
28 1 114
523 1 130
857 1 389
600 1 129
289 1 466
553 1 224
664 1 73
12 1 352
609 1 267
827 1 265
158 1 199
984 1 198
321 1 405
669 1 91
393 1 302
249 1 185
467 1 317
509 1 19
455 1 94
577 1 216
487 1 382
939 1 122
587 1 274
256 1 465
191 1 288
545 1 111
637 1 415
623 1 461
915 1 26
282 1 223
26 1 448
150 1 100
722 1 56
410 1 396
221 1 237
9 1 437
367 1 484
445 1 488
551 1 140
673 1 109
946 1 451
155 1 337
278 1 401
524 1 269
140 1 444
765 1 458
631 1 447
419 1 492
321 1 263
707 1 17
553 1 66
725 1 35
820 1 439
127 1 72
370 1 103
446 1 298
458 1 422
539 1 237
230 1 468
945 1 293
308 1 104
107 1 364
431 1 430
253 1 359
465 1 197
550 1 220
542 1 357
792 1 172
608 1 259
59 1 425
542 1 476
509 1 349
226 1 250
689 1 478
15 1 135
618 1 209
264 1 8
48 1 419
919 1 160
100 1 279
657 1 481
991 1 135
186 1 178
112 1 116
107 1 238
934 1 252
558 1 272
168 1 270
591 1 266
954 1 429
289 1 224
100 1 316
599 1 273
905 1 84
474 1 396
665 1 39
500 1 110
838 1 411
963 1 453
973 1 189
767 1 175
684 1 209
618 1 158
449 1 353
188 1 70
392 1 289
156 1 13
870 1 168
571 1 496
296 1 29
184 1 6
489 1 128
111 1 147
170 1 365
660 1 174
507 1 484
172 1 139
668 1 427
9 1 468
261 1 356
582 1 495
272 1 338
806 1 19
697 1 122
19 1 113
536 1 234
606 1 248
339 1 142
400 1 474
312 1 456
722 1 380
291 1 358
497 1 404
300 1 389
140 1 174
512 1 60
822 1 5
802 1 500
73 1 262
36 1 208
281 1 385
715 1 56
226 1 475
203 1 198
238 1 286
263 1 254
468 1 295
800 1 321
499 1 265
133 1 168
698 1 429
461 1 499
984 1 66
362 1 161
405 1 296
147 1 223
121 1 423
805 1 126
309 1 71
268 1 432
243 1 2
997 1 308
833 1 301
63 1 290
251 1 263
249 1 482
558 1 216
598 1 199
74 1 281
761 1 357
997 1 351
543 1 16
329 1 108
167 1 164
861 1 351
273 1 199
79 1 47
324 1 278
772 1 172
149 1 497
806 1 245
459 1 385
214 1 444
217 1 412
861 1 362
220 1 133
217 1 109
641 1 371
956 1 398
896 1 349
737 1 242
224 1 215
837 1 88
497 1 44
418 1 22
7 1 381
365 1 152
495 1 211
53 1 307
820 1 249
507 1 8
158 1 488
4 1 343
576 1 38
729 1 288
138 1 44
535 1 422
507 1 72
210 1 351
25 1 341
4 1 258
504 1 44
874 1 312
48 1 196
867 1 479
376 1 272
60 1 421
333 1 66
193 1 291
611 1 445
641 1 206
252 1 478
669 1 180
370 1 327
413 1 128
687 1 22
990 1 358
962 1 392
16 1 182
698 1 492
57 1 74
15 1 191
779 1 431
860 1 28
217 1 18
673 1 358
81 1 480
939 1 125
12 1 468
925 1 116
922 1 330
809 1 487
381 1 208
291 1 242
213 1 305
11 1 477
896 1 126
829 1 308
816 1 472
110 1 346
742 1 463
243 1 422
889 1 468
315 1 242
348 1 140
86 1 149
789 1 127
877 1 128
43 1 297
365 1 22
503 1 432
670 1 464
213 1 105
554 1 31
939 1 81
809 1 246
438 1 387
375 1 28
719 1 256
833 1 156
49 1 429
336 1 145
186 1 396
118 1 448
458 1 472
368 1 108
605 1 239
225 1 47
444 1 401
542 1 140
62 1 388
540 1 13
433 1 438
289 1 94
662 1 224
238 1 464
111 1 208
316 1 494
537 1 377
859 1 409
727 1 335
329 1 333
746 1 77
113 1 116
729 1 165
773 1 181
404 1 231
17 1 470
139 1 493
491 1 159
460 1 376
553 1 345
386 1 371
657 1 54
56 1 77
74 1 455
184 1 50
251 1 224
133 1 408
332 1 435
496 1 144
575 1 418
406 1 88
642 1 139
117 1 455
626 1 94
577 1 265
233 1 274
179 1 433
622 1 74
878 1 234
699 1 349
99 1 68
746 1 174
340 1 44
281 1 265
331 1 140
630 1 110
133 1 6
163 1 475
495 1 441
53 1 292
507 1 3
11 1 451
813 1 49
512 1 99
780 1 358
593 1 318
207 1 191
994 1 271
476 1 286
281 1 47
117 1 210
529 1 273
859 1 401
549 1 142
925 1 256
581 1 424
89 1 11
864 1 287
934 1 341
272 1 492
344 1 350
716 1 232
101 1 170
661 1 49
286 1 383
523 1 470
899 1 51
723 1 49
881 1 454
913 1 116
678 1 481
570 1 89
707 1 359
497 1 400
731 1 479
304 1 114
998 1 431
661 1 500
237 1 426
158 1 325
639 1 144
714 1 379
82 1 114
689 1 221
954 1 319
480 1 321
562 1 301
851 1 273
353 1 113
190 1 386
359 1 307
599 1 132
60 1 185
829 1 306
2 1 109
295 1 266
276 1 475
163 1 125
994 1 176
23 1 92
120 1 154
984 1 460
437 1 217
246 1 201
468 1 446
762 1 453
401 1 69
909 1 24
459 1 44
631 1 430
454 1 134
885 1 460
511 1 450
691 1 349
981 1 360
834 1 399
65 1 242
344 1 250
133 1 380
584 1 110
692 1 334
8 1 232
544 1 431
335 1 50
855 1 206
696 1 167
922 1 165
500 1 483
584 1 219
672 1 414
446 1 178
908 1 231
819 1 352
270 1 470
663 1 416
982 1 182
565 1 280
11 1 398
39 1 441
827 1 277
570 1 135
594 1 305
112 1 480
813 1 145
730 1 218
924 1 117
975 1 375
83 1 151
208 1 426
818 1 317
418 1 239
665 1 301
314 1 304
688 1 429
816 1 313
485 1 319
735 1 242
324 1 42
874 1 485
719 1 268
766 1 297
236 1 3
191 1 308
140 1 152
218 1 476
43 1 339
127 1 380
588 1 195
351 1 187
824 1 383
726 1 477
487 1 423
719 1 323
486 1 287
270 1 118
421 1 261
441 1 160
467 1 419
674 1 422
231 1 286
956 1 14
483 1 142
937 1 95
213 1 457
874 1 354
777 1 434
956 1 296
92 1 452
900 1 314
596 1 127
102 1 466
974 1 43
731 1 106
524 1 299
926 1 76
330 1 3
511 1 25
236 1 189
630 1 281
166 1 70
317 1 123
372 1 147
297 1 301
975 1 65
553 1 429
474 1 47
649 1 126
507 1 207
200 1 437
405 1 133
916 1 126
119 1 114
661 1 317
809 1 12
48 1 363
116 1 423
457 1 267
37 1 128
287 1 28
857 1 104
266 1 460
34 1 462
401 1 308
100 1 474
468 1 440
253 1 415
208 1 375
606 1 129
799 1 369
402 1 443
252 1 420
203 1 248
785 1 461
650 1 100
68 1 80
852 1 230
404 1 165
819 1 438
659 1 37
133 1 17
264 1 94
696 1 48
206 1 325
59 1 196
867 1 480
574 1 436
357 1 86
582 1 205
613 1 368
352 1 6
863 1 383
805 1 293
860 1 96
582 1 255
267 1 134
322 1 133
717 1 297
706 1 449
694 1 153
908 1 479
18 1 164
579 1 139
582 1 330
946 1 102
945 1 362
895 1 366
510 1 382
262 1 192
337 1 96
625 1 401
58 1 469
494 1 377
412 1 485
291 1 220
683 1 100
444 1 359
409 1 226
503 1 466
255 1 88
559 1 61
373 1 101
281 1 400
576 1 171
578 1 433
29 1 111
69 1 296
621 1 34
369 1 37
253 1 97
92 1 92
28 1 446
437 1 145
389 1 4
873 1 226
503 1 100
740 1 173
230 1 202
391 1 311
523 1 292
595 1 434
596 1 438
144 1 319
184 1 479
302 1 179
855 1 485
354 1 320
639 1 484
658 1 239
902 1 197
597 1 1
287 1 82
818 1 359
389 1 38
949 1 53
672 1 417
167 1 124
405 1 441
386 1 477
141 1 175
883 1 319
407 1 262
356 1 390
770 1 244
635 1 40
663 1 474
982 1 188
573 1 82
444 1 252
48 1 330
79 1 350
738 1 218
876 1 115
573 1 425
652 1 381
336 1 461
618 1 480
547 1 337
396 1 290
107 1 276
72 1 459
676 1 180
768 1 41
141 1 206
811 1 12
101 1 3
69 1 377
736 1 133
761 1 452
409 1 460
403 1 294
740 1 197
616 1 360
530 1 2
593 1 450
907 1 441
159 1 191
291 1 22
946 1 21
725 1 129
364 1 118
503 1 122
108 1 74
440 1 341
728 1 8
548 1 419
107 1 399
879 1 264
883 1 30
63 1 58
834 1 436
222 1 148
830 1 204
176 1 191
242 1 84
854 1 224
286 1 388
221 1 43
490 1 178
679 1 351
419 1 203
688 1 486
281 1 310
94 1 424
202 1 200
969 1 170
972 1 292
408 1 459
243 1 467
527 1 57
902 1 216
810 1 97
50 1 7
787 1 156
988 1 76
184 1 111
449 1 95
738 1 178
78 1 257
232 1 79
169 1 477
248 1 63
674 1 403
265 1 153
56 1 106
153 1 197
483 1 15
250 1 344
737 1 427
129 1 252
670 1 401
218 1 373
9 1 32
144 1 19
32 1 364
823 1 221
365 1 87
195 1 435
359 1 358
15 1 122
212 1 259
16 1 192
551 1 399
569 1 210
694 1 248
314 1 366
192 1 81
241 1 362
969 1 260
108 1 275
730 1 480
898 1 407
504 1 244
293 1 447
147 1 237
415 1 223
873 1 386
836 1 157
650 1 119
858 1 280
136 1 447
393 1 480
924 1 5
989 1 428
775 1 347
820 1 378
466 1 252
150 1 478
608 1 8
328 1 437
479 1 213
995 1 48
639 1 211
638 1 66
987 1 396
379 1 330
401 1 86
409 1 139
678 1 30
571 1 336
146 1 20
277 1 290
296 1 143
304 1 413
651 1 295
615 1 251
542 1 23
241 1 418
493 1 478
284 1 454
218 1 370
182 1 290
951 1 312
961 1 297
984 1 98
344 1 46
507 1 487
412 1 346
157 1 443
478 1 381
306 1 380
771 1 158
448 1 85
360 1 481
885 1 489
667 1 184
334 1 103
396 1 187
993 1 110
431 1 273
44 1 219
846 1 405
90 1 400
379 1 176
83 1 439
586 1 342
345 1 415
893 1 153
574 1 328
816 1 311
184 1 205
804 1 337
901 1 180
853 1 368
845 1 172
598 1 49
730 1 218
374 1 152
492 1 489
91 1 460
431 1 348
29 1 213
758 1 352
797 1 203
60 1 97
13 1 293
718 1 435
320 1 392
445 1 377
620 1 62
669 1 279
478 1 385
784 1 26
119 1 295
969 1 139
912 1 353
291 1 411
696 1 74
881 1 53
788 1 74
977 1 38
80 1 318
59 1 15
289 1 294
236 1 8
131 1 101
649 1 173
987 1 163
491 1 490
653 1 119
279 1 125
878 1 330
741 1 485
870 1 176
57 1 67
797 1 158
483 1 81
536 1 67
424 1 286
517 1 296
955 1 148
151 1 242
325 1 404
663 1 199
378 1 488
150 1 223
937 1 196
325 1 159
728 1 310
883 1 162
74 1 209
644 1 169
42 1 230
540 1 353
330 1 202
801 1 177
612 1 127
511 1 277
496 1 485
900 1 142
29 1 147
751 1 275
825 1 30
247 1 226
609 1 207
323 1 392
226 1 71
458 1 446
283 1 442
490 1 259
932 1 340
404 1 22
98 1 297
91 1 110
627 1 24
809 1 363
77 1 144
981 1 136
987 1 284
475 1 481
282 1 101
636 1 406
449 1 124
295 1 15
106 1 174
635 1 463
503 1 136
628 1 302
408 1 57
619 1 179
927 1 423
594 1 69
209 1 367
697 1 358
855 1 437
127 1 340
838 1 348
844 1 148
989 1 255
636 1 111
383 1 174
493 1 185
918 1 219
417 1 335
302 1 4
749 1 150
400 1 45
932 1 468
294 1 350
511 1 322
163 1 396
523 1 361
895 1 239
926 1 291
997 1 371
500 1 170
189 1 43
67 1 283
856 1 264
459 1 10
631 1 35
737 1 490
556 1 490
547 1 286
835 1 75
688 1 353
777 1 46
589 1 311
35 1 258
405 1 384
189 1 14
260 1 362
642 1 433
956 1 352
511 1 214
431 1 489
194 1 463
744 1 147
368 1 100
664 1 304
68 1 203
955 1 315
630 1 484
518 1 480
995 1 294
901 1 396
698 1 6
382 1 304
281 1 414
509 1 173
720 1 427
837 1 43
602 1 84
500 1 396
590 1 67
887 1 78
319 1 443
377 1 308
157 1 65
669 1 324
945 1 202
660 1 112
74 1 91
507 1 39
600 1 61
479 1 305
222 1 299
885 1 86
376 1 116
811 1 275
911 1 304
617 1 219
409 1 376
386 1 97
981 1 3
533 1 132
615 1 206
674 1 201
660 1 468
220 1 327
140 1 461
276 1 23
796 1 195
216 1 152
804 1 3
910 1 78
548 1 63
370 1 468
421 1 204
830 1 477
955 1 66
207 1 267
196 1 287
859 1 45
849 1 298
338 1 209
578 1 495
153 1 366
961 1 261
928 1 326
901 1 105
499 1 114
722 1 479
977 1 445
861 1 319
74 1 159
956 1 246
21 1 57
934 1 438
912 1 390
257 1 322
702 1 285
347 1 330
475 1 5
320 1 373
113 1 214
932 1 11
136 1 364
