1000 1
0
0
0
0
0
0
0
0
0
0
0
0
0
1
0
1
0
1
0
0
0
0
0
0
0
0
0
0
0
0
0
0
0
0
0
0
0
0
0
1
0
0
0
0
0
0
0
0
0
0
1
0
0
0
0
0
0
0
0
0
0
0
0
0
0
0
0
0
0
0
0
0
0
0
0
0
0
0
0
0
0
0
0
0
0
0
0
0
0
0
0
0
0
0
0
0
0
0
0
0
0
0
1
0
0
0
0
1
0
0
0
0
0
0
0
0
0
0
0
0
0
0
0
0
0
1
0
0
0
0
0
0
0
0
1
0
0
0
0
0
0
0
0
0
0
1
1
1
0
0
0
1
0
0
0
0
0
0
0
0
0
1
0
0
0
0
0
1
0
0
0
0
0
0
0
0
0
0
0
0
1
0
0
0
0
0
0
1
0
1
0
1
0
0
0
0
0
1
0
0
0
0
0
0
1
0
0
0
0
0
0
0
0
1
0
0
0
0
0
0
0
0
0
0
0
0
0
0
0
0
0
0
0
0
0
1
1
0
0
0
0
0
0
0
0
0
0
0
0
0
0
0
0
0
0
0
0
0
0
0
0
0
0
1
0
0
0
0
0
0
0
0
0
0
0
0
0
0
0
0
0
0
0
0
0
0
0
0
0
0
0
0
0
0
0
0
0
0
0
0
0
0
0
0
0
1
0
0
0
1
0
0
0
0
0
0
0
0
1
0
0
1
0
0
0
0
0
0
0
0
0
0
0
0
0
0
0
0
0
0
0
0
0
1
0
1
0
0
0
0
1
0
0
0
1
0
0
0
1
0
0
0
0
1
0
0
0
0
0
0
0
0
0
0
0
0
1
0
0
0
0
0
1
0
0
0
0
0
0
0
0
0
0
0
0
0
1
0
0
0
0
0
0
0
0
0
0
0
0
1
0
0
0
0
0
0
0
0
0
0
0
0
0
0
0
0
0
0
0
0
1
0
0
0
0
0
0
0
0
0
0
0
0
0
0
0
0
0
0
0
0
0
0
0
0
0
0
0
0
0
0
0
0
0
0
0
0
0
1
0
0
0
0
0
0
0
0
0
0
0
0
0
0
0
0
0
0
0
0
0
0
0
0
0
0
0
0
0
0
0
0
0
1
0
0
0
0
0
0
0
0
0
0
1
0
0
0
0
0
0
0
0
0
1
0
1
0
0
0
1
0
0
0
0
0
0
0
0
0
1
0
0
0
0
0
0
1
0
0
0
0
0
0
0
0
1
0
0
1
0
0
0
0
0
0
0
0
0
0
0
0
0
0
0
0
0
0
0
0
0
0
0
0
0
0
0
0
0
0
0
1
0
0
0
0
0
0
0
0
0
0
0
0
0
0
0
1
1
1
0
0
0
0
0
1
0
0
0
0
0
0
0
0
0
0
0
0
0
0
1
0
0
0
0
1
0
0
0
1
0
0
0
0
1
0
0
0
0
0
0
0
0
0
0
0
0
0
0
0
0
0
0
1
1
0
0
0
0
0
0
1
1
0
0
0
0
0
0
0
1
1
0
0
0
0
0
0
0
0
0
0
1
0
0
0
0
0
0
0
0
0
1
0
0
0
0
0
0
0
1
0
0
0
0
0
0
0
0
0
0
0
0
0
0
0
1
0
0
0
0
0
0
0
0
0
0
0
0
0
0
0
0
0
0
1
0
0
0
0
0
0
0
0
0
0
0
0
0
0
0
0
0
0
0
0
0
1
0
0
0
0
0
0
0
0
0
0
0
0
0
0
0
0
0
0
0
0
1
0
0
1
0
0
0
0
0
0
0
0
1
0
1
0
0
0
0
0
0
0
0
0
0
0
0
1
0
0
0
0
0
0
0
1
0
0
0
0
0
0
0
1
0
0
0
1
1
0
0
1
1
0
0
0
0
0
0
0
0
0
0
0
0
0
0
0
0
0
0
0
0
1
0
0
0
0
0
0
0
0
0
1
0
0
0
0
0
0
0
0
1
0
1
0
0
0
0
0
0
0
0
0
0
0
0
0
0
0
0
0
0
0
0
0
1
0
0
0
0
0
0
1
0
0
0
0
0
0
0
0
0
0
0
0
1
0
1
1
0
0
0
0
0
1
0
0
0
0
0
1
0
1
0
1
0
0
0
0
0
0
0
0
0
0
0
0
0
0
0
0
0
0
0
0
0
1
0
0
0
0
1
0
0
0
0
0
0
0
0
0
0
0
0
1
0
0
0
0
1
0
0
0
0
0
1
0
0
0
0
0
0
1000
973 1 100
598 1 100
358 1 100
344 1 100
173 1 100
930 1 100
793 1 100
139 1 100
955 1 100
654 1 100
865 1 100
963 1 100
943 1 100
455 1 100
762 1 100
958 1 100
815 1 100
68 1 100
105 1 100
19 1 100
766 1 100
388 1 100
719 1 100
539 1 100
903 1 100
20 1 100
816 1 100
191 1 100
245 1 100
558 1 100
787 1 100
161 1 100
208 1 100
760 1 100
443 1 100
512 1 100
181 1 100
1 1 100
71 1 100
759 1 100
996 1 100
902 1 100
226 1 100
711 1 100
123 1 100
414 1 100
469 1 100
538 1 100
31 1 100
981 1 100
486 1 100
840 1 100
714 1 100
727 1 100
267 1 100
687 1 100
757 1 100
349 1 100
717 1 100
459 1 100
695 1 100
8 1 100
872 1 100
69 1 100
111 1 100
248 1 100
628 1 100
606 1 100
864 1 100
923 1 100
781 1 100
97 1 100
321 1 100
800 1 100
876 1 100
919 1 100
559 1 100
28 1 100
556 1 100
163 1 100
908 1 100
496 1 100
109 1 100
900 1 100
374 1 100
704 1 100
108 1 100
667 1 100
240 1 100
917 1 100
305 1 100
801 1 100
733 1 100
609 1 100
302 1 100
485 1 100
231 1 100
529 1 100
438 1 100
797 1 100
126 1 100
379 1 100
975 1 100
649 1 100
218 1 100
183 1 100
735 1 100
424 1 100
522 1 100
926 1 100
581 1 100
431 1 100
40 1 100
193 1 100
682 1 100
833 1 100
10 1 100
551 1 100
716 1 100
468 1 100
570 1 100
154 1 100
81 1 100
355 1 100
368 1 100
98 1 100
813 1 100
497 1 100
103 1 100
310 1 100
612 1 100
619 1 100
75 1 100
137 1 100
129 1 100
269 1 100
960 1 100
133 1 100
107 1 100
548 1 100
272 1 100
715 1 100
814 1 100
724 1 100
674 1 100
947 1 100
848 1 100
604 1 100
158 1 100
385 1 100
395 1 100
327 1 100
165 1 100
176 1 100
725 1 100
523 1 100
948 1 100
311 1 100
481 1 100
348 1 100
920 1 100
21 1 100
249 1 100
516 1 100
73 1 100
18 1 100
740 1 100
309 1 100
782 1 100
932 1 100
775 1 100
939 1 100
824 1 100
41 1 100
520 1 100
29 1 100
318 1 100
217 1 100
370 1 100
236 1 100
277 1 100
255 1 100
536 1 100
67 1 100
271 1 100
851 1 100
802 1 100
624 1 100
66 1 100
148 1 100
449 1 100
89 1 100
867 1 100
546 1 100
530 1 100
280 1 100
273 1 100
205 1 100
51 1 100
702 1 100
489 1 100
287 1 100
382 1 100
967 1 100
467 1 100
508 1 100
294 1 100
837 1 100
488 1 100
292 1 100
494 1 100
153 1 100
362 1 100
241 1 100
387 1 100
434 1 100
608 1 100
141 1 100
24 1 100
804 1 100
690 1 100
950 1 100
986 1 100
206 1 100
648 1 100
251 1 100
324 1 100
977 1 100
615 1 100
204 1 100
561 1 100
334 1 100
553 1 100
971 1 100
262 1 100
557 1 100
38 1 100
252 1 100
326 1 100
992 1 100
289 1 100
937 1 100
480 1 100
580 1 100
990 1 100
384 1 100
660 1 100
119 1 100
460 1 100
220 1 100
897 1 100
588 1 100
308 1 100
879 1 100
540 1 100
592 1 100
944 1 100
340 1 100
403 1 100
657 1 100
742 1 100
875 1 100
818 1 100
936 1 100
843 1 100
451 1 100
805 1 100
178 1 100
845 1 100
352 1 100
763 1 100
35 1 100
863 1 100
601 1 100
453 1 100
921 1 100
336 1 100
783 1 100
982 1 100
122 1 100
507 1 100
521 1 100
506 1 100
92 1 100
426 1 100
212 1 100
346 1 100
361 1 100
886 1 100
491 1 100
423 1 100
866 1 100
406 1 100
662 1 100
709 1 100
655 1 100
331 1 100
730 1 100
794 1 100
970 1 100
316 1 100
401 1 100
953 1 100
721 1 100
681 1 100
433 1 100
411 1 100
263 1 100
691 1 100
896 1 100
510 1 100
728 1 100
315 1 100
639 1 100
644 1 100
50 1 100
807 1 100
142 1 100
102 1 100
319 1 100
83 1 100
511 1 100
832 1 100
9 1 100
415 1 100
278 1 100
499 1 100
761 1 100
641 1 100
844 1 100
408 1 100
244 1 100
13 1 100
750 1 100
322 1 100
849 1 100
748 1 100
172 1 100
86 1 100
620 1 100
32 1 100
357 1 100
276 1 100
88 1 100
518 1 100
957 1 100
738 1 100
369 1 100
744 1 100
174 1 100
207 1 100
502 1 100
541 1 100
694 1 100
595 1 100
392 1 100
260 1 100
402 1 100
774 1 100
106 1 100
765 1 100
333 1 100
113 1 100
450 1 100
303 1 100
835 1 100
605 1 100
741 1 100
752 1 100
642 1 100
360 1 100
101 1 100
859 1 100
284 1 100
743 1 100
723 1 100
84 1 100
435 1 100
474 1 100
185 1 100
472 1 100
912 1 100
15 1 100
441 1 100
905 1 100
811 1 100
14 1 100
952 1 100
995 1 100
901 1 100
914 1 100
907 1 100
440 1 100
861 1 100
149 1 100
312 1 100
636 1 100
25 1 100
53 1 100
929 1 100
504 1 100
968 1 100
115 1 100
306 1 100
307 1 100
640 1 100
377 1 100
959 1 100
52 1 100
351 1 100
856 1 100
791 1 100
577 1 100
941 1 100
168 1 100
146 1 100
363 1 100
696 1 100
718 1 100
980 1 100
697 1 100
493 1 100
672 1 100
325 1 100
607 1 100
72 1 100
475 1 100
933 1 100
531 1 100
665 1 100
509 1 100
476 1 100
517 1 100
707 1 100
192 1 100
680 1 100
829 1 100
547 1 100
80 1 100
177 1 100
425 1 100
769 1 100
407 1 100
631 1 100
646 1 100
130 1 100
700 1 100
492 1 100
247 1 100
764 1 100
732 1 100
120 1 100
436 1 100
668 1 100
230 1 100
225 1 100
454 1 100
627 1 100
780 1 100
26 1 100
131 1 100
839 1 100
786 1 100
778 1 100
633 1 100
602 1 100
409 1 100
729 1 100
221 1 100
656 1 100
994 1 100
526 1 100
95 1 100
356 1 100
537 1 100
215 1 100
279 1 100
199 1 100
94 1 100
853 1 100
825 1 100
671 1 100
1000 1 100
6 1 100
444 1 100
599 1 100
223 1 100
498 1 100
427 1 100
420 1 100
692 1 100
49 1 100
78 1 100
871 1 100
203 1 100
45 1 100
147 1 100
755 1 100
799 1 100
180 1 100
708 1 100
913 1 100
758 1 100
688 1 100
842 1 100
513 1 100
638 1 100
65 1 100
421 1 100
956 1 100
822 1 100
830 1 100
282 1 100
157 1 100
618 1 100
366 1 100
296 1 100
250 1 100
683 1 100
576 1 100
79 1 100
693 1 100
372 1 100
745 1 100
564 1 100
458 1 100
684 1 100
613 1 100
928 1 100
242 1 100
187 1 100
428 1 100
258 1 100
974 1 100
806 1 100
651 1 100
978 1 100
689 1 100
722 1 100
22 1 100
532 1 100
329 1 100
457 1 100
661 1 100
877 1 100
659 1 100
658 1 100
632 1 100
555 1 100
145 1 100
747 1 100
150 1 100
400 1 100
464 1 100
479 1 100
731 1 100
170 1 100
552 1 100
140 1 100
166 1 100
195 1 100
117 1 100
988 1 100
976 1 100
679 1 100
809 1 100
445 1 100
390 1 100
810 1 100
997 1 100
339 1 100
96 1 100
647 1 100
938 1 100
673 1 100
887 1 100
7 1 100
422 1 100
167 1 100
847 1 100
942 1 100
543 1 100
198 1 100
823 1 100
33 1 100
779 1 100
611 1 100
746 1 100
940 1 100
55 1 100
885 1 100
171 1 100
151 1 100
160 1 100
964 1 100
710 1 100
338 1 100
56 1 100
634 1 100
456 1 100
283 1 100
675 1 100
495 1 100
23 1 100
855 1 100
846 1 100
266 1 100
998 1 100
888 1 100
677 1 100
134 1 100
254 1 100
196 1 100
918 1 100
881 1 100
883 1 100
772 1 100
951 1 100
110 1 100
288 1 100
447 1 100
477 1 100
256 1 100
36 1 100
831 1 100
785 1 100
268 1 100
57 1 100
186 1 100
243 1 100
596 1 100
448 1 100
376 1 100
812 1 100
669 1 100
470 1 100
200 1 100
535 1 100
701 1 100
465 1 100
5 1 100
985 1 100
211 1 100
571 1 100
754 1 100
189 1 100
663 1 100
575 1 100
987 1 100
617 1 100
922 1 100
585 1 100
873 1 100
275 1 100
478 1 100
645 1 100
817 1 100
795 1 100
545 1 100
125 1 100
924 1 100
413 1 100
367 1 100
610 1 100
713 1 100
616 1 100
562 1 100
412 1 100
364 1 100
567 1 100
419 1 100
169 1 100
899 1 100
179 1 100
44 1 100
603 1 100
826 1 100
3 1 100
46 1 100
482 1 100
314 1 100
898 1 100
686 1 100
550 1 100
328 1 100
910 1 100
614 1 100
301 1 100
650 1 100
979 1 100
666 1 100
42 1 100
34 1 100
789 1 100
291 1 100
143 1 100
999 1 100
720 1 100
253 1 100
405 1 100
591 1 100
993 1 100
524 1 100
104 1 100
685 1 100
698 1 100
246 1 100
736 1 100
432 1 100
916 1 100
621 1 100
487 1 100
159 1 100
834 1 100
670 1 100
915 1 100
77 1 100
582 1 100
43 1 100
593 1 100
573 1 100
790 1 100
2 1 100
381 1 100
417 1 100
93 1 100
549 1 100
228 1 100
138 1 100
216 1 100
471 1 100
705 1 100
91 1 100
597 1 100
560 1 100
931 1 100
965 1 100
397 1 100
112 1 100
771 1 100
201 1 100
304 1 100
841 1 100
542 1 100
345 1 100
808 1 100
429 1 100
290 1 100
320 1 100
378 1 100
635 1 100
124 1 100
347 1 100
828 1 100
586 1 100
64 1 100
827 1 100
590 1 100
519 1 100
383 1 100
961 1 100
852 1 100
37 1 100
862 1 100
286 1 100
227 1 100
734 1 100
712 1 100
335 1 100
437 1 100
59 1 100
589 1 100
233 1 100
234 1 100
373 1 100
880 1 100
4 1 100
398 1 100
299 1 100
371 1 100
380 1 100
300 1 100
209 1 100
265 1 100
257 1 100
882 1 100
323 1 100
767 1 100
375 1 100
62 1 100
342 1 100
630 1 100
983 1 100
579 1 100
394 1 100
626 1 100
439 1 100
533 1 100
569 1 100
61 1 100
753 1 100
11 1 100
935 1 100
773 1 100
962 1 100
274 1 100
219 1 100
525 1 100
528 1 100
891 1 100
39 1 100
850 1 100
281 1 100
895 1 100
317 1 100
869 1 100
82 1 100
889 1 100
239 1 100
578 1 100
232 1 100
237 1 100
63 1 100
906 1 100
270 1 100
462 1 100
175 1 100
870 1 100
152 1 100
991 1 100
505 1 100
188 1 100
30 1 100
490 1 100
699 1 100
803 1 100
945 1 100
623 1 100
114 1 100
224 1 100
637 1 100
70 1 100
484 1 100
229 1 100
819 1 100
156 1 100
629 1 100
874 1 100
54 1 100
136 1 100
527 1 100
47 1 100
739 1 100
768 1 100
854 1 100
264 1 100
235 1 100
121 1 100
222 1 100
600 1 100
132 1 100
751 1 100
58 1 100
238 1 100
430 1 100
972 1 100
343 1 100
894 1 100
197 1 100
653 1 100
87 1 100
784 1 100
118 1 100
332 1 100
503 1 100
164 1 100
85 1 100
568 1 100
365 1 100
194 1 100
359 1 100
934 1 100
857 1 100
330 1 100
354 1 100
446 1 100
911 1 100
285 1 100
48 1 100
798 1 100
214 1 100
946 1 100
544 1 100
587 1 100
756 1 100
534 1 100
770 1 100
74 1 100
399 1 100
554 1 100
353 1 100
442 1 100
949 1 100
858 1 100
452 1 100
259 1 100
821 1 100
261 1 100
860 1 100
162 1 100
777 1 100
584 1 100
652 1 100
99 1 100
184 1 100
128 1 100
622 1 100
954 1 100
155 1 100
966 1 100
144 1 100
678 1 100
116 1 100
890 1 100
925 1 100
643 1 100
27 1 100
473 1 100
190 1 100
749 1 100
984 1 100
293 1 100
16 1 100
820 1 100
904 1 100
416 1 100
500 1 100
676 1 100
796 1 100
396 1 100
737 1 100
295 1 100
878 1 100
565 1 100
884 1 100
706 1 100
202 1 100
393 1 100
501 1 100
776 1 100
313 1 100
594 1 100
182 1 100
788 1 100
213 1 100
135 1 100
60 1 100
515 1 100
17 1 100
892 1 100
386 1 100
341 1 100
703 1 100
297 1 100
90 1 100
893 1 100
461 1 100
574 1 100
76 1 100
868 1 100
909 1 100
410 1 100
404 1 100
391 1 100
466 1 100
838 1 100
625 1 100
337 1 100
792 1 100
572 1 100
463 1 100
389 1 100
483 1 100
989 1 100
12 1 100
566 1 100
969 1 100
726 1 100
664 1 100
418 1 100
927 1 100
100 1 100
514 1 100
563 1 100
350 1 100
127 1 100
583 1 100
298 1 100
210 1 100
836 1 100
