2000 4000
1337 1146
431 870
415 1778
1031 1548
1334 1589
1241 1813
163 839
1359 554
220 127
818 823
440 278
1736 330
188 526
222 1289
1466 19
1860 763
513 1035
1531 1988
1788 1783
386 1100
114 11
338 924
1249 1624
189 847
365 1324
502 1998
870 1650
1554 883
192 1525
1938 1802
1045 1096
1126 1896
1698 311
858 822
1314 1920
234 1493
204 1681
1334 1019
1303 457
1397 325
1579 846
1073 1174
998 901
1590 808
1220 351
1617 882
1903 479
456 1369
1151 1956
480 601
844 223
707 1788
1374 598
705 464
1540 1405
651 1011
1154 1380
853 1951
1121 1600
1331 236
628 415
1578 779
1116 1422
1507 1497
29 1571
1896 1978
90 1785
1101 487
807 71
1978 772
418 352
1184 1072
376 943
1894 519
1280 1926
893 776
159 700
1654 813
791 1132
664 1678
194 1500
1377 6
1797 1060
687 524
618 1947
1804 1937
1877 609
15 969
1486 473
340 353
1323 569
701 1474
431 1002
1742 737
282 184
500 1247
1229 1772
882 1807
1025 379
764 76
731 1463
1225 1319
64 1014
3 624
591 1750
1177 806
1620 804
656 1137
33 826
1174 12
1412 1110
872 1168
450 1136
1637 1566
1262 488
1737 323
1213 49
1054 1634
1853 1167
9 1718
705 1278
1393 1711
1272 1585
1513 704
1171 1654
1005 1932
1083 568
852 695
1602 1325
1922 1256
1900 1164
1642 1647
1651 1242
189 880
1041 555
430 647
1466 1657
1927 1657
1285 344
351 980
695 433
305 221
1345 1585
1192 1704
224 1058
1432 795
1947 1523
1287 1703
1738 958
694 1873
936 14
1914 1600
993 503
1265 302
874 468
720 92
1521 654
1381 878
1583 364
303 1193
784 3
1879 368
1848 1557
698 921
1477 718
297 1712
124 1025
1864 1587
169 1569
1407 729
966 1225
1450 140
1073 1385
1758 1419
1119 744
1416 930
1833 1835
1608 1200
565 498
663 926
881 1475
1029 467
1643 1013
1417 257
390 427
743 882
1265 670
602 680
214 1171
220 1995
1778 774
460 494
830 1056
750 210
759 1949
655 758
1721 961
1576 357
1926 129
380 743
648 419
404 613
1735 737
1251 1827
284 1367
1744 142
213 495
425 1381
855 927
554 1339
1909 1388
1800 283
675 1533
1224 443
1624 1424
479 1988
1287 887
1658 473
1668 1128
1997 517
1860 1352
1025 1660
156 1146
1446 1642
903 1916
1093 1733
300 1174
740 348
1053 1548
357 1033
413 64
1624 505
1707 1702
409 883
1836 1298
777 794
1617 1795
1752 1076
1911 1029
1485 294
1436 397
1138 474
213 102
1493 1068
930 413
1990 600
1239 1325
561 594
1507 143
697 526
1550 64
1014 1426
1013 1142
1677 3
1761 54
1054 1185
1686 885
393 1447
1806 402
595 1814
239 796
195 1468
1231 252
1501 1939
1305 1731
470 904
27 157
1233 597
1160 352
444 1315
1689 490
414 154
314 1986
1232 1345
790 1536
411 1427
1647 953
928 737
1398 1181
1936 1334
341 715
1408 135
928 1094
297 1629
1401 349
774 688
1589 34
211 825
66 1228
1835 765
633 1019
170 499
1809 1285
1035 1255
1851 436
1115 1293
1075 949
1202 1899
73 1622
575 33
310 623
1429 300
744 1374
1154 443
766 618
937 499
1448 897
837 979
1678 608
1994 531
1132 1365
1991 1603
1497 1192
46 829
1117 323
524 760
1414 308
1184 158
733 1329
387 1362
1330 842
532 1624
1572 1461
558 23
870 561
1224 458
761 472
1710 61
999 1569
1415 706
26 1275
306 1867
1513 1558
217 1848
217 1501
1905 1777
1791 1478
245 1128
1281 817
258 302
1518 854
1228 1325
1414 1654
683 243
1701 1212
323 879
1413 618
1378 1707
170 951
1741 942
342 1450
395 1218
164 1224
1116 955
607 710
1760 807
901 779
1042 1753
593 1363
469 64
1430 1099
974 1383
1915 207
330 438
1559 869
1093 746
1958 893
1699 1651
633 1616
722 1269
304 1431
402 794
1134 674
403 1297
39 384
293 734
1491 929
594 1664
155 1546
1135 894
726 1290
1392 68
1997 1910
1340 683
1036 1386
1126 1872
813 203
1831 1335
1608 1600
1341 279
1390 1515
1318 413
250 354
1861 1456
872 1873
970 501
1046 1884
301 260
562 1396
1694 1507
461 1970
966 1642
1827 1272
181 1664
1354 1234
1461 230
1518 1009
547 1841
210 1624
1857 92
1554 1842
1179 1876
44 1421
1031 852
1696 1747
1489 658
729 1447
1265 1249
724 324
739 1613
1380 428
1155 661
241 1963
175 644
882 661
470 1784
1523 1058
120 1858
151 298
423 1750
733 1319
1801 429
9 1648
121 1123
596 1846
1594 1335
923 1896
881 537
397 767
1020 1156
661 743
1777 1280
1921 198
462 373
839 728
1630 368
886 1512
1767 340
742 1853
119 335
1403 1727
1401 1182
247 1487
304 1024
1141 366
1680 1533
992 1423
1127 1649
377 938
1461 1985
1483 1890
1044 626
1322 1664
965 1606
638 71
811 1193
596 1983
1871 1058
284 812
1979 462
165 1807
1679 915
759 1066
906 1613
281 1699
699 50
320 368
627 1133
1817 713
1135 748
1237 903
407 1362
731 1743
408 2
1712 120
1883 785
1317 583
569 1513
1090 1461
1703 1031
124 1914
1753 1415
1595 1159
1763 1796
1622 1244
300 585
1975 512
1971 1008
1429 1958
189 1117
1088 1055
237 1385
1292 829
1140 1375
1822 70
707 43
92 1436
866 1600
371 1568
1612 819
812 716
608 529
814 1000
101 837
558 1953
270 754
383 1195
946 593
196 389
275 1138
1882 1339
52 697
729 375
1491 1658
1678 307
784 647
351 116
1056 1833
86 1188
1967 544
1961 1000
1626 1389
1854 1955
916 1488
917 1869
1179 1119
1976 784
1404 1598
642 1525
1949 1224
947 1702
1161 1667
1036 1424
991 1945
1218 1751
248 1570
461 1000
1935 1203
1468 449
1334 1412
1479 1384
632 1675
791 215
1640 1021
427 974
154 659
62 1478
1736 1378
698 27
1383 1645
1815 1973
1211 378
1209 1994
1901 649
1021 418
1042 1545
1993 736
438 242
1360 1386
102 1135
1255 1234
523 1156
20 943
96 400
1472 940
1177 198
1565 597
154 555
1796 1235
1045 183
295 1308
1780 1527
1074 347
1653 1707
491 192
1395 1118
302 298
981 1329
1017 56
16 828
1157 1355
534 1227
1542 1978
1067 1701
796 908
711 747
1750 1141
856 1196
348 556
1759 25
1754 1331
108 1906
1633 843
1645 1881
1324 1163
59 241
1568 237
1608 602
211 912
324 1064
1706 718
1563 186
408 938
89 1809
139 59
669 1973
1099 1554
619 41
1856 1672
647 1190
1945 470
258 864
700 1415
408 1793
517 1110
18 1767
1392 210
1594 1893
1323 93
339 1749
1110 1035
1140 867
1489 720
1095 1636
836 536
977 1047
1340 1230
1401 230
1956 942
1629 229
1568 231
824 1252
267 21
164 1335
1365 1294
1598 484
1021 1879
1804 1220
84 1485
1129 1339
199 1643
534 911
238 1481
187 922
1757 1446
439 1226
1531 266
991 50
1975 1999
15 1570
1114 37
1540 1205
436 1575
1290 1943
1687 1065
1015 1536
1944 448
1204 1442
1453 1094
873 1961
660 1946
594 232
1535 911
1828 791
891 1924
1814 158
1120 171
1490 229
1806 671
444 120
1566 916
1965 1854
1400 797
268 787
914 615
600 751
1597 1603
1261 337
978 197
779 1365
314 1153
1895 577
572 1131
1577 780
1668 1107
1454 692
1504 1364
1014 1735
485 1267
563 1637
1057 835
1513 791
1297 967
284 504
1023 303
148 1997
670 941
694 576
887 564
134 835
1147 1775
409 1323
600 1692
1865 10
1673 233
926 1516
951 257
424 290
1276 476
1396 1194
1928 758
244 1593
1271 303
834 1143
1526 917
1624 1576
562 1112
1914 1040
417 1053
1074 569
133 749
962 1625
406 194
1262 1495
236 1765
192 1532
699 1514
1429 1215
868 1201
533 1483
933 1758
1673 664
1217 1647
1122 657
125 1029
1375 471
446 1394
462 518
1389 1098
645 1854
1623 374
1668 238
1824 1905
659 1811
1908 989
1447 21
1496 597
1094 487
1741 1108
415 1378
1206 1604
1508 222
769 309
457 80
824 471
408 1848
525 1348
1614 1064
856 416
1720 1089
1089 393
862 197
1539 398
334 1578
1851 1411
65 424
1389 524
1995 1157
1349 629
1168 457
1190 555
1655 927
1186 895
1578 506
296 884
122 1802
201 139
1257 1513
63 1447
805 1858
806 351
1641 251
673 1377
519 1978
473 643
581 66
1411 1903
1726 144
1298 1579
1899 18
1081 1296
95 1747
1276 291
1620 1169
1847 936
1390 1675
1237 1342
1970 353
1276 885
1385 729
1470 1395
1893 1972
1685 1108
1249 1018
1427 1360
1103 1743
1290 1218
344 243
1872 1279
1737 736
1843 1936
518 1749
50 920
1319 1879
349 78
918 1205
798 51
21 232
1997 1816
66 1494
793 1602
726 956
1499 53
6 568
382 573
289 1260
1569 990
849 6
530 1098
1824 30
1311 939
501 1514
1858 547
1084 2000
1087 1682
1609 1769
50 1576
52 990
897 698
1025 333
473 1522
1001 1264
844 217
1091 572
1121 1792
218 256
389 674
164 1063
1319 527
205 693
815 1087
1296 1419
841 21
1754 1405
174 1337
918 1455
716 1279
1852 1699
1111 561
166 1921
1132 1942
731 837
247 935
756 256
330 189
709 435
135 1607
459 512
1056 1898
211 126
1456 688
1773 355
1021 1339
1782 1803
454 1329
753 911
1273 497
232 775
850 1285
460 1896
328 528
1200 1767
1408 999
1752 1805
931 1980
347 1591
930 1783
1552 1771
751 1583
643 1648
465 417
924 126
328 39
1919 1130
766 575
1151 1916
1813 1674
1096 12
1842 464
875 1892
850 849
1864 1799
1042 1505
112 1303
1664 908
1165 1896
395 1950
420 873
1077 358
389 324
915 755
1266 1060
1695 1018
1149 630
397 1391
975 257
1207 715
336 1110
317 1219
73 284
581 1858
1795 1245
520 843
67 1115
1817 1289
905 1410
1299 723
880 1534
1930 1374
52 639
1413 1274
452 1372
43 1518
1281 1336
1003 1591
1184 77
822 1996
286 1589
528 482
1637 531
512 949
756 753
306 39
1683 1269
28 327
870 576
184 1118
336 1317
9 253
1365 657
1894 1199
257 226
1202 642
757 1181
1972 794
776 579
509 1729
1973 1579
1341 1875
516 628
1687 136
1745 1743
215 692
172 3
1227 1382
1957 1603
1454 1345
1307 1074
1673 1271
1781 545
1844 17
1463 117
992 1690
752 1853
1212 123
1342 346
1820 188
717 1504
1956 1944
127 1775
931 493
1095 1948
798 1357
1746 1365
926 1258
1322 388
283 922
570 1460
792 458
1607 775
1531 361
1916 45
944 570
960 867
1631 1267
1041 1064
996 1909
1066 236
1748 337
212 1640
1423 115
1316 239
1928 1116
1560 33
1734 165
805 1117
1802 683
122 537
1631 530
1665 1378
994 1506
1291 137
1842 1518
639 1593
257 119
1056 546
1265 539
1992 906
1610 1840
275 633
1783 1861
410 668
683 311
833 28
1600 502
1258 537
1329 884
337 1061
1920 428
1111 122
979 697
1560 1897
1169 944
720 419
369 463
1043 288
1890 1812
798 135
959 1833
1395 711
1923 651
481 1687
1370 865
684 1576
838 1113
1619 1363
1473 1924
717 1660
1465 1711
1065 420
213 1350
1876 883
769 403
316 771
1243 760
1457 995
1341 299
1636 1022
697 1031
1670 117
1920 1598
508 1381
566 1725
584 1588
326 1117
1739 1318
1508 1633
435 1175
1848 1116
754 1176
1075 437
165 189
1817 144
1965 500
1865 1974
1389 691
486 1421
378 1643
1260 982
955 971
47 1582
1601 63
697 544
809 339
82 1356
414 1845
208 786
108 1158
241 316
1810 479
2 1553
1181 1429
753 120
838 1435
459 1002
105 22
561 120
1693 601
1849 1309
377 64
450 254
1737 2
1283 887
1999 581
1531 248
752 382
584 1940
1029 1912
1243 1194
38 930
1030 1911
1727 511
1807 496
517 962
328 1955
1971 1295
387 381
1489 171
503 1210
1748 74
1694 1328
1533 1785
881 1408
8 563
919 450
1221 1867
1931 152
705 340
348 802
311 362
1502 934
1422 1624
876 713
1548 803
48 471
697 1075
454 860
628 367
9 427
1998 346
1695 526
815 1390
496 1288
229 515
1697 958
476 561
1067 365
727 1789
39 1442
1928 711
1979 179
784 1159
1845 446
1881 120
691 304
1851 948
1961 979
1754 1196
1911 1782
495 1857
1902 1968
1766 1604
983 617
1310 600
91 699
1328 1281
1344 1410
748 331
320 881
591 485
86 630
1062 1352
557 999
1996 60
1818 1832
1619 737
75 19
900 1959
832 1387
197 1210
936 82
1751 1830
1005 1598
1780 30
1850 1787
603 1131
719 386
834 1586
1459 805
1645 770
1736 1758
1932 884
1392 1718
79 533
944 875
501 1472
473 1886
306 628
1880 117
232 476
417 789
1168 421
808 540
1409 1262
4 1416
32 211
458 1886
1098 1416
1790 1340
189 1616
612 1897
827 608
1498 872
1332 489
1960 309
1266 423
586 250
804 34
1116 228
1783 43
1230 1140
963 1593
1670 1628
1587 1530
1472 1027
1950 673
358 1278
14 675
1873 6
1406 1294
1845 1224
1095 1451
60 973
1031 107
719 666
474 655
432 24
104 471
1683 762
282 839
97 1652
1568 1825
437 1608
1278 1323
177 124
615 583
1509 275
836 1505
910 1954
505 958
1584 998
273 784
965 1994
1900 1216
47 1411
741 368
1100 414
1847 884
1423 1645
390 1556
428 312
1516 510
1733 1742
1423 551
1342 1776
116 1110
722 1473
1318 1584
874 494
814 1553
615 1725
466 239
1459 812
125 1116
888 1714
701 1207
1174 428
316 1559
912 1599
1700 1304
1917 838
577 1911
117 149
280 43
1942 477
1215 1372
1840 978
1822 1369
646 15
539 520
1164 1969
51 493
1830 967
1373 1595
1319 1432
619 1494
1121 914
1080 854
1821 1220
777 372
1423 1214
1928 1790
1627 1386
949 1958
1635 327
780 1131
167 150
809 341
1362 830
1028 703
848 1282
242 327
1262 1704
1582 990
1659 1662
1125 1115
1398 685
218 1343
550 161
1391 435
499 327
600 1220
1728 1425
958 705
1797 1800
371 746
1031 1699
1639 560
1838 975
230 393
407 1451
373 1399
1237 741
1614 1316
1695 1731
1505 994
46 143
557 728
1981 150
115 1616
1716 177
909 1862
591 1787
1175 157
885 273
1143 14
1601 605
1692 1569
625 478
1177 1075
1543 1987
595 630
757 1385
382 1417
1292 1904
954 1904
1130 223
1340 35
1898 194
292 974
841 770
1456 1189
1371 1889
1391 1467
100 770
904 759
583 1343
252 221
1858 189
8 307
52 447
45 955
578 1221
494 1330
473 652
1732 1715
286 534
975 1651
1640 401
1906 1279
1617 1167
321 489
1692 1199
1529 1891
799 1069
23 1596
1800 391
1626 1578
104 1149
543 1998
606 822
267 673
905 440
1044 566
1350 1161
1015 1043
372 1836
1696 1622
820 1566
331 1275
1128 881
1954 1467
1805 1029
1248 704
76 206
1516 1561
1007 568
1858 1940
1249 1201
1482 478
1753 1339
644 1438
1630 297
228 1122
1277 1262
1913 1762
1488 559
1982 139
971 652
1306 1030
493 1449
335 350
1162 237
483 182
1837 1770
1549 1990
1151 1557
32 322
1691 1292
1632 1020
93 1182
189 1783
544 563
551 1364
333 438
1072 1565
1809 1074
1811 699
1520 1644
1237 1499
295 1969
1674 1496
609 1922
717 1502
703 1085
1310 1883
1573 62
1838 1359
1524 529
1011 1864
1278 1525
175 1826
1913 1240
1269 1513
1963 1951
1487 1817
1035 971
553 1203
687 315
538 60
1811 1714
120 1100
1625 1374
1300 627
1622 413
1919 830
1669 531
1977 12
1828 1933
464 962
821 1059
1971 1515
99 1134
82 952
610 1391
672 877
1400 361
52 1532
137 566
1140 695
1025 1481
558 525
1801 1786
1061 284
792 1544
467 1245
574 914
1115 829
1224 114
160 654
410 1799
206 1254
1400 335
923 1823
527 1774
1638 743
771 1907
297 1631
1676 1635
940 1754
964 926
1657 453
1366 197
1534 1801
411 438
191 551
1248 686
1966 1717
1992 209
926 94
992 693
6 42
131 1365
601 1675
1514 1273
759 5
794 537
1470 381
671 1901
864 701
725 1547
470 52
279 1198
447 101
302 32
1016 213
1339 67
669 681
560 1607
805 1535
749 472
867 976
596 1494
1801 1221
1126 926
1398 920
1261 723
878 342
1100 772
1980 1218
1845 1326
503 1750
1352 343
844 1776
1141 1687
47 1907
319 31
132 1568
1415 1706
550 1450
429 754
1819 116
1633 1110
141 1253
1034 1654
1320 590
1285 1524
1255 1227
1033 1060
264 1010
628 1491
984 1829
1642 696
1365 773
616 1306
1779 1039
150 1353
986 1268
1012 1586
973 1201
1246 548
1750 120
691 1970
1893 627
618 1225
990 1666
1747 542
1643 1452
1155 1945
229 492
739 1633
621 1947
1051 1480
294 809
1244 1786
1142 1633
1478 1622
965 1287
464 1323
541 1166
1166 1394
622 1518
435 354
87 1275
705 1535
360 1613
18 111
347 278
1405 1640
1322 1723
1807 12
609 1305
1125 1776
1520 693
7 1284
791 1145
420 338
1999 197
1581 612
1804 1133
588 162
402 806
471 819
810 382
46 1552
352 1948
1677 220
1585 695
19 747
1448 1223
662 1455
840 1642
898 1419
357 1528
1350 21
1772 213
1964 1983
1844 289
173 53
1350 1505
1132 1333
1373 1555
1942 471
1567 865
50 1237
763 421
628 693
1593 1683
1928 1575
1707 1302
1623 1824
987 1666
497 1935
1280 361
755 1366
1767 1573
8 51
632 234
456 1414
1480 1328
419 1693
1839 862
1241 1189
696 1294
1296 1101
388 1956
863 1076
541 1391
1600 1088
1030 856
875 734
1236 1020
1378 1807
37 809
893 337
755 244
1966 1834
288 1779
1344 1021
1277 743
1048 424
1118 978
1899 1353
1278 113
332 1474
1829 1539
860 278
1901 1468
653 860
283 1328
887 1128
1275 1431
1097 1476
974 1486
1591 1236
231 598
1328 1588
130 1698
737 1215
309 1094
882 663
662 496
1039 1546
812 1895
342 592
1922 1019
1759 290
1935 490
992 1108
611 172
1087 1775
1013 1072
1331 275
1153 483
874 1054
8 1186
1964 1852
1944 89
1669 251
128 787
1081 461
586 872
1718 897
321 734
1344 1098
66 1194
166 1843
1173 1465
1080 1066
1270 433
286 1175
1291 711
391 1473
419 690
1049 196
1488 1905
1778 1925
32 42
49 1625
96 1311
1097 1442
409 118
1028 398
521 1034
1998 1522
185 1923
821 1926
916 575
43 1396
735 1100
313 609
1924 1529
905 179
1032 1511
1312 240
1172 1506
925 1109
954 869
289 1462
1827 1598
1924 326
1231 773
1908 1568
622 1301
441 947
790 1574
537 189
1406 636
45 418
1705 631
1538 786
1064 686
1994 844
1977 96
1275 897
1709 950
50 189
611 658
1394 1300
617 1859
1354 1533
1251 1006
25 1770
1998 198
1221 1555
700 1353
342 223
335 4
1309 1225
441 225
1064 1232
676 208
1254 1646
1257 174
1469 1639
1039 1156
841 1896
750 252
1584 1538
140 1245
444 600
149 743
678 1238
1503 1203
439 1502
794 323
564 867
1650 1178
1091 831
1615 872
1457 1955
172 1321
1448 922
1443 1967
581 1304
660 1375
1650 1038
81 455
777 498
765 1967
98 1868
1522 1304
301 1124
1686 1694
1083 1767
16 1004
266 1311
202 91
1634 1479
1987 232
1336 1849
615 267
1264 1066
639 1612
905 390
1882 1600
244 338
476 1659
355 1848
1049 1137
1884 811
1893 932
405 1185
299 330
179 463
1891 433
814 468
1777 1531
748 1531
1527 1921
1959 518
983 183
1106 1119
1889 1524
247 434
979 1723
1803 240
331 822
772 475
1286 1663
464 309
1373 399
1171 268
580 1286
377 1730
1710 1078
32 1575
1280 675
1582 486
1336 1402
1076 147
402 64
1563 1283
643 257
386 583
1104 1989
917 502
1541 1462
880 737
299 796
571 231
1110 1143
44 1918
1348 1522
1083 1488
917 1607
1610 599
633 1039
523 208
307 1058
415 505
246 799
1558 1546
1292 393
1327 769
1958 1327
168 871
1657 1193
1435 745
1671 1152
1445 495
940 419
1384 1334
1386 512
1670 1484
431 1982
288 207
340 383
1500 159
1069 567
1571 537
210 1340
1906 1047
1312 1639
976 1254
4 1699
89 650
1452 191
1778 674
655 990
58 1632
1868 1802
1602 71
630 515
485 213
359 478
1649 1270
1116 533
892 431
657 1607
1484 798
723 677
1232 1420
1913 940
38 1000
1846 1703
1180 1610
1237 645
1325 84
601 353
1734 787
1812 700
1791 1831
1143 1361
344 920
121 214
70 1748
267 1034
778 1083
626 110
23 1529
1956 636
1891 1608
560 781
1549 139
763 676
319 173
988 677
624 1070
1512 1840
990 911
313 1799
360 1724
803 1686
523 1102
262 1867
974 1185
10 1031
733 639
1187 405
1589 763
249 1580
1217 628
1016 707
1836 164
1974 2000
1413 1063
289 1622
942 1816
1838 234
671 845
1666 548
1015 11
213 1805
596 795
735 653
928 265
355 1532
1633 1155
423 428
743 356
221 1036
1576 706
1202 1088
1127 1379
734 1286
1692 248
1629 1333
1977 24
918 448
1088 1772
756 815
379 486
227 1684
1425 224
562 1211
643 837
337 1448
578 520
678 1730
1503 892
1802 168
71 1157
87 1895
1437 1306
1674 120
1067 1672
1235 1605
435 1504
1875 1482
1437 949
350 882
343 503
1562 1924
1828 542
1254 1040
847 75
137 927
1815 1048
573 486
1230 37
1442 80
1419 1624
1392 126
1911 1599
1295 1227
554 530
1088 46
469 1650
1262 1760
1624 239
312 1565
1566 1493
852 1708
422 933
645 1397
12 1131
1967 707
937 1212
37 1389
825 428
274 928
1698 1822
877 935
488 643
69 821
1315 1393
1808 733
480 188
1249 1068
1530 355
983 1425
218 1981
404 130
661 724
1911 1995
297 450
1646 1095
1196 518
876 1386
1211 692
239 995
1406 931
1837 211
738 1816
728 1825
1219 1756
595 1412
54 1534
255 1537
516 1428
1665 452
780 1216
1481 802
466 254
295 1825
1787 271
1132 796
199 1161
1059 1579
71 1521
995 1550
95 1505
943 236
1112 1586
345 715
1372 263
1963 1526
935 282
587 457
1676 1954
679 730
1136 1105
1927 1470
382 318
1266 344
470 1953
1742 135
555 1994
177 631
705 447
799 716
943 412
907 1228
1491 1059
332 1620
1319 409
1128 594
1496 1176
1125 1454
1453 468
1806 565
1218 235
264 599
1143 1757
466 13
1640 1220
1027 1329
213 1719
1294 1678
1333 621
694 1568
946 934
502 428
446 416
1204 229
1642 1677
1709 1923
1942 47
1312 395
1982 815
1917 651
705 1021
1198 329
1989 761
1222 1615
1308 734
1300 204
958 490
1618 633
754 1382
1935 1622
1732 867
283 435
1057 22
850 805
1797 254
1378 519
1970 729
626 291
1239 393
445 1012
882 903
1107 1904
618 686
279 782
792 1381
420 329
1086 147
390 1551
212 590
1678 1116
357 1445
44 520
557 1294
803 1346
851 1561
25 1972
1914 853
1895 674
557 1031
180 901
1485 626
450 1405
376 1215
1327 757
576 50
1821 1099
1723 1654
773 456
1163 946
154 807
922 137
1248 434
1345 1238
151 708
384 363
1993 1688
872 726
1927 1950
1185 884
1862 1586
1874 955
478 215
928 1278
682 1418
1383 1916
1425 1902
33 1208
952 379
1710 794
198 1043
676 845
1724 588
1930 760
497 679
994 1399
134 1740
812 153
267 678
674 250
1467 147
261 718
1273 744
1289 236
68 64
776 1440
78 473
130 1502
372 561
640 1874
500 682
347 1592
138 290
1723 723
456 755
720 1499
465 1974
1365 914
1357 148
435 1384
1759 1492
1274 97
375 1245
1352 356
787 498
1020 644
227 964
1971 1458
1077 781
1084 1686
1517 1417
1869 1816
929 460
996 1320
1950 561
878 1270
1320 1827
1109 11
541 1521
763 1941
1697 1992
1602 300
1043 1750
1885 1967
270 1546
1537 740
1916 939
981 1371
890 480
37 236
1796 1434
1521 1063
1043 714
1406 692
1510 1838
658 1764
100 1725
657 1555
1760 1222
1633 1972
1869 334
200 579
572 242
1962 641
883 198
1087 322
1818 715
1209 1753
1309 600
1630 1878
1762 1136
962 671
322 684
914 1174
1318 870
1076 708
911 1169
1075 898
1491 1235
1460 1213
1749 483
908 714
1350 516
1514 1309
1212 749
1770 1539
1244 276
720 1657
794 475
1605 912
985 72
471 553
1840 1875
1096 1368
260 68
1740 484
635 1587
190 997
1195 1226
1676 1504
384 83
1140 417
1889 343
1595 1324
17 971
729 1419
259 800
853 867
364 1907
1697 1440
978 1877
1512 1150
1430 323
521 30
1995 1216
987 989
615 1463
1590 1795
853 1243
1275 569
1088 1504
896 360
1340 1744
1933 614
579 1159
937 514
1026 649
1700 1040
214 300
129 517
1710 725
701 252
1825 1193
1295 1720
589 1878
932 904
1121 1310
1735 734
1987 1772
324 590
1211 738
162 1938
2000 1229
588 1169
1084 634
1590 1483
1416 675
1250 1116
233 334
588 1662
219 1284
50 1117
1716 1311
1987 1196
1542 51
213 1288
1499 396
926 1310
1952 120
1825 1669
7 1269
1884 318
1992 250
1457 1657
1303 995
1128 444
1517 1524
1443 73
1273 1066
1683 933
1583 864
1778 189
1910 60
616 959
580 1273
1639 481
1138 1080
614 1087
691 1976
736 797
1605 1650
1130 821
55 407
967 1410
1618 1244
1219 1926
84 367
1224 921
985 192
1733 1711
1581 781
1620 1512
1666 1988
624 1419
411 956
1722 285
1179 1249
761 1954
972 127
859 1331
279 5
169 1944
902 1145
747 1118
1073 373
229 411
478 1220
677 1012
1082 1655
1274 261
1172 1619
2 1220
618 1521
408 1295
199 1170
1317 1293
1685 1105
643 321
487 1796
602 1509
36 55
341 366
64 547
1734 1137
648 788
466 128
13 686
550 1626
1721 1038
355 341
985 1746
96 220
1007 1595
1391 359
368 1565
1240 310
1379 1877
1003 335
706 108
1702 280
232 1443
348 1675
773 1894
810 1940
285 816
468 505
287 1846
1301 144
366 181
1744 1062
1149 1787
1159 595
665 1493
987 1575
987 1667
793 1219
1927 950
1883 409
1417 1887
290 1887
1010 1534
789 1019
892 79
1132 1820
647 756
1536 752
870 1968
600 537
1534 778
1003 944
1427 962
1640 152
1163 1802
954 1823
618 91
42 374
288 1181
1486 1445
1586 303
767 611
816 300
1014 1554
18 695
81 1489
335 1563
1573 55
1466 710
1434 921
540 1213
1113 284
1682 1879
1092 242
116 198
1649 1354
648 844
1326 1773
132 1389
1511 644
1094 372
15 1722
299 671
1632 1540
1757 1109
1211 1332
1932 775
1009 1247
500 1770
946 1924
68 254
546 1224
1951 1669
975 1691
752 1223
185 323
1778 1075
957 1062
1944 1424
1117 615
865 1565
1311 1892
49 1787
1081 85
638 375
327 277
1658 608
1937 680
20 1936
818 1837
1465 915
476 794
729 796
1303 850
1396 1425
435 1272
123 1738
1440 735
227 365
974 1475
54 805
130 553
129 125
72 1220
1674 5
1591 747
815 1037
408 1172
744 1698
1855 708
1221 869
805 917
711 1179
1474 1984
1603 309
1565 522
291 1618
1326 1248
1553 190
870 486
1451 854
38 1235
918 351
937 863
101 635
857 744
433 828
182 352
646 59
1868 1424
1693 1323
1627 1159
996 153
1884 568
1889 1956
1643 1372
1680 824
50 327
1142 185
1999 1230
444 1689
1745 49
83 1683
1363 629
1306 846
1799 1379
718 693
269 252
1071 1134
1761 773
1246 801
1177 1276
690 271
1404 1402
753 962
155 260
1622 901
1756 1670
17 1362
730 1432
1185 1354
343 342
1295 416
1778 305
821 1586
1347 993
1302 184
1325 1454
1070 1637
309 1214
552 963
322 889
972 1756
1789 965
69 1049
1206 1186
757 1901
1577 1084
1038 645
290 925
1515 462
1853 1840
365 258
1755 869
345 1053
1758 1557
1376 1619
695 73
940 1711
99 941
780 783
1840 1289
1509 1435
165 967
1331 1241
1773 1985
141 1956
859 862
822 1407
232 1581
40 185
665 1793
69 1584
1314 165
1983 1760
1543 1739
1841 1917
902 558
993 1878
1769 490
931 1463
876 1578
475 975
1188 322
685 633
616 1174
1552 910
390 599
541 110
604 137
1358 953
1844 1005
241 140
1204 187
746 1519
180 1104
1620 853
674 1928
740 158
1313 1666
1346 554
227 958
232 281
115 1070
1612 785
1208 990
1220 901
1663 336
1631 308
162 16
1604 54
1419 128
829 1555
200 835
86 1828
1581 61
1449 1813
665 879
1731 968
982 1986
1934 1680
860 1098
919 653
688 1115
412 1399
1818 872
1153 1792
682 725
234 68
104 1062
1027 225
203 1467
1052 395
928 1220
715 550
732 1170
584 1842
808 1551
916 1097
966 1798
810 394
277 460
544 878
1718 1742
1540 1753
62 539
1148 977
221 301
52 1316
1719 979
315 702
579 1136
558 268
1411 507
1079 1445
452 1870
1774 1910
749 766
1538 796
813 1916
1175 1044
1614 1765
1506 1782
1618 1779
314 608
1191 1661
1781 294
676 1111
136 133
1588 1461
840 1333
268 1964
245 1806
1692 255
749 76
763 307
950 305
626 499
1448 1347
1320 1520
1264 1991
251 1841
1608 1857
1649 906
1419 314
535 1165
324 1049
1948 1544
1828 971
1767 128
1317 482
587 832
10 1697
1297 1809
1409 731
296 538
287 1391
808 1732
138 969
1263 388
493 61
1612 967
1487 571
1428 1060
109 357
312 891
1987 670
1722 1222
1121 472
1039 1651
1653 509
1582 37
623 1683
1917 1696
1191 702
653 981
1051 73
1489 768
617 1428
1802 872
112 1075
1647 1509
833 535
300 828
337 887
1699 1483
1659 1903
1433 434
64 716
1682 1061
632 607
1592 1009
380 45
789 231
1273 614
829 1226
242 1593
251 878
1185 1158
205 1616
1371 1821
1534 1178
1594 1570
1878 1157
1333 1233
1098 1895
1187 1550
1449 29
1981 634
1817 63
1445 1203
392 1808
589 857
1925 454
915 1616
486 984
1379 1196
1131 673
1887 377
1617 866
1917 1057
949 1681
23 656
672 146
1808 332
1227 890
798 464
1895 90
31 539
1561 1240
612 1807
396 891
482 677
1360 1861
1210 364
1270 1699
1022 1772
450 1105
514 1184
1997 934
1185 1231
1679 1032
464 537
1467 1084
246 190
440 981
1408 449
508 591
1656 362
1133 1006
513 176
1971 360
729 126
371 940
1812 306
889 1639
1983 1999
610 984
703 23
50 1624
1585 1074
804 1096
950 1476
272 56
1773 1498
582 1305
271 1290
417 1915
1767 1135
52 782
171 1242
88 655
2000 429
1150 1540
821 475
1387 115
1661 857
433 1841
825 1986
310 815
1983 1829
1687 1443
777 202
1518 430
637 630
662 1514
1225 116
705 1674
913 95
54 1499
1688 245
1066 1757
1329 1755
814 577
148 1554
1146 1178
106 232
181 1922
1600 536
853 250
1921 418
521 1203
1627 913
776 1665
476 1902
976 488
1797 1714
1180 1870
1946 1528
1347 1473
1863 773
1439 1975
48 805
778 1464
1839 1261
451 803
1324 597
1977 1088
600 1828
1017 1983
788 2000
984 1818
1535 1263
962 827
986 1489
865 154
1102 118
1582 1913
864 103
1752 1490
363 721
664 1679
1352 459
1205 844
1586 1750
1763 1711
1894 369
1495 334
129 7
512 1743
1733 941
1457 1438
513 290
1462 389
806 1441
707 37
1598 103
251 15
387 1525
156 578
690 1337
1881 1899
1934 208
840 202
85 270
1008 733
174 457
433 1425
763 11
1657 1072
1524 1834
842 546
997 1193
90 1438
915 129
52 717
1282 1967
193 1770
491 1626
639 753
1355 151
436 662
1819 681
1027 870
1741 452
218 854
632 1363
712 1204
1474 1447
827 1621
1259 81
1791 1926
1998 1415
559 1863
448 1908
830 5
326 690
1106 1902
440 1837
741 689
1133 1519
456 1880
1207 931
1517 581
1748 209
1319 766
1115 1587
778 824
1226 250
260 1346
1173 1912
1575 449
1839 1707
1180 1562
1630 1581
1982 81
1115 318
1252 1512
758 5
613 317
1528 1714
61 1383
465 296
915 108
1913 442
1891 1128
921 901
1278 1985
520 1786
860 1174
1822 201
962 1881
1315 183
1962 1416
1829 677
349 1984
5 1586
1876 574
471 849
1944 261
1574 959
1713 1666
110 1650
573 700
852 707
385 622
163 1368
1403 154
1106 1288
1123 1357
618 1442
171 291
66 839
148 1775
249 1001
479 1675
817 634
1042 1085
320 1420
423 737
340 1720
1055 577
1803 108
781 1457
451 146
739 455
983 1604
777 333
1309 187
394 69
748 941
418 1780
1940 1891
870 950
1957 1628
1961 80
1690 788
1646 1160
834 1298
1787 1595
568 1285
1156 1847
241 1088
152 1571
589 342
810 1982
870 1508
718 552
418 860
482 1388
207 165
1779 1059
1009 1202
1897 178
63 333
1307 1678
1820 1631
607 1958
582 1158
1754 1121
323 1857
1885 86
1135 738
1437 400
652 1923
1261 382
381 1565
1590 1135
1966 555
1530 896
1565 860
850 1247
724 465
1942 1373
450 987
599 347
802 645
668 1246
197 1141
107 1073
1432 877
1274 996
735 1194
1906 488
1556 801
371 205
1899 1037
1339 404
549 242
1766 1364
74 543
60 1865
76 742
1776 1936
1903 988
1387 894
1197 1596
1207 292
761 1085
788 1901
430 398
758 784
667 374
1407 1401
559 507
1000 145
1545 613
884 192
120 312
195 851
1452 953
922 522
1338 94
418 604
120 1608
1503 565
1971 1135
444 766
1994 1986
575 166
615 980
1692 1412
1585 868
443 1090
147 1181
439 1102
1828 1611
1556 1769
1290 1013
1258 1407
779 434
743 346
1200 1024
1235 466
1163 1212
324 1090
191 1487
1258 1885
873 239
219 36
701 1645
1756 1305
177 1476
631 1573
1024 975
683 1869
1558 93
1560 1802
129 272
1155 1855
1593 515
686 446
1270 1572
53 1183
826 875
202 861
1026 774
898 1026
1864 1548
511 65
1052 1986
863 678
1338 818
795 423
1864 1303
1977 1669
442 1001
972 572
1888 976
1821 1062
333 99
961 484
1920 137
356 1050
1973 1160
1275 1147
1162 287
1668 1650
1961 1771
1277 1164
1166 1541
834 106
1532 620
1432 165
225 1264
1437 799
1656 788
176 1946
734 1936
674 763
1722 451
903 743
1672 1207
452 338
1630 1050
1846 1117
564 1382
1918 874
56 1478
1909 80
392 527
567 1638
1532 1
825 330
878 155
561 57
1708 1480
1939 1748
661 1515
1364 1117
738 1457
605 1344
968 275
1832 1815
1583 1178
1169 888
1554 1237
111 520
217 727
177 1483
893 1202
481 1702
1294 1533
896 641
1247 593
1994 1958
121 357
1764 640
1321 1559
1517 1778
1380 1198
249 1023
886 630
1426 351
1339 1034
1397 1864
1045 943
226 820
1906 946
1929 182
1542 1299
453 1697
1244 1952
1407 506
1064 22
365 1561
948 1681
874 272
1255 769
816 326
639 919
429 1110
980 1616
382 1590
311 1412
840 1854
1856 1996
562 307
1751 625
1639 1941
77 680
667 477
1091 718
1444 457
1064 1711
277 1106
1165 1404
460 115
1235 1359
1759 971
1556 657
550 1311
638 1564
614 876
797 1824
107 15
1154 669
1849 1987
710 1250
558 545
1376 1224
1925 363
902 1826
537 1190
1311 1039
1892 693
1115 1948
1973 467
1840 909
829 15
1281 358
1531 399
1619 1708
105 1781
305 705
1858 428
1798 1424
745 1899
1501 207
1183 646
536 13
1005 1523
592 1574
293 737
285 586
1839 232
1603 1844
1619 236
1486 79
1357 1902
385 1344
992 825
1728 1490
964 290
1228 223
1446 1490
793 303
338 1477
787 1830
298 932
1759 740
404 932
415 581
978 1098
866 1746
1554 295
284 256
1122 354
1567 1891
1503 1092
912 805
677 773
626 1839
1000 663
1391 1879
1859 1223
303 1387
1706 265
1569 528
356 216
653 1776
181 1777
358 154
276 527
699 38
457 1086
840 1343
226 114
378 628
492 421
30 1049
1194 1893
1857 406
433 768
892 1050
1767 105
1317 801
1371 634
1120 557
468 1532
1892 911
295 34
1857 1220
1662 1900
1276 1576
998 1115
1014 407
1648 963
782 106
1717 746
1991 1394
813 1199
1528 1629
880 1360
1706 458
65 26
1358 1785
1679 1861
1929 656
1309 1937
1799 1666
1796 1630
1180 396
684 978
110 1033
815 1931
1313 1850
863 932
1841 928
450 409
1298 1478
1443 1048
1810 1105
178 1376
1644 319
347 423
924 305
272 1953
559 966
764 556
910 1996
415 775
1635 648
943 1651
1768 823
1440 213
473 1946
1336 1098
1536 1302
1570 1006
898 1315
426 380
142 1725
629 279
1894 1380
1213 432
784 1277
1356 1019
1179 41
1401 790
273 17
873 203
1252 47
367 752
1545 417
1217 1784
1305 24
1870 165
1391 145
382 880
970 1028
1440 131
159 220
1599 1740
212 199
868 1507
1025 197
641 1474
1351 882
1033 109
914 1820
128 199
1397 659
1756 1484
581 433
1082 1152
1185 274
1253 844
1445 1242
415 991
99 1060
1421 381
1632 1804
13 1901
326 1132
1921 991
1671 1078
618 173
141 1688
1722 549
616 209
745 488
55 1699
1394 8
1031 90
468 724
280 35
637 748
1551 113
605 1871
726 1206
622 1087
143 1021
855 1433
1779 1578
1469 39
254 867
1155 1401
1189 1367
1313 1649
1595 970
1211 492
902 1866
1076 989
1502 1663
1208 1114
1909 1489
854 1563
445 1422
1165 620
1456 193
1292 1846
1615 880
1715 783
1954 452
905 1492
425 94
623 683
882 1798
1365 1928
1532 1998
1132 1521
810 1636
1724 1284
1645 1984
1102 1519
33 1010
1645 805
1677 1019
1750 1877
1868 534
1049 966
1609 1960
1099 536
156 331
326 466
1887 1961
652 92
1949 476
1054 899
1136 1139
1048 540
339 603
912 871
1621 1794
1759 698
571 1497
1 553
962 1263
642 697
506 1057
1536 1653
1151 781
1568 1071
805 829
1306 1997
133 777
1676 506
332 1105
1933 886
861 978
199 1647
442 1895
698 305
909 283
1162 521
1452 1804
1773 1516
777 1666
464 1965
1889 168
432 1268
235 1593
816 334
1122 1301
1252 877
1517 410
1946 774
1870 1439
1608 367
579 1585
582 1301
814 89
1418 370
1197 1693
1062 1663
243 1305
216 1121
1362 542
1763 510
1391 428
1349 1145
993 281
1279 596
92 201
1417 899
1416 1312
1111 1642
1820 315
1829 149
855 1748
959 179
943 1633
589 309
248 1185
426 841
1879 1405
1354 894
295 980
952 1872
135 1905
893 1627
289 385
43 116
1318 442
958 18
24 438
1148 1358
880 408
38 1262
1545 601
300 116
858 1094
411 1199
1287 1731
1910 540
1702 606
1240 1856
949 278
586 530
83 498
1456 945
1576 445
1878 253
742 954
402 727
763 1806
1051 1477
1266 1721
888 211
590 1817
132 114
605 705
979 1705
1689 1104
1578 758
756 1435
1587 549
1524 1703
138 886
246 377
1391 992
383 1854
852 1380
766 412
1580 1120
1161 871
1256 116
882 1905
1079 120
1324 1715
1548 1416
659 995
538 702
946 114
1943 36
705 1824
668 477
696 1956
291 947
1715 786
1644 1765
124 1288
1760 1472
1618 709
236 1820
1371 1421
732 1147
942 871
1817 1225
529 537
40 1106
121 596
1370 1326
1161 945
1595 986
1080 1103
1728 1506
735 797
237 1611
1374 362
1949 337
1592 1223
797 778
800 464
399 1467
1500 1028
1637 186
1940 1775
235 685
1931 158
47 120
523 1001
1026 534
259 1430
1812 1253
1783 581
1066 989
1430 181
1636 1002
1114 402
1173 895
286 37
689 1546
167 926
1470 1147
1856 1547
1048 325
939 938
1863 1168
1897 749
1187 1918
1361 786
1154 11
1275 733
50 600
1151 422
1000 473
427 156
1552 994
627 1766
609 539
309 853
744 1224
1321 410
1124 1471
1363 701
578 737
1432 422
516 705
1654 1044
135 1329
1351 460
616 1998
842 885
553 529
585 1564
1401 1144
1585 736
1273 1606
1879 1353
1165 692
1335 165
1713 294
1201 1311
675 822
746 511
1003 82
215 606
31 396
458 584
743 479
434 88
1575 45
1463 374
1502 521
1976 605
1350 504
1115 59
1701 1463
1984 1521
590 831
1307 1510
969 1214
1266 1662
1036 100
23 1492
1129 1324
1667 1627
942 56
384 1004
549 494
1221 1718
1902 1870
1704 625
1249 1723
937 1988
971 430
1318 657
1760 1726
827 1364
1031 791
1743 1459
1636 735
753 1388
1388 263
1046 1464
172 1831
2 196
1888 1144
442 1597
956 819
627 1701
805 1842
1007 58
1727 1645
928 561
1384 686
1283 646
721 1908
1669 1031
1607 990
667 547
1755 1929
102 1607
1066 870
602 628
4 401
449 212
802 1034
890 1335
884 248
119 849
532 1669
884 1004
1 1115
418 287
1877 1276
167 1229
1755 1643
957 987
1917 100
1820 376
74 903
743 419
839 1684
1816 743
1564 518
1304 989
3 240
731 1182
1728 1901
1622 1699
925 370
1327 236
46 1444
1135 1139
1871 1553
491 1067
522 941
811 1652
1311 752
1434 924
748 62
1893 712
1987 1323
351 854
990 147
1850 1142
1641 1886
443 102
1642 98
1902 705
380 1886
961 169
1641 36
1114 107
1794 1248
1288 151
1375 604
1944 369
585 666
310 57
262 1075
749 1018
1249 1902
1477 1724
33 110
216 196
1599 931
963 1412
105 1054
110 1259
588 842
1359 148
1284 845
500 1069
1458 1298
1932 857
444 439
989 695
564 693
1713 1560
1033 1078
1565 1729
1753 1787
1873 1748
1545 883
1193 1197
841 1239
1080 1441
1699 1635
1391 1365
1286 161
1646 42
1096 679
1031 1224
313 907
186 960
1718 1913
1919 489
703 834
1498 762
1704 1660
1671 1522
1894 581
69 1810
1471 1439
1300 1142
697 59
1903 418
282 1013
73 1125
763 1426
540 1073
1188 1098
163 653
653 252
1816 1353
1256 1071
1863 1050
458 430
122 676
380 660
1266 1059
7 1517
572 1275
1957 1489
1023 1122
1678 1462
1422 1931
249 40
1776 1166
1730 84
223 1932
668 597
1890 1796
1833 676
1819 1768
1502 848
1208 677
851 139
900 486
269 160
1734 1866
1281 1174
1481 1478
1548 63
479 1857
650 1595
772 1430
2000 2000 2000 2000 2000 2000 2000 2000 2000 2000 2000 2000 2000 2000 2000 2000 2000 2000 2000 2000 2000 2000 2000 2000 2000 2000 2000 2000 2000 2000 2000 2000 2000 2000 2000 2000 2000 2000 2000 2000 2000 2000 2000 2000 2000 2000 2000 2000 2000 2000 2000 2000 2000 2000 2000 2000 2000 2000 2000 2000 2000 2000 2000 2000 2000 2000 2000 2000 2000 2000 2000 2000 2000 2000 2000 2000 2000 2000 2000 2000 2000 2000 2000 2000 2000 2000 2000 2000 2000 2000 2000 2000 2000 2000 2000 2000 2000 2000 2000 2000 2000 2000 2000 2000 2000 2000 2000 2000 2000 2000 2000 2000 2000 2000 2000 2000 2000 2000 2000 2000 2000 2000 2000 2000 2000 2000 2000 2000 2000 2000 2000 2000 2000 2000 2000 2000 2000 2000 2000 2000 2000 2000 2000 2000 2000 2000 2000 2000 2000 2000 2000 2000 2000 2000 2000 2000 2000 2000 2000 2000 2000 2000 2000 2000 2000 2000 2000 2000 2000 2000 2000 2000 2000 2000 2000 2000 2000 2000 2000 2000 2000 2000 2000 2000 2000 2000 2000 2000 2000 2000 2000 2000 2000 2000 2000 2000 2000 2000 2000 2000 2000 2000 2000 2000 2000 2000 2000 2000 2000 2000 2000 2000 2000 2000 2000 2000 2000 2000 2000 2000 2000 2000 2000 2000 2000 2000 2000 2000 2000 2000 2000 2000 2000 2000 2000 2000 2000 2000 2000 2000 2000 2000 2000 2000 2000 2000 2000 2000 2000 2000 2000 2000 2000 2000 2000 2000 2000 2000 2000 2000 2000 2000 2000 2000 2000 2000 2000 2000 2000 2000 2000 2000 2000 2000 2000 2000 2000 2000 2000 2000 2000 2000 2000 2000 2000 2000 2000 2000 2000 2000 2000 2000 2000 2000 2000 2000 2000 2000 2000 2000 2000 2000 2000 2000 2000 2000 2000 2000 2000 2000 2000 2000 2000 2000 2000 2000 2000 2000 2000 2000 2000 2000 2000 2000 2000 2000 2000 2000 2000 2000 2000 2000 2000 2000 2000 2000 2000 2000 2000 2000 2000 2000 2000 2000 2000 2000 2000 2000 2000 2000 2000 2000 2000 2000 2000 2000 2000 2000 2000 2000 2000 2000 2000 2000 2000 2000 2000 2000 2000 2000 2000 2000 2000 2000 2000 2000 2000 2000 2000 2000 2000 2000 2000 2000 2000 2000 2000 2000 2000 2000 2000 2000 2000 2000 2000 2000 2000 2000 2000 2000 2000 2000 2000 2000 2000 2000 2000 2000 2000 2000 2000 2000 2000 2000 2000 2000 2000 2000 2000 2000 2000 2000 2000 2000 2000 2000 2000 2000 2000 2000 2000 2000 2000 2000 2000 2000 2000 2000 2000 2000 2000 2000 2000 2000 2000 2000 2000 2000 2000 2000 2000 2000 2000 2000 2000 2000 2000 2000 2000 2000 2000 2000 2000 2000 2000 2000 2000 2000 2000 2000 2000 2000 2000 2000 2000 2000 2000 2000 2000 2000 2000 2000 2000 2000 2000 2000 2000 2000 2000 2000 2000 2000 2000 2000 2000 2000 2000 2000 2000 2000 2000 2000 2000 2000 2000 2000 2000 2000 2000 2000 2000 2000 2000 2000 2000 2000 2000 2000 2000 2000 2000 2000 2000 2000 2000 2000 2000 2000 2000 2000 2000 2000 2000 2000 2000 2000 2000 2000 2000 2000 2000 2000 2000 2000 2000 2000 2000 2000 2000 2000 2000 2000 2000 2000 2000 2000 2000 2000 2000 2000 2000 2000 2000 2000 2000 2000 2000 2000 2000 2000 2000 2000 2000 2000 2000 2000 2000 2000 2000 2000 2000 2000 2000 2000 2000 2000 2000 2000 2000 2000 2000 2000 2000 2000 2000 2000 2000 2000 2000 2000 2000 2000 2000 2000 2000 2000 2000 2000 2000 2000 2000 2000 2000 2000 2000 2000 2000 2000 2000 2000 2000 2000 2000 2000 2000 2000 2000 2000 2000 2000 2000 2000 2000 2000 2000 2000 2000 2000 2000 2000 2000 2000 2000 2000 2000 2000 2000 2000 2000 2000 2000 2000 2000 2000 2000 2000 2000 2000 2000 2000 2000 2000 2000 2000 2000 2000 2000 2000 2000 2000 2000 2000 2000 2000 2000 2000 2000 2000 2000 2000 2000 2000 2000 2000 2000 2000 2000 2000 2000 2000 2000 2000 2000 2000 2000 2000 2000 2000 2000 2000 2000 2000 2000 2000 2000 2000 2000 2000 2000 2000 2000 2000 2000 2000 2000 2000 2000 2000 2000 2000 2000 2000 2000 2000 2000 2000 2000 2000 2000 2000 2000 2000 2000 2000 2000 2000 2000 2000 2000 2000 2000 2000 2000 2000 2000 2000 2000 2000 2000 2000 2000 2000 2000 2000 2000 2000 2000 2000 2000 2000 2000 2000 2000 2000 2000 2000 2000 2000 2000 2000 2000 2000 2000 2000 2000 2000 2000 2000 2000 2000 2000 2000 2000 2000 2000 2000 2000 2000 2000 2000 2000 2000 2000 2000 2000 2000 2000 2000 2000 2000 2000 2000 2000 2000 2000 2000 2000 2000 2000 2000 2000 2000 2000 2000 2000 2000 2000 2000 2000 2000 2000 2000 2000 2000 2000 2000 2000 2000 2000 2000 2000 2000 2000 2000 2000 2000 2000 2000 2000 2000 2000 2000 2000 2000 2000 2000 2000 2000 2000 2000 2000 2000 2000 2000 2000 2000 2000 2000 2000 2000 2000 2000 2000 2000 2000 2000 2000 2000 2000 2000 2000 2000 2000 2000 2000 2000 2000 2000 2000 2000 2000 2000 2000 2000 2000 2000 2000 2000 2000 2000 2000 2000 2000 2000 2000 2000 2000 2000 2000 2000 2000 2000 2000 2000 2000 2000 2000 2000 2000 2000 2000 2000 2000 2000 2000 2000 2000 2000 2000 2000 2000 2000 2000 2000 2000 2000 2000 2000 2000 2000 2000 2000 2000 2000 2000 2000 2000 2000 2000 2000 2000 2000 2000 2000 2000 2000 2000 2000 2000 2000 2000 2000 2000 2000 2000 2000 2000 2000 2000 2000 2000 2000 2000 2000 2000 2000 2000 2000 2000 2000 2000 2000 2000 2000 2000 2000 2000 2000 2000 2000 2000 2000 2000 2000 2000 2000 2000 2000 2000 2000 2000 2000 2000 2000 2000 2000 2000 2000 2000 2000 2000 2000 2000 2000 2000 2000 2000 2000 2000 2000 2000 2000 2000 2000 2000 2000 2000 2000 2000 2000 2000 2000 2000 2000 2000 2000 2000 2000 2000 2000 2000 2000 2000 2000 2000 2000 2000 2000 2000 2000 2000 2000 2000 2000 2000 2000 2000 2000 2000 2000 2000 2000 2000 2000 2000 2000 2000 2000 2000 2000 2000 2000 2000 2000 2000 2000 2000 2000 2000 2000 2000 2000 2000 2000 2000 2000 2000 2000 2000 2000 2000 2000 2000 2000 2000 2000 2000 2000 2000 2000 2000 2000 2000 2000 2000 2000 2000 2000 2000 2000 2000 2000 2000 2000 2000 2000 2000 2000 2000 2000 2000 2000 2000 2000 2000 2000 2000 2000 2000 2000 2000 2000 2000 2000 2000 2000 2000 2000 2000 2000 2000 2000 2000 2000 2000 2000 2000 2000 2000 2000 2000 2000 2000 2000 2000 2000 2000 2000 2000 2000 2000 2000 2000 2000 2000 2000 2000 2000 2000 2000 2000 2000 2000 2000 2000 2000 2000 2000 2000 2000 2000 2000 2000 2000 2000 2000 2000 2000 2000 2000 2000 2000 2000 2000 2000 2000 2000 2000 2000 2000 2000 2000 2000 2000 2000 2000 2000 2000 2000 2000 2000 2000 2000 2000 2000 2000 2000 2000 2000 2000 2000 2000 2000 2000 2000 2000 2000 2000 2000 2000 2000 2000 2000 2000 2000 2000 2000 2000 2000 2000 2000 2000 2000 2000 2000 2000 2000 2000 2000 2000 2000 2000 2000 2000 2000 2000 2000 2000 2000 2000 2000 2000 2000 2000 2000 2000 2000 2000 2000 2000 2000 2000 2000 2000 2000 2000 2000 2000 2000 2000 2000 2000 2000 2000 2000 2000 2000 2000 2000 2000 2000 2000 2000 2000 2000 2000 2000 2000 2000 2000 2000 2000 2000 2000 2000 2000 2000 2000 2000 2000 2000 2000 2000 2000 2000 2000 2000 2000 2000 2000 2000 2000 2000 2000 2000 2000 2000 2000 2000 2000 2000 2000 2000 2000 2000 2000 2000 2000 2000 2000 2000 2000 2000 2000 2000 2000 2000 2000 2000 2000 2000 2000 2000 2000 2000 2000 2000 2000 2000 2000 2000 2000 2000 2000 2000 2000 2000 2000 2000 2000 2000 2000 2000 2000 2000 2000 2000 2000 2000 2000 2000 2000 2000 2000 2000 2000 2000 2000 2000 2000 2000 2000 2000 2000 2000 2000 2000 2000 2000 2000 2000 2000 2000 2000 2000 2000 2000 2000 2000 2000 2000 2000 2000 2000 2000 2000 2000 2000 2000 2000 2000 2000 2000 2000 2000 2000 2000 2000 2000 2000 2000 2000 2000 2000 2000 2000 2000 2000 2000 2000 2000 2000 2000 2000 2000 2000 2000 2000 2000 2000 2000 2000 2000 2000 2000 2000 2000 2000 2000 2000 2000 2000 2000 2000 2000 2000 2000 2000 2000 2000 2000 2000 2000 2000 2000 2000 2000 2000 2000 2000 2000 2000 2000 2000 2000 2000 2000 2000 2000 2000 2000 2000 2000 2000 2000 2000 2000 2000 2000 2000 2000 2000 2000 2000 2000 2000 2000 2000 2000 2000 2000 2000 2000 2000 2000 2000 2000 2000 2000 2000 2000 2000 2000 2000 2000 2000 2000 2000 2000 2000 2000 2000 2000 2000 2000 2000 2000 2000 2000 2000 2000 2000 2000 2000 2000 2000 2000 2000 2000 2000 2000 2000 2000 2000 2000 2000 2000 2000 2000 2000 2000 2000 2000 2000 2000 2000 2000 2000 2000 2000 2000 2000 2000 2000 2000 2000 2000 2000 2000 2000 2000 2000 2000 2000 2000 2000 2000 2000 2000 2000 2000 2000 2000 2000 2000 2000 2000 2000 2000 2000 2000 2000 2000 2000 2000 2000 2000 2000 2000 2000 2000 2000 2000 2000 2000 2000 2000 2000 2000 2000 2000 2000 2000 2000 2000 2000 2000 2000 2000 2000 2000 2000 2000 2000 2000 2000 2000 2000 2000 2000 2000 2000 2000 2000 2000 2000 2000 2000 2000 2000 2000 2000 2000 2000 2000 2000 2000 2000 2000 2000 2000 2000 2000 2000 2000 2000 2000 2000 2000 2000 2000 2000 2000 2000 2000 2000 2000 2000 2000 2000 2000 2000 2000 2000 2000 2000 2000 2000 2000 2000 2000 2000 2000 2000 2000 2000 2000 2000 2000 2000 2000 2000 2000 2000 2000 2000 2000 2000 2000 2000 2000 2000 2000 2000 2000 2000 2000 2000 2000 2000 2000 2000 2000 2000 2000 2000 2000 2000 2000 2000 2000 2000 2000 2000 2000 2000 2000 2000 2000 2000 2000 2000 2000 2000 2000 2000 2000 2000 2000 2000 2000 2000 2000 2000 2000 2000 2000 2000 2000 2000 2000 2000 2000 2000 2000 2000 2000 2000 2000 2000 2000 2000 2000 2000 2000 2000 2000 2000 2000 2000 2000 2000 2000 2000 2000 2000 2000 2000 2000 2000 2000 2000 2000 2000 2000 2000 2000 2000 2000 2000 2000 2000 2000 2000 2000 2000 2000 2000 2000 2000 2000 2000 2000 2000 2000 2000 2000 2000 2000 2000 2000 2000 2000 2000 2000 2000 2000 2000 2000 2000 2000 2000 2000 2000 2000 2000 2000 2000 2000 2000 2000 2000 2000 2000 2000 2000 2000 2000 2000 2000 2000 2000 2000 2000 2000 2000 2000 2000 2000 2000 2000 2000 2000 2000 2000 2000 2000 2000 2000 2000 2000 2000 2000 2000 2000 2000 2000 2000 2000 2000 2000 2000 2000 2000 2000 2000 2000 2000 2000 2000 2000 2000 2000 2000 2000 2000 2000 2000 2000 2000 2000 2000 2000 2000 2000 2000 2000 2000 2000 2000 2000 2000 2000 2000 2000 2000 2000 2000 2000 2000 2000 2000 2000 2000 2000 2000 2000 2000 2000 2000 2000 2000 2000 2000 2000 2000 2000 2000 2000 2000 2000 2000 2000 2000 2000 2000 2000 2000 2000 2000 2000 2000 2000 2000 2000 2000 2000 2000 2000 2000 2000 2000 2000 2000 2000 2000 2000 2000 2000 2000 2000 2000 2000 2000 2000 2000 2000 2000 2000 2000 2000 2000 2000 2000 2000 2000 2000 2000 2000 2000 2000 2000 2000 2000 2000 2000 2000 2000 2000 2000 2000 2000 2000 2000 2000 2000 2000 2000 2000 2000
