2000 4000
1330 86
317 633
1139 296
397 550
284 1081
1810 159
833 1956
1774 706
436 1858
450 1223
1739 1616
355 595
306 1543
737 1610
1475 1075
1397 131
288 15
1711 1441
1453 1139
1608 683
1420 530
352 264
1254 951
957 1138
1930 1101
519 1488
1118 969
1175 615
500 1140
1122 1171
928 1068
424 1108
1736 1448
1582 1400
395 1802
538 1602
1974 1438
57 1977
1711 722
583 1362
1912 528
941 437
1002 126
1045 1606
1625 937
960 1461
1280 1247
135 531
1763 1293
453 87
1004 1086
1312 262
1077 1840
1873 468
1885 616
869 1051
932 996
759 1300
83 150
393 120
1198 647
921 208
1947 307
1897 229
251 294
831 1973
1254 1270
1864 100
895 1220
382 324
1972 1842
838 1364
1793 1354
1509 519
243 1721
897 931
1649 1747
1336 176
483 1105
295 260
248 974
1128 74
612 273
757 951
57 901
1680 1197
560 303
21 1632
257 611
964 377
842 1216
1590 730
248 1186
1355 1234
559 526
1234 698
1995 1066
254 1603
1982 527
1161 79
53 1395
1605 372
1832 907
1666 1858
201 1734
1486 272
871 40
1254 767
1416 1944
1972 818
339 1511
1558 1792
1144 97
491 377
591 1385
1088 1240
754 927
920 1374
884 1488
1726 1022
385 172
1260 1485
532 937
1277 1443
133 1944
175 505
878 418
709 1275
462 931
991 552
82 278
1609 1084
847 780
1201 517
1932 210
1491 1758
604 70
1133 780
1785 726
378 423
372 256
7 1328
1943 878
349 1676
1474 357
1850 1884
1647 1413
1469 1102
1351 1648
1285 933
1057 880
1509 1264
1685 1254
21 1745
1120 322
1061 963
545 1172
704 1008
1411 720
608 1185
1612 11
383 1995
1135 693
403 1563
502 1855
964 177
717 513
526 997
664 1972
581 938
1893 1192
1112 776
677 1172
1882 620
1423 69
706 304
95 1624
1744 648
70 155
951 977
1064 464
465 620
793 1518
232 1671
1041 1634
429 869
1472 1439
1132 90
218 616
350 483
579 308
1094 1216
400 1177
1059 1002
820 1306
1292 792
683 399
1592 620
818 1873
366 20
1094 60
420 607
385 29
1332 1242
644 1133
190 1717
413 845
156 1467
274 340
1941 498
967 1105
1066 1279
248 526
1534 92
1911 1626
694 1501
536 859
1574 1799
768 404
888 990
898 812
1215 37
1817 1726
749 306
603 881
246 1199
1637 1256
692 530
336 1896
622 1889
525 1336
1016 558
101 1050
647 1263
1979 899
1951 508
490 1666
1180 1135
944 833
1204 712
407 1262
84 485
1251 1883
1577 864
1479 1302
1505 194
1443 332
1841 1443
197 1870
519 1436
654 50
1550 973
36 1047
354 111
716 562
1552 1518
755 1457
625 1213
1634 252
898 383
692 285
764 595
408 237
916 842
541 116
1494 1042
307 598
1846 1099
1510 175
789 1972
129 1104
71 581
522 79
849 1065
1913 668
1874 1571
200 1623
1142 393
586 811
1725 1947
341 486
230 473
836 1245
946 583
1117 1816
1125 1356
1556 184
1374 1500
300 1114
1775 449
46 1940
1618 1371
628 652
1583 1647
1203 760
991 448
1156 633
729 1824
1916 1542
660 1494
187 353
1891 1119
975 1562
902 149
764 359
1022 1271
1736 1600
1147 1067
1162 1116
885 1058
1372 109
1502 1563
324 1649
1021 1822
1356 1278
260 10
1936 549
1448 348
595 1534
944 1435
530 1314
1341 1702
1201 1694
365 1086
1303 710
1535 788
776 1074
108 767
1458 1315
1351 1632
24 857
1198 1821
1028 1065
569 601
555 1808
1660 65
1163 4
1486 1910
701 1280
175 602
157 984
1317 169
1409 1549
1833 68
406 1020
197 692
1941 1218
1667 636
909 1003
608 884
460 597
358 635
897 843
1297 828
1271 65
1719 1674
703 918
463 974
1419 845
1241 1038
521 295
806 109
1598 5
21 782
210 938
721 443
892 507
1190 1172
1971 1988
1613 1846
1644 1314
866 634
940 1832
534 1734
408 1335
1354 181
921 411
969 128
1544 1015
1122 1950
178 370
31 1241
775 1917
123 943
1768 330
1413 754
248 719
1208 202
1576 441
56 1953
1258 1510
866 1030
1224 351
1968 1809
515 1430
441 560
1883 347
1618 879
1364 1980
1642 36
985 1831
1393 440
280 1945
1150 1615
1105 709
1849 730
1449 928
1738 601
1077 594
1140 228
727 1565
176 953
1517 1069
414 1996
1937 461
1407 1756
313 1689
1249 679
1831 1183
654 1371
1572 1406
1996 44
1616 275
749 1732
1754 1456
1792 1996
1320 1186
790 300
1362 140
855 1897
691 165
1749 1183
1059 886
1334 615
539 1545
101 1151
1844 1333
1051 555
1295 638
653 122
1696 446
1876 962
1404 985
1695 663
1362 1198
194 1098
1512 1054
1655 969
1066 1671
462 25
1155 1647
1351 1072
98 506
717 999
1840 86
1780 867
1620 459
1363 499
692 167
1624 1569
1605 1288
225 739
1981 1355
1340 1831
931 540
327 1077
578 971
514 1509
653 9
256 1191
710 488
1671 1402
1214 98
1881 1163
79 611
820 254
868 42
688 1758
1134 1043
1097 1254
181 438
934 1643
1580 1233
1647 1151
1234 1990
978 543
1506 576
1379 914
146 356
1753 1806
1181 162
529 1591
1168 741
775 1127
468 1426
1138 512
174 1110
1411 1886
1631 49
1800 417
1541 347
638 1556
1185 1895
133 305
1316 464
1664 285
792 1221
1044 1660
909 155
979 944
32 1314
106 17
599 1275
1023 1628
448 6
1127 540
1688 89
807 1781
422 738
378 1113
1186 339
243 66
667 80
818 1331
1069 1621
561 1808
1139 407
680 1381
681 467
589 775
1216 1306
1055 1039
1645 467
262 1805
815 194
1731 1895
792 1044
253 1560
1795 1092
367 545
1320 1540
323 44
1780 689
1620 1615
178 1696
1110 1165
967 854
1391 542
1935 1088
579 1418
1113 1508
704 1159
58 1499
1673 802
1908 61
127 1587
335 1390
1817 1031
227 1072
519 813
59 47
691 527
53 519
552 1152
590 1464
1041 1147
241 1968
1903 1512
1448 1953
1207 740
1146 323
1804 1972
624 1045
1463 429
1537 406
1498 655
1471 1447
87 489
539 697
1108 919
1717 324
512 1654
1972 1445
179 170
1913 774
586 1099
1841 1354
1480 176
1468 235
1393 1894
258 446
1846 810
795 487
1616 1001
1561 850
282 1000
776 1970
716 1056
879 564
1018 444
22 368
999 1153
278 1417
1543 475
1807 1858
303 393
545 1775
1188 1850
882 1964
1377 216
1989 1486
1250 818
819 1219
810 1862
475 254
1578 219
887 1591
994 1200
450 723
1230 1200
71 1817
798 1378
1731 268
115 313
1729 1317
585 78
269 1635
1159 1813
950 967
773 1181
162 696
752 1352
679 1754
1692 226
1553 1820
523 97
900 110
461 1980
148 1047
1599 851
1230 685
736 1884
10 937
1848 570
69 514
1831 494
737 416
1742 1681
116 1901
1076 32
296 1259
1570 1414
1736 1544
54 479
1249 497
821 1206
720 175
305 1192
1171 306
1224 214
1871 1868
385 120
507 1551
473 1647
479 120
90 259
1096 193
1490 39
1394 341
979 1712
281 1996
1528 1637
981 622
1826 296
679 1582
635 1923
142 1127
738 737
1865 773
1157 477
225 1185
1188 137
1808 1319
1031 575
1021 955
973 1731
1361 514
317 254
150 238
592 167
801 191
1813 353
303 493
1764 580
1079 1872
1108 612
90 218
226 245
1432 802
992 1947
1048 559
901 1742
614 652
867 709
1074 1225
1849 1330
948 1598
148 1776
999 591
262 1623
316 24
452 578
1418 1296
488 292
791 1347
793 218
623 226
1003 1678
1706 1568
1833 570
510 1709
820 1655
1878 1985
1474 1266
1336 927
1775 595
1571 907
281 502
60 203
1909 1207
229 1494
1225 235
47 814
313 1618
609 97
1792 356
1864 1848
123 1244
753 1647
416 1167
703 1643
382 1615
1266 633
565 709
1514 894
307 1401
202 1284
556 1401
5 1973
272 763
612 90
1157 1335
221 1108
1294 1917
9 1833
1281 1881
157 377
1497 1990
645 128
1519 1085
155 1716
374 1452
1154 1808
720 36
374 1560
1903 64
1942 664
542 1687
1700 1644
884 1157
608 1739
1682 1919
1340 398
1723 1637
353 1957
1031 432
1278 1199
331 858
1342 1915
1839 633
1305 1962
1505 1250
1550 1029
1007 335
477 1007
1669 288
793 412
367 202
1255 1695
180 1652
91 57
845 1665
341 118
839 392
182 1251
1769 1821
1128 1574
1351 122
1622 1027
51 968
1061 1772
1532 526
210 1328
1507 1590
981 341
839 992
370 702
862 373
1187 1872
1289 638
925 287
861 1695
1701 612
1630 529
892 1681
100 990
67 1536
526 938
1036 430
723 658
1765 1915
559 205
379 1001
364 1810
1832 1506
670 239
1204 765
866 88
719 953
1328 1796
1288 881
1336 1448
1747 461
1255 232
75 190
1775 778
1823 1090
1367 1266
36 230
1083 671
866 452
368 516
1985 1990
537 1694
1375 1975
543 1073
1425 1178
1781 1047
145 339
1642 655
1192 1164
1647 1812
1696 1304
667 1804
797 1877
1566 1815
773 1998
699 1699
634 724
170 1778
995 1437
282 524
1410 410
1916 172
525 313
1457 583
22 88
347 1
146 1374
1428 1363
207 545
683 336
90 1217
1110 1739
1595 743
545 994
1180 1282
204 237
1136 368
315 1147
594 1056
960 190
923 39
1850 1961
1465 547
1848 1411
518 953
1469 1051
925 1908
313 1459
1815 910
873 1854
545 1628
717 1467
1736 706
125 1192
1608 1936
50 201
1838 1897
1472 631
776 1605
532 454
626 462
271 124
1634 1107
1772 336
801 514
37 1901
1193 1191
1918 1858
1693 1717
1353 1804
1128 273
1354 827
763 1430
1347 1512
637 135
1752 1415
885 230
300 1393
1820 422
560 1369
1842 243
1449 164
1615 813
1970 1516
52 1265
801 1475
1083 788
255 720
1415 1593
886 679
1644 255
1722 1756
1702 903
862 775
1244 664
1837 1123
325 313
917 739
978 745
361 896
1499 859
680 263
690 691
1334 1045
1916 1368
894 1400
277 1969
710 53
1423 1882
1303 1460
15 242
1483 81
757 1479
359 1675
1595 82
129 747
1047 967
1634 879
1499 746
152 1955
776 216
1514 1534
1696 182
1919 1231
154 1527
1310 982
82 1844
929 96
552 192
1335 1141
817 1993
845 108
1506 914
1460 1722
955 1252
1480 1317
1049 807
773 1759
1290 91
862 992
1830 1004
1991 920
1715 1323
1252 1743
1716 1317
846 940
1990 1090
1625 1895
437 1973
1888 1831
1187 1251
172 1864
1800 266
1978 51
915 45
1484 669
748 1631
1641 1229
1849 1491
1075 960
1748 381
775 1716
1063 1932
837 7
98 605
902 1543
42 1723
1427 129
700 320
489 488
1862 84
1372 1131
383 181
464 645
1820 591
1330 617
129 883
1065 1689
43 823
1725 1851
86 773
1158 1478
647 1887
1638 1686
64 1584
296 638
948 1179
855 1468
1446 1604
1324 14
301 222
1826 116
1507 1734
574 1872
154 1751
1331 838
625 1547
1350 1936
190 1945
1737 348
213 186
983 1687
1043 482
1036 1100
1164 882
1622 1725
1722 1712
1446 629
357 48
463 920
4 752
753 201
1173 1142
1344 1676
1349 726
318 1123
463 1349
698 498
1685 601
922 1956
375 860
1182 1824
528 595
981 1571
1723 323
423 485
81 1330
1845 640
1648 654
1712 948
625 1833
883 12
907 1934
1282 1243
437 1832
1894 1555
116 786
1026 1597
516 731
301 1900
788 29
1733 1428
441 850
886 753
1983 1433
1936 1931
1720 954
1210 538
1021 1244
1969 216
765 57
64 307
820 1138
1625 1487
934 645
562 1073
1542 237
773 457
1775 1557
1160 227
1486 892
722 382
1415 474
870 804
393 197
685 1788
655 323
1208 1902
590 827
252 899
1434 413
1488 165
1499 913
1039 561
553 1781
392 908
1383 312
212 1624
1817 678
1026 1
1421 1990
1364 260
730 373
1475 1584
659 1873
1239 1744
519 421
1606 1775
527 835
230 1813
145 1904
1122 801
690 503
632 475
1322 752
821 1109
274 873
444 778
889 816
1298 187
370 1464
1839 849
1841 590
304 439
513 1719
812 613
1996 637
1676 879
608 114
43 1691
1184 1360
713 788
1687 233
860 1727
589 1553
1112 342
774 1961
1768 908
900 1943
397 806
596 592
1297 671
926 173
136 1825
258 1828
914 1180
972 1234
1887 1264
599 1109
59 328
1951 1086
423 121
1902 11
986 1787
675 13
1637 204
1061 457
138 901
242 401
958 291
573 1033
1123 812
1371 877
105 1522
1160 1792
772 1573
834 1646
216 946
835 37
1008 109
91 1517
749 1668
404 246
996 1731
1646 1634
1955 382
226 503
114 1496
5 1232
1632 1712
1198 1234
1978 1848
1585 440
644 214
334 1711
1326 1475
990 1442
198 991
1273 155
568 1932
1268 462
764 1404
398 988
433 24
740 460
1152 862
677 512
1867 1040
43 1013
561 859
1652 640
1160 1289
1205 696
224 1847
256 228
1064 1660
81 1683
872 67
586 775
1812 1294
1123 1610
93 1887
655 363
516 165
1900 397
253 772
1522 1264
1327 1584
1541 1896
1186 1155
1111 1409
767 1428
953 325
1832 50
1649 941
145 1239
694 1809
611 1030
1285 347
616 162
95 356
1244 1259
1384 1337
1715 918
1051 829
1052 217
1656 955
1475 1691
1237 1997
1824 1529
193 963
1032 1921
782 1531
1129 142
914 1664
34 754
982 769
1841 1809
1919 1509
304 1497
864 1967
1701 1185
714 1
1052 1722
1168 1668
327 1100
887 431
1255 665
66 1984
1090 1581
880 159
1433 183
1273 314
1991 1131
233 1134
1445 689
1279 41
1956 467
906 1767
194 196
1522 1432
120 713
830 1584
488 1808
1789 520
1836 741
1823 640
1285 914
1194 1819
1237 715
161 575
400 169
1688 1806
932 1729
161 1066
711 497
914 1225
638 1716
1877 1953
305 1009
1062 1183
711 1407
831 1195
520 1970
690 180
226 419
530 1410
1130 217
1762 128
1073 1546
976 1998
1406 1430
76 993
713 991
1981 916
1285 1872
1039 1571
510 1088
402 1687
913 920
149 332
888 1573
134 1888
1357 1591
1173 384
1182 1236
761 1618
559 755
742 1040
1739 919
260 75
408 207
290 1241
1618 391
857 60
140 1075
1601 299
6 1694
28 542
1900 883
674 506
14 1319
1942 408
1193 1358
1147 1822
793 789
918 1276
1011 634
690 1353
1004 1742
1238 1628
40 1388
576 648
1439 428
235 1361
1673 1932
794 849
1207 143
505 1928
990 1101
756 233
1446 186
407 1551
321 1938
1337 160
1662 1920
91 1641
609 46
1373 221
906 1733
1010 25
432 242
567 1600
469 1113
380 284
1806 358
1277 1163
586 1910
873 683
1658 835
131 1643
887 586
1183 96
793 702
1820 1950
1697 442
750 732
459 725
837 951
623 1775
552 1009
512 655
1297 1433
308 1810
1315 1543
1378 938
1052 1061
1093 477
887 200
1665 551
216 1557
490 1691
1496 62
285 178
607 484
814 109
1862 1945
1202 1295
886 1841
815 1259
726 856
70 837
236 1393
1352 1073
1178 1410
341 1183
591 667
1520 587
1076 987
1794 1089
1 516
517 1060
885 1043
635 1226
88 1591
1151 1324
355 391
1625 1841
659 457
190 1237
1642 1204
281 468
507 1824
1798 343
1569 574
483 1137
1622 50
725 1094
157 1173
691 1018
1326 690
284 646
847 1484
215 1113
1119 70
1007 1880
1991 412
824 1166
8 1528
667 445
1185 1866
979 1153
1331 1255
1351 799
468 686
1334 1664
269 987
1149 1497
904 1597
805 1362
1145 222
358 1284
167 413
1451 956
657 187
1751 621
189 1362
1984 1473
727 1360
939 1559
1077 1239
869 1042
1600 537
9 154
1094 748
1846 593
188 446
364 608
312 293
227 456
371 173
277 1250
46 1122
378 1168
1710 1210
693 810
1777 177
853 443
674 764
137 1660
954 1728
130 637
1470 1209
157 1210
732 1855
1815 751
1266 434
798 1867
1749 324
1317 1533
1867 829
1360 1590
1116 1283
564 740
295 1995
786 1498
131 393
1296 217
1896 1391
697 1021
1996 379
1453 1033
706 422
1188 1218
1070 1210
36 749
1356 110
1562 1632
1502 1554
1333 1073
195 304
1000 1397
1801 1018
307 1827
480 463
512 623
64 510
1194 1027
394 845
1294 501
1826 1491
60 147
1283 127
1390 1178
57 1566
1998 1107
1625 216
1599 1192
1294 1289
1072 1438
1385 1390
1041 1095
317 102
163 761
231 1048
309 42
835 605
1066 1120
477 1013
1134 1210
1680 1914
32 399
532 1247
387 766
255 1927
1950 38
1459 635
863 1657
266 230
804 1
1455 744
790 1022
1931 1171
662 988
345 6
1594 947
1283 1154
979 1315
1022 110
1867 1513
1076 786
1873 1964
778 1757
1929 1650
515 371
128 1511
116 768
1170 189
662 1192
793 1297
870 1834
1339 1487
1212 361
375 1708
855 775
1094 1821
212 1505
1606 1338
380 1332
1667 834
288 1925
1192 1308
230 1009
666 1852
839 1976
82 417
1286 1855
966 1334
141 673
293 470
426 1842
212 1139
446 526
1965 1958
263 1515
776 417
352 1386
1025 624
1218 51
1633 1937
176 1748
1818 1622
1347 657
1764 667
1297 740
788 818
80 1079
533 1730
961 955
1717 1152
147 238
1748 877
1651 1181
1604 727
1713 8
1732 1464
1295 76
1525 1002
1576 1369
559 1430
278 1520
206 1706
1175 697
1511 596
77 1762
1392 1261
564 91
1315 544
1261 64
1798 1751
987 1983
174 414
1777 1254
255 1979
316 1272
422 754
1333 424
945 1124
1757 318
31 1328
143 1329
751 1854
813 724
503 1732
431 1544
633 1948
1473 788
824 1525
1470 1224
8 1378
1443 922
1805 174
1308 2000
1955 8
555 174
1594 688
1481 230
1859 106
260 462
1967 1913
1500 485
1713 730
1576 1832
330 1225
289 431
910 37
665 1931
1707 703
814 1543
474 837
389 152
131 937
1963 1659
840 324
1462 1055
584 1404
1163 1532
321 1141
25 252
1782 792
347 1418
845 52
1109 1490
623 59
285 216
994 1416
166 751
944 344
1001 1389
552 625
1336 863
715 1112
1499 1785
812 1173
239 1694
1386 415
785 562
20 1576
1799 976
1392 1001
1774 720
167 1922
67 399
862 292
936 768
1735 1531
423 867
1957 650
9 1746
688 727
378 1155
1994 901
507 1376
115 654
1554 215
1775 427
1918 1170
200 1973
925 606
1568 486
1221 1880
260 1134
565 754
1132 404
78 964
1549 740
591 1955
1618 731
1711 323
82 1948
960 1222
793 673
112 117
1717 1519
472 53
196 321
62 1961
1615 1698
1070 1392
209 1189
1233 1069
1827 1728
718 988
1595 1747
1346 1580
1835 1874
943 974
1594 483
1712 1552
1358 469
1602 1316
1121 1936
1620 538
1621 935
1563 634
1659 579
896 594
362 204
1458 1114
224 75
81 1758
1101 819
1210 1206
143 826
203 1582
37 188
932 878
1791 1988
1570 1318
529 881
562 519
1453 650
1558 601
1287 1153
31 1353
1509 504
1280 387
1688 721
1205 1342
72 63
1635 1029
1373 195
87 278
1270 1416
554 924
333 92
1765 415
1581 1016
609 159
804 417
1631 656
1061 1511
177 1579
418 1749
1921 860
653 1411
638 639
1408 1185
912 1832
1926 981
397 1396
286 612
827 1022
1065 1104
394 1756
347 197
973 418
1494 197
1630 1575
1470 1697
1643 194
123 33
494 1451
170 1735
770 480
207 333
1845 674
186 1900
665 454
208 1779
1921 636
1803 1129
778 237
248 950
1920 643
399 1378
1364 1611
1859 568
1952 1429
50 487
281 95
999 482
734 1245
41 1148
459 1321
863 475
1987 1196
1837 1245
559 871
1380 958
67 1503
1630 745
585 1938
1295 1575
343 1319
410 307
894 689
1859 978
565 1905
563 1831
1567 1602
1339 1352
457 1884
1324 652
83 858
1394 728
1222 841
917 1794
1686 152
727 1059
1039 131
1630 986
1006 1482
1792 259
1959 1907
1220 598
44 1199
660 1
1085 869
1026 734
554 1760
573 390
270 263
1986 1793
800 1989
1421 850
1729 1622
810 272
1475 1210
111 1485
916 180
1792 1405
908 1895
551 456
70 113
1377 1466
1124 1617
537 704
1139 238
94 258
1515 1022
1157 254
645 1120
523 173
1828 1918
1042 53
280 1395
953 1833
381 858
1901 1578
151 1376
38 908
518 1537
1431 156
1098 1433
1702 447
1137 447
1828 1784
817 1265
1538 227
1182 730
1987 1511
685 563
77 324
701 1096
671 1790
1038 89
1340 1319
190 1660
181 226
1558 1735
588 145
718 1503
1746 1033
1004 474
388 142
1184 1716
161 1097
1870 1863
143 671
1944 1764
414 1359
823 151
1953 1368
927 130
701 795
1758 1988
1322 258
906 1407
1651 610
1710 190
1597 1054
1601 1612
1261 1895
1077 645
1471 1488
1664 1888
879 977
416 1434
1679 1550
1838 1731
262 1733
993 1325
1820 1098
1326 1525
348 1794
577 1433
1130 1219
720 101
1913 1501
1764 914
1281 1666
383 780
1862 1369
528 256
1940 1639
410 175
1120 407
1516 76
1644 582
1560 784
3 1536
377 805
1033 857
1859 991
508 1422
332 651
1453 343
684 148
983 1856
1972 585
1266 1420
650 1416
1248 1896
160 1429
769 1702
92 948
1806 650
469 421
8 1779
916 617
190 1350
1523 620
489 1104
763 1700
590 139
1113 966
469 774
1810 1128
1647 240
334 128
16 536
898 707
1253 1323
512 1263
2000 777
370 1053
1877 1444
1793 1077
987 1448
38 1421
1976 450
906 353
642 838
49 572
1842 1828
1185 1553
1169 348
76 1195
285 972
461 981
353 638
1377 594
1923 800
365 1914
1741 685
588 1411
1664 490
1832 1234
926 800
1533 1768
1492 632
387 858
1376 1949
1956 1473
1543 119
356 29
942 1064
172 546
246 229
1887 610
194 1828
1016 602
563 439
719 8
9 497
1613 1534
993 1755
1420 813
1920 439
1604 1266
2000 248
1431 138
1136 839
1226 746
721 920
1067 1476
537 1487
39 1253
729 459
1650 1367
841 86
1657 1255
232 1762
1756 623
1685 1827
1673 560
1518 1390
56 1507
757 732
913 715
1352 1882
865 1409
418 1206
1809 1
527 1192
1106 1797
1349 1818
521 1830
508 1808
381 604
1150 1183
1189 83
9 775
1518 551
1789 937
1601 456
525 1627
1434 1151
1270 980
1831 628
35 1096
245 917
1844 95
1090 1814
1890 1684
928 1215
889 388
174 1316
1988 159
487 1503
104 1239
1991 342
1463 585
1177 79
1813 136
1266 1805
192 1324
990 1080
1756 1126
1412 201
949 768
2000 1833
1286 871
199 1873
380 258
1443 347
1367 592
1938 1983
627 87
40 330
1354 1236
1862 1035
850 1659
9 1170
1347 1180
1209 1820
263 846
21 899
370 1710
1007 1388
1907 961
536 89
469 1069
1166 263
1410 1800
1560 548
128 60
552 42
1670 1844
1267 1591
1833 1223
818 455
1992 258
1992 1543
1794 1778
1846 835
1768 1349
2000 1703
1625 894
387 433
56 1492
172 1268
887 1061
689 1207
1711 1336
1833 354
147 230
1450 14
892 1009
1685 805
311 1311
172 645
1361 1164
1843 1269
821 1251
896 415
538 1747
697 742
1282 697
1304 1272
1950 1766
829 96
752 512
1150 623
1197 1969
1380 1475
860 1197
614 450
1372 1398
1515 77
484 421
1444 1802
129 1417
1129 1170
516 1374
876 169
1269 293
1400 364
672 364
989 832
11 1317
683 95
622 167
1690 1667
1297 1368
1190 114
1557 404
883 1533
65 1080
770 114
1170 1681
1504 690
339 65
210 1872
222 1910
1485 86
427 1750
861 342
1913 1827
609 354
1358 1280
1309 520
1790 830
1057 139
658 1505
795 480
1643 168
1959 150
1828 660
1278 1766
121 1639
604 9
1257 1583
1987 14
1929 1680
1050 1783
1185 1901
1291 151
1021 1382
289 1453
1594 1895
333 1079
732 769
1125 1833
292 249
398 413
407 1815
312 666
606 480
1059 1259
77 110
1801 1369
1963 1036
1692 1221
85 1890
1452 1181
1177 1639
46 1012
767 433
727 1428
1012 230
1580 5
145 1250
367 1089
258 1719
270 801
1892 985
972 678
393 1201
1696 1366
1091 28
1973 530
1120 38
1329 981
36 1015
194 912
1884 1403
1340 1893
1424 1002
1962 673
782 724
1649 1912
1168 479
859 90
1022 1123
1146 489
314 1004
1611 294
225 544
570 440
367 504
119 495
944 901
1789 1653
128 315
832 1082
204 1991
1738 1782
1444 308
1864 1415
1777 1110
1190 745
1818 117
845 922
1377 222
1271 1110
847 775
338 491
985 99
45 1692
1749 1439
1602 1092
754 618
1598 1694
199 1376
175 333
1053 1246
1140 154
99 1986
1701 549
864 372
1285 305
728 1547
1195 529
1000 189
29 1742
1616 748
1900 1125
1916 121
1386 1574
1500 985
748 147
857 1145
1499 871
744 459
1893 803
630 676
412 747
618 42
827 921
646 48
6 1645
162 580
1160 1952
1730 581
849 886
1491 1979
1652 1983
437 524
12 196
423 1454
273 112
1859 1467
191 834
1264 1563
616 1446
406 633
761 979
1694 506
1238 1971
1260 143
137 1951
807 1485
1046 1632
1304 622
1562 824
148 551
1905 457
1668 676
918 447
609 1380
1756 1213
313 1281
800 884
104 1641
1601 719
475 1361
1587 564
293 1188
875 1540
383 678
138 509
1422 1746
939 503
899 1207
1733 414
1104 315
1116 440
339 1888
1093 1594
1757 1228
816 349
1286 230
1464 1177
136 253
844 1556
1512 696
740 1666
802 1478
1452 42
1146 1313
1944 394
869 1241
84 772
1968 657
362 778
950 1375
647 759
764 436
1605 702
1299 403
615 1990
905 636
1870 647
1900 1099
1200 612
414 59
424 1482
1024 459
1095 1477
1523 130
1400 1378
1002 768
1775 172
902 456
1402 1803
1917 163
1269 646
1538 1754
796 1030
189 670
873 967
369 1994
835 1641
1168 956
1102 1592
1724 1811
289 1488
66 1563
885 1731
1580 1725
211 146
1058 532
1510 83
421 799
82 1219
591 872
393 1308
1019 441
1737 1067
373 587
1821 1250
272 1011
1732 1936
879 1860
1494 591
164 534
1601 1575
136 166
136 1022
1315 741
1205 714
746 1170
1129 1023
1168 480
1575 692
384 711
725 1694
1300 1741
1326 619
217 1628
1534 1591
1566 56
1594 1835
24 242
65 1370
1112 1571
932 315
645 1487
1400 137
1783 224
517 592
419 1386
1210 1551
822 517
481 1534
1971 488
44 1655
1088 1111
498 1762
190 104
58 219
1223 1353
234 506
1593 1613
1711 524
298 1362
676 339
605 975
1245 1659
161 270
933 116
1618 58
1783 688
1932 42
84 1747
1428 1486
1582 1538
971 1267
1144 350
1474 1178
648 1114
1642 664
1606 571
36 64
752 1340
715 1124
997 1659
1016 1623
1981 1349
1403 1047
1223 1794
1991 653
452 1262
621 940
1146 792
640 971
763 1901
774 321
1994 426
1615 1138
907 1915
987 1314
1223 1251
966 274
263 1839
932 1294
1912 362
1539 1662
98 1675
1413 186
1999 949
1418 799
1064 730
1657 1776
1522 1530
1967 1403
863 1523
1484 1906
1381 666
276 338
1493 673
60 847
1157 1284
230 1742
1764 482
1223 290
856 1328
137 948
792 24
1141 1049
393 997
1094 568
946 451
186 1901
930 1130
1132 1594
1402 1084
476 1616
637 1090
428 574
337 1245
1905 1298
163 1086
1697 1812
569 1753
1402 1807
230 1315
312 1884
845 158
521 1784
357 648
157 431
5 1473
1892 656
1793 735
615 874
1782 847
638 518
1007 846
1140 364
1633 1038
1690 64
1082 1436
1727 916
1682 1177
959 1866
1575 1794
1635 786
613 1300
1280 1336
1933 809
1144 1802
1153 81
497 705
621 501
1261 1656
308 1829
1664 211
1249 1043
630 1855
1030 1196
853 1492
718 1494
411 950
563 720
463 1447
1379 1841
1325 1211
543 992
1373 191
277 1694
1433 1261
386 661
1860 1563
1798 1979
1229 1171
177 1386
409 1515
1253 137
1524 1509
226 981
242 281
1366 863
799 786
118 894
1508 108
1962 45
251 1380
513 1330
1326 552
547 1901
200 984
1197 939
1080 241
367 429
1024 1025
1393 933
934 1657
1844 640
326 1500
90 785
417 1395
962 349
60 1575
227 1281
1911 680
1265 1009
754 585
1512 1111
1766 678
72 397
520 1183
948 85
426 1233
1801 1252
1104 1178
208 1581
1123 520
1044 666
1369 855
840 1691
636 531
507 575
1135 285
1142 1471
19 362
353 1272
512 1763
591 1920
1339 842
1472 1181
1719 1590
883 1104
1569 1627
1219 114
563 1455
1556 932
997 308
570 631
1388 1429
1677 1633
1027 516
576 789
608 1546
1142 791
1503 925
932 1798
1930 1126
1964 1594
347 605
1341 195
1299 207
69 522
473 1073
587 429
1160 673
1734 1154
489 1637
1432 1794
496 108
1243 410
1901 321
95 847
981 126
687 1001
1025 1224
1044 1857
1193 899
1137 1184
327 312
736 81
805 1415
1811 118
1056 466
1645 1561
652 1195
767 1958
1072 506
1175 950
224 692
1709 411
1885 1206
1453 131
735 687
574 351
1838 1091
1224 1743
1422 913
1649 232
198 238
377 857
1120 1740
1593 1293
1827 732
856 508
1038 1076
993 991
1384 1674
1550 1969
1582 989
1441 278
1260 100
920 7
1547 1003
1559 900
1021 1763
1506 1861
477 1041
210 25
1123 1866
1701 124
120 142
1319 920
1870 1864
461 1791
1324 330
1279 1756
1363 552
1582 1856
408 842
308 1842
416 1114
634 1360
508 457
1471 1738
1933 1976
1714 3
1808 610
1667 1782
507 1797
1350 1824
1005 405
1877 585
271 376
81 1804
1044 669
630 546
1443 42
52 1816
75 767
870 1886
577 1851
682 1938
1273 1569
1043 68
1366 1199
1090 691
404 1008
739 60
1455 1809
1284 1583
1957 918
1604 429
338 655
43 1458
1051 901
563 1884
1685 518
1939 279
548 357
1516 67
1606 1234
1426 1574
1544 599
1287 654
1789 366
974 398
1243 1756
960 454
873 1198
1434 1160
215 950
288 736
977 873
786 1017
169 355
700 897
1334 805
1651 1456
577 1686
987 746
1076 1498
1710 907
1043 581
839 552
54 900
1410 189
223 1104
1756 766
1420 874
101 59
1062 1143
644 1947
1447 929
55 715
642 1304
1832 352
155 453
1922 412
1675 948
204 1039
619 494
2000 13
391 174
234 466
604 531
991 1467
1911 1767
1033 1889
1482 1299
409 1134
1398 1956
1099 1323
343 690
384 273
1376 1810
1981 604
794 559
1454 1792
237 1543
1350 1071
120 706
911 1127
64 1435
608 594
1807 882
882 85
525 1999
571 1861
564 1209
723 643
378 488
1936 153
773 1918
399 363
783 1878
1908 1705
430 1109
1365 1603
993 1988
1912 647
1488 1379
1025 904
449 119
1707 708
230 1832
1935 1990
1474 1354
1415 1477
1880 1018
959 8
1444 584
282 1877
714 1736
1006 79
110 324
534 101
829 409
1124 1859
1969 1444
1795 1703
212 908
180 1587
98 545
322 778
1472 1966
1336 1497
298 872
1349 1629
1251 1740
1974 173
330 461
857 1815
1679 618
762 1405
229 1425
706 1108
532 1785
189 1624
1470 563
1964 1304
1941 1067
271 790
1880 1451
912 926
1566 1704
1032 523
413 1398
1240 1591
1265 1514
1357 725
25 313
811 465
804 852
353 838
1297 1525
547 222
1661 603
268 1603
17 229
1338 1083
699 304
97 1185
1925 1863
1520 1441
1382 1637
1740 272
360 958
761 1408
572 1413
513 1816
1927 762
1816 562
451 840
1121 1513
1212 910
1614 390
1590 680
321 34
1558 1291
939 837
1592 1553
126 547
265 1106
818 1184
975 1668
1666 1267
1216 1700
1508 1175
1567 1675
1927 327
480 1252
1064 716
1884 753
1261 546
1183 852
218 298
1239 1102
1897 1974
81 1709
1412 724
801 389
367 1948
1212 391
13 155
816 1866
273 639
162 961
404 916
222 151
311 25
293 360
1644 905
223 1085
1005 1426
264 169
1305 1199
1154 1167
1026 930
764 601
116 320
1781 1071
509 637
1829 208
1620 865
1981 1249
11 44
1551 1648
1052 691
171 927
1194 297
1876 220
1384 1326
26 1450
596 540
313 1305
1471 1812
1437 1112
1627 889
788 544
399 1408
1088 1391
1964 1711
1739 865
1393 484
1026 162
1305 503
1373 762
583 609
1396 334
1966 103
1017 145
1799 40
1549 665
145 277
643 1140
635 1128
754 1323
1631 1488
608 1600
332 719
1600 1535
1040 1279
445 1116
1750 595
1550 1230
1041 67
1591 558
1870 652
1631 1670
1082 1255
404 174
1007 793
751 1764
1111 149
256 1429
962 1271
1137 1203
1885 780
1806 1585
1755 194
403 1691
691 984
637 175
1283 922
1515 432
214 2
421 872
925 1485
377 605
214 1580
1805 276
957 1510
563 1166
1364 810
1280 1386
323 558
967 1128
1175 1472
226 173
740 167
875 1731
1614 488
565 1177
1971 1177
1176 1454
1979 799
663 1800
327 1608
1252 1941
1349 814
1193 483
686 295
264 1582
920 743
1376 1145
1428 639
378 865
901 1114
1903 1844
1737 1866
773 1304
829 502
1966 1625
1198 1146
1594 1805
1158 1628
1184 948
325 610
1983 1005
558 1898
331 311
897 1058
393 801
1798 449
725 89
1053 1472
1008 361
13 1069
1611 1845
1714 1725
815 512
642 1155
395 191
215 1167
946 1094
1349 943
1408 211
82 1631
1733 300
393 156
342 1823
1540 1988
512 806
1912 229
948 1862
1198 1899
660 1629
1190 1516
282 252
1614 178
533 1221
485 1947
920 134
733 450
1952 1668
844 1258
855 78
1739 9
723 1295
266 1309
1040 1932
204 555
1581 1084
1458 1241
350 221
159 187
110 1600
1341 1396
158 1725
1409 1042
1457 1665
308 216
33 1492
1298 1906
1083 26
1277 202
67 639
655 1549
1873 188
311 503
1594 1206
526 1767
723 1830
1031 1286
922 812
1686 775
1266 44
1462 542
1432 241
1108 1852
226 268
826 1633
710 1815
1703 6
436 849
1423 778
1981 1673
1064 111
1545 1211
1128 1565
429 1058
163 1154
1992 1140
673 1153
1840 1332
1510 532
1453 216
830 159
1484 1219
852 1781
1983 2000
1241 872
1795 1822
389 10
755 37
503 749
1315 1866
736 588
1618 744
1476 19
1786 1237
1317 256
277 640
1718 1816
573 1934
1257 945
353 991
1052 1296
1131 640
662 1235
529 1616
810 1784
340 393
604 374
1446 1916
417 88
123 267
1986 249
973 920
1805 451
624 219
298 751
1999 598
888 1198
1513 386
1429 425
889 1060
1602 1004
58 174
978 317
80 1210
448 1621
115 1609
351 1632
706 1490
539 719
1535 165
998 876
987 1364
1714 789
1735 887
1 1360
1827 1444
1006 1406
217 1375
1669 1882
1026 161
1647 359
1353 250
753 814
164 1102
811 1880
1482 1655
701 1251
1751 576
1558 726
90 579
1229 1408
1341 1218
1754 958
1439 31
240 508
1979 1828
404 817
1149 1542
421 1385
89 242
163 514
1026 1477
164 132
1971 38
391 1425
1750 606
1408 1155
1696 557
1898 965
1902 980
822 113
1723 1374
1304 86
1758 10
527 1305
1135 898
762 1018
793 571
664 766
217 602
1182 704
1322 481
1936 1007
1933 160
1913 1433
1166 1686
1650 1956
531 102
1029 1076
1318 308
1302 573
209 1758
457 1802
1856 90
483 1897
1585 1504
33 1421
378 250
643 1887
618 1110
1322 1921
1694 1327
222 530
1220 824
1162 215
1509 1560
1437 333
884 1598
1865 1322
1597 483
2000 1881
721 381
47 255
372 565
547 1847
360 764
1622 1926
330 1639
1446 968
832 1988
1756 523
1926 556
1271 501
523 391
930 466
1248 1407
1580 404
1935 1995
763 561
385 349
625 460
1141 1003
899 1932
356 390
1567 140
1275 536
303 144
1869 999
1210 1883
1094 1282
1304 1145
433 846
1403 104
166 1253
1253 1440
1320 1959
1098 956
923 1876
623 101
181 583
704 1350
715 1771
1880 1928
920 1328
403 74
530 439
1323 1667
504 1584
369 528
1311 1312
1422 1050
1693 505
623 1616
876 1284
906 1228
1006 566
1506 1127
105 466
781 81
1947 1538
1280 45
759 165
1143 1082
1626 404
1375 705
1721 541
918 1431
1370 56
1736 643
1478 370
1488 207
314 1779
937 1578
1840 960
1794 861
1166 579
1437 1759
61 1837
1383 20
1829 1398
608 561
1276 663
621 1721
123 521
1857 19
1762 841
1673 1578
1864 1090
1838 1623
292 385
87 678
1969 770
1678 1429
1576 166
501 156
39 565
134 1836
346 1829
1849 900
1077 219
238 1091
1240 212
444 62
1285 905
80 989
1944 1885
1212 154
1441 1461
89 852
1245 1056
1183 1497
54 1299
1971 1285
1415 460
17 1350
872 1402
609 601
1328 779
1187 150
126 6
400 548
243 1118
296 824
838 472
1430 418
16 1919
1481 1128
860 1391
1588 1672
1176 254
764 1357
237 543
440 1444
446 73
1198 1988
846 31
1058 1801
1323 626
1325 354
1580 1504
1216 331
52 1840
988 1690
1406 1819
684 1065
630 1717
381 1007
1785 1450
1832 1787
46 1205
1391 1005
34 1402
1683 215
89 551
391 1936
1893 1040
898 870
1836 1723
157 896
1315 921
1125 1027
1268 1639
291 1203
1328 1017
373 1718
1042 1181
803 884
529 932
1540 593
755 269
1308 1669
1413 257
1950 661
169 1736
614 1854
1369 1088
1549 1972
1126 1848
1365 1962
269 1372
565 1252
968 1936
1135 1091
822 1286
674 1055
1471 835
1599 1727
1384 36
1797 449
1840 850
1521 853
454 873
1481 422
524 1678
1218 266
839 1119
1929 1316
1779 1415
1806 245
1756 561
1798 253
264 930
1170 1477
1755 1211
1360 332
1252 220
134 505
1664 1826
1644 520
1819 1498
735 207
1028 1093
240 1685
1255 1286
1496 607
356 1781
1167 1244
163 1982
1350 1423
623 77
1080 64
156 1560
196 1376
1498 1815
882 1223
1458 1504
1293 375
1007 992
1632 1211
1750 51
1916 1686
521 1841
1421 1688
440 699
212 234
855 379
250 1368
1964 516
1253 395
270 719
1179 879
1129 238
245 652
589 1982
911 1889
759 1174
634 1025
1874 616
528 336
465 217
879 1318
751 351
1987 397
1404 869
1303 42
1022 604
1379 1072
10 1601
876 453
1883 53
555 1149
1253 711
1199 1899
1638 1248
1369 1511
1703 1299
1966 816
1967 1902
1342 1997
819 295
1865 1490
1830 1976
1730 24
729 1048
732 856
706 854
577 422
452 721
242 1252
122 1531
105 305
43 598
603 697
916 1783
1418 1005
1265 1621
527 1234
910 610
1006 1072
583 1396
496 274
1280 412
635 1976
861 436
536 876
1353 564
980 1291
161 8
1033 1051
1289 1711
1379 1311
33 610
554 194
679 1152
1305 1211
85 1366
1388 215
649 946
626 1541
1521 406
63 1062
1053 1723
903 1090
1213 742
1178 1608
507 1978
1141 405
1693 748
661 407
1513 1185
1761 1667
328 1061
909 906
583 338
1602 510
1295 388
1133 390
922 1215
642 1924
923 709
133 1256
381 58
247 99
669 732
1862 1841
1382 1771
370 1879
201 1710
1215 90
1477 1083
1895 573
1690 1694
245 1836
1151 192
574 185
397 345
885 122
1862 1483
603 887
1891 801
351 720
1529 1087
235 365
1213 34
266 1385
1378 988
707 1935
1538 1807
1302 461
1426 846
1661 919
112 176
262 1152
937 503
915 684
14 1562
391 1606
124 319
684 1360
1448 1561
1119 827
1472 1516
155 1123
1679 1980
1121 1922
1697 729
907 1972
1832 1058
1745 1325
1983 591
1036 1094
340 819
1760 846
37 793
935 1815
469 1990
1996 1400
1083 1130
943 582
1718 1903
448 1283
1592 1745
409 198
1020 625
1717 25
788 351
38 1644
907 1703
572 1177
1238 545
1198 1016
1388 875
1384 1029
302 1215
435 27
505 1666
1142 516
1595 1946
274 1284
1245 688
550 1180
509 1486
1304 676
896 1278
828 267
1370 97
1696 1791
1156 1785
1178 384
719 81
386 393
640 874
390 79
867 1522
1860 628
764 713
797 346
109 874
242 731
829 851
1862 175
1443 609
1162 1077
1999 1076
1536 1874
1140 962
726 317
1416 415
1308 1593
1773 984
1856 32
1217 1351
607 526
670 1654
988 454
53 499
217 1203
46 1759
1240 74
423 1804
1435 1847
289 1186
1491 508
576 1378
679 187
1771 1780
1361 1904
1495 1134
665 115
505 624
1489 1218
1626 1180
536 645
695 1088
1264 1218
270 1119
628 360
969 832
831 355
107 183
1231 614
1763 1222
116 462
3 1012
1002 432
11 1528
672 1724
725 1834
89 753
1381 88
110 1126
1904 596
1063 486
1944 444
493 1074
745 1539
1277 1829
441 539
632 210
334 1651
1820 95
385 1049
769 1611
1868 1889
953 100
1391 548
1641 1332
1901 657
1877 1949
1371 346
1826 763
617 331
1067 1931
873 587
1107 1540
1594 1151
493 447
791 829
526 260
272 932
1748 626
1746 885
1809 366
704 503
1329 76
847 678
1558 404
926 1593
168 769
120 517
1189 1924
804 1573
202 1197
148 517
1758 1703
219 1935
1715 679
342 1693
936 1849
1330 48
1905 903
676 838
1138 1935
629 1049
963 1012
775 1441
583 353
311 647
862 1540
457 1801
57 339
1617 1539
50 647
1270 418
1226 57
850 1934
1307 444
682 1512
1751 1327
897 1901
627 1234
401 959
329 1361
464 1581
1317 1129
332 1041
1600 833
201 90
62 1579
1681 899
226 25
384 1495
1987 977
1285 357
842 580
1319 795
367 1401
142 1121
1451 1155
56 1103
844 1632
1439 1223
1881 1674
873 537
2 81
1480 1401
627 758
1760 1995
1189 1871
1289 827
973 1372
43 977
381 166
1946 1475
1661 594
1816 96
981 1041
393 473
1725 1944
1217 1092
193 586
1222 1100
126 295
557 1129
334 1472
1779 1987
508 674
598 818
1010 297
30 790
295 1645
1699 981
1664 1122
347 448
39 1127
35 236
683 203
1111 497
425 316
249 1784
1012 11
1499 1716
442 366
1071 1290
616 591
1270 93
1309 383
15 1896
480 1042
1174 1146
408 1710
1032 1563
1489 377
839 1793
1290 417
532 721
138 1952
1957 863
415 989
1510 1193
995 766
1844 1390
940 1823
134 962
511 1704
608 1301
1577 863
344 1816
1351 142
596 1376
1237 729
1920 3
850 300
1528 1555
791 1466
351 1318
255 82
1344 1971
2 19 31 228 249 238 416 25 53 3 6 82 58 298 1 3 1 1 3 3 111 1 1 36 137 24 2 335 34 1 213 25 2 12 1 364 17 162 1 49 171 115 81 15 2 45 14 2 3 22 3 90 165 94 1 348 236 52 2 3 1 56 2 280 474 46 92 1 149 104 78 3 11 33 17 1 103 23 59 162 8 5 62 1 35 26 2 24 90 9 8 151 22 1 11 31 265 121 5 1 48 1 1 13 5 53 1 129 4 32 2 27 2 40 201 94 2 2 20 4 1 9 77 132 4 54 2 7 1 1 14 7 1 1 1 3 67 98 39 1 3 24 23 2 54 30 10 3 4 185 141 47 1 3 3 84 6 28 23 3 2 8 38 6 3 35 123 5 1 2 3 1 4 45 35 168 2 1 1 9 72 63 2 13 4 3 2 14 3 7 14 206 1 116 5 79 5 18 69 68 13 1 2 3 2 1 10 2 209 222 59 20 1 10 28 32 36 12 2 2 2 111 1 35 1 46 34 2 65 105 28 5 2 1 92 2 5 11 5 155 334 9 10 1 2 18 6 8 3 22 2 30 1 8 6 20 2 9 1 9 1 316 11 3 3 3 1 284 57 29 231 130 24 66 1 1 7 4 1 1 37 39 1 37 4 1 1 5 5 181 1 1 30 1 14 349 140 1 3 123 1 3 1 4 55 15 315 69 116 1 257 5 75 6 1 60 10 175 1 115 15 1 70 65 201 7 3 1 1 34 270 2 50 70 35 3 1 36 202 3 10 35 211 196 272 3 10 25 181 3 36 23 118 140 2 29 1 1 5 23 3 1 37 3 188 1 9 15 39 11 1 6 3 37 2 232 8 21 14 47 4 6 2 4 40 172 216 31 19 49 131 23 52 1 1 1 64 236 26 2 2 7 67 71 45 38 23 9 6 424 109 179 2 49 3 9 60 69 1 1 2 5 6 7 61 332 1 1 77 2 4 59 37 20 1 6 2 1 10 26 523 2 17 12 44 10 5 47 6 164 36 8 1 15 1 21 6 1 17 123 20 4 1 21 25 4 178 1 48 1 1 53 297 304 39 1 3 1 17 10 48 15 7 3 2 14 23 44 6 43 9 1 2 1 21 1 3 148 1 2 1 10 82 40 4 93 10 32 9 95 3 9 58 107 2 12 76 1 45 11 20 60 135 3 15 113 5 37 9 18 4 196 1 1 1 6 1 10 98 87 146 2 136 2 26 3 181 4 1 196 26 298 1 1 11 15 140 2 1 55 2 11 5 3 2 1 1 55 189 1 168 2 237 3 3 62 1 10 110 12 55 1 15 1 38 8 2 2 16 13 11 70 96 41 12 69 124 380 2 1 181 65 2 99 163 3 46 91 82 26 68 3 1 3 112 1 302 13 339 7 67 35 31 7 2 1 3 20 1 1 21 41 35 5 18 1 8 235 112 5 1 47 11 72 19 35 48 64 15 37 1 1 2 25 10 20 3 16 1 25 179 1 2 13 119 11 20 1 5 4 56 1 2 8 59 37 12 30 18 2 1 12 1 1 2 2 1 1 1 13 1 1 12 16 76 6 30 23 6 69 8 13 1 15 10 3 5 3 6 297 1 2 13 1 12 13 190 18 67 17 14 1 15 4 2 113 73 13 25 120 22 2 1 16 14 37 7 6 53 38 13 190 100 7 3 42 2 6 407 3 4 34 43 11 36 1 3 4 5 3 463 1 79 4 238 174 84 195 1 52 1 3 20 20 6 5 1 24 1 27 9 5 2 36 10 164 1 4 64 130 4 13 167 3 42 8 89 58 15 155 15 137 108 16 34 5 14 1 2 11 17 6 2 5 10 157 72 9 2 5 1 1 208 20 1 1 2 11 5 24 6 1 181 4 26 1 591 52 428 99 137 2 69 13 6 303 24 1 1 464 6 8 2 1 22 3 12 5 1 13 97 10 17 2 2 6 1 116 5 25 51 23 13 2 46 9 1 82 294 24 1 41 2 103 337 3 39 1 3 1 1 11 1 16 1 14 68 3 58 348 459 18 7 3 22 5 11 22 1 44 19 9 1 12 4 12 51 8 3 99 1 110 8 2 49 16 2 1 3 1 134 11 52 1 1 1 110 52 97 1 1 1 44 182 6 14 95 99 48 4 46 1 128 2 20 1 20 25 1 1 10 4 2 34 2 23 3 4 2 1 1 1 7 10 177 1 14 14 239 4 13 2 1 8 3 14 4 77 2 4 34 117 2 38 1 12 223 10 13 5 8 26 3 258 23 248 84 1 369 138 136 40 4 1 4 106 1 11 1 41 3 6 231 39 25 15 99 1 51 7 211 1 289 1 6 1 1 3 9 450 20 37 381 2 337 55 18 27 2 1 22 48 13 1 2 1 25 30 15 80 11 1 15 113 4 212 45 2 52 2 22 114 151 7 3 32 27 1 217 284 1 3 23 1 2 112 3 75 1 17 332 2 2 13 1 3 1 16 25 2 1 2 1 26 1 2 3 1 11 15 1 2 22 118 1 27 17 3 127 21 1 88 174 3 3 10 18 16 96 2 6 10 28 19 20 1 15 19 48 1 22 2 5 270 37 2 22 1 7 12 205 484 49 17 24 36 13 13 209 86 1 80 210 1 16 6 68 12 1 37 1 2 1 1 24 2 8 11 100 160 78 2 7 132 126 38 50 45 107 1 137 3 117 1 3 183 16 4 17 7 191 1 2 1 5 51 3 4 1 151 4 1 172 122 2 17 1 16 38 2 3 6 158 9 53 61 1 197 2 3 6 1 325 22 2 3 3 134 43 16 32 1 194 17 23 1 1 1 22 79 399 5 20 29 4 3 2 70 11 3 217 1 1 26 76 19 2 2 32 9 27 25 5 1 1 1 97 1 169 4 42 44 168 26 45 146 26 3 42 83 1 1 1 13 3 173 9 1 81 8 1 21 116 24 166 1 13 10 1 3 119 120 3 1 30 1 12 344 141 81 18 19 16 36 147 338 66 415 15 37 63 172 1 164 1 12 1 263 1 177 8 3 1 437 1 1 17 1 35 11 184 5 191 11 23 2 1 5 1 11 42 25 3 1 15 34 86 56 53 266 2 16 8 64 6 68 68 51 118 116 1 6 1 13 1 11 1 167 1 34 7 1 6 11 62 24 1 19 1 4 38 14 2 2 2 139 3 204 4 4 1 1 1 2 85 4 6 139 1 1 204 89 1 27 77 14 2 1 352 135 89 74 8 1 379 1 4 1 29 1 5 5 95 11 2 10 2 23 2 454 3 1 441 1 6 46 17 63 19 267 7 1 1 9 1 1 130 1 25 2 309 19 352 2 20 4 17 12 25 13 21 4 13 32 1 22 3 233 1 5 242 1 1 17 1 41 5 220 139 6 4 36 41 2 204 10 3 45 30 56 121 9 133 1 24 3 1 189 13 1 41 34 2 1 10 1 4 2 2 1 6 114 4 28 1 1 2 13 1 45 2 1 13 3 5 207 1 1 15 6 176 190 9 1 3 12 1 77 1 35 24 1 34 1 17 1 8 3 1 1 1 1 5 12 22 4 3 3 1 300 42 12 1 351 1 1 1 1 1 146 15 1 2 94 108 1 2 238 36 13 2 22 9 30 1 246 1 16 2 177 5 1 90 2 4 4 2 218 1 7 2 83 151 2 7 72 2 166 26 13 15 54 2 29 86 1 1 16 12 1 3 12 3 20 338 5 73 305 11 87 174 7 3 14 3 1 24 27 26 77 47 2 1 36 1 7 3 13 1 34 20 2 59 11 6 397 3 7 1 18 12 1 31 1 78 14 6 1 5 4 254 1 1 85 7 62 5 1 1 38 130 2 96 2 3 2 2 3 103 52 26 495 1 1 43 379 10 4 10 1 77 204 15 3 22 38 26 20 24 2 244 10 156 2 120 9 195 401 1 22 1 138 6 104 2 54 2 3 8 2 65 1 7 45 3 168 192 122 67 2 1 110 2 1 5 2 119 1 1 1 1 1 9 4 4 1 18 52 238 4 10 4 15 4 330 1 23 3 2 80 1 10 2 49 120 1 1 96 14 10 21 8 15 7 21 6 79 14 11 20 1 89 194 18 78 16 31 1 2 7 19 26 24 1 1 132 17 5 151 36 17 8 64 3 98 30 2 320 2 135 1 6 1 23 1 59 1 7 315 2 24 2 1 1 4 23 1 20 51 1 1 5 1 30 6 152 6 1 1 3 109 49 3 4 1 1 85 1 12 8 55 3 275 21 49 2 12 19 312 37 16 4 4 10 207 15 32 1 22 34 41 2 36 147 4 2 1 2 1 142 171 2 3 1 1 28 20 6 2 28 3 258 19 48 2 14 11 1 106 2 87 370 1 248 1 45 3 2 2 57 22 23 1 20 2 1 36 6 1 10 88 179 145 1 18 176 26 1 83 1 1 5 2 4 2 2 1 15 1 19 117 136 27 2 1 487 1 4 12 23 210 51 1 1 2 1 176 31 23 89 12 2 73 1 20 5 1 2 47 3
