2000 4000
736 721
1631 1789
494 813
990 1979
1431 1764
1629 102
162 1382
1650 851
187 954
1481 1916
803 170
579 918
717 905
602 1459
479 1496
1698 1437
587 1115
1534 1296
640 1562
135 1940
610 1403
104 111
1133 1708
1594 1293
1686 216
281 361
769 1209
170 1504
967 45
959 1655
136 741
259 1118
581 181
1933 1130
915 791
1879 627
1635 6
1736 1046
334 1657
1777 202
854 1656
921 1310
672 1115
299 1637
475 1410
1055 19
762 1623
373 581
769 863
1219 1824
667 12
1181 245
299 1571
243 543
50 408
964 1911
1823 1528
211 252
657 1345
1792 1284
802 1225
107 1793
1158 163
785 1472
617 64
633 1853
1057 1469
1106 880
712 267
924 816
146 608
565 145
1244 32
1754 1392
68 1971
447 554
670 141
1584 1557
1959 990
1261 1330
1689 890
1867 1714
1504 1172
1656 1241
1929 1211
662 279
1914 1945
454 449
1312 756
956 830
1477 1917
597 1574
403 1431
183 1912
161 1095
880 533
638 1127
1016 1078
1269 85
1599 956
762 255
911 92
1625 809
1953 887
1384 1638
1870 509
979 1787
378 152
1247 1140
868 503
347 1214
1401 332
604 1094
1106 441
157 1569
1981 582
1735 498
1731 37
1898 302
1198 898
1000 912
1256 1417
1507 263
1102 1648
1349 1795
147 1338
894 247
418 1977
834 1861
1224 1498
1467 988
882 631
877 1154
709 203
1424 617
446 1375
525 1334
878 292
32 1888
572 1637
1401 771
1376 1036
1510 1305
1828 1234
466 1561
1280 457
1648 291
1534 1466
862 818
721 126
1595 699
882 1668
711 236
908 1282
656 1043
976 1269
1857 517
1520 1393
130 1006
1122 155
1704 1636
684 627
1258 1374
1143 1476
308 120
1722 1908
857 980
1317 650
1303 832
1474 1511
737 878
952 1128
613 1994
1966 1587
1338 324
117 1938
1828 366
971 19
899 1006
1010 1812
1023 775
946 323
1392 961
1302 1108
1644 413
73 1839
701 337
1678 722
387 1348
1740 1279
1359 471
250 1972
1354 1100
1438 1727
43 525
1954 1859
1435 1177
1387 1124
1221 555
121 1375
1269 84
1235 289
62 1148
1453 1468
1435 728
1448 24
1978 1720
219 1662
1410 252
1675 1636
892 15
1946 1886
1381 1994
1754 931
1428 154
1224 1998
822 287
1617 1669
522 700
854 1401
973 1391
1518 1623
1315 1013
1412 1246
209 184
1780 1860
264 1923
74 380
177 531
824 1356
896 815
1470 88
1940 1110
1441 1452
1571 1999
479 53
1032 434
690 1136
1638 241
794 1549
731 333
1571 544
1860 1440
1828 1290
588 1674
1803 420
558 882
562 784
1472 108
371 444
1002 1254
1922 671
342 689
1265 467
371 1949
1376 1871
158 1199
1917 1312
1283 1898
1305 1926
505 45
742 933
627 1464
697 1319
1261 1017
873 335
844 1678
722 1645
1519 1317
488 1611
1429 45
1020 1437
1622 1664
610 1316
1051 907
726 735
1176 1812
1576 1848
568 289
459 709
879 339
1570 580
1243 1326
1168 1232
109 352
458 1731
1904 1557
1871 865
1764 1781
256 1159
1298 249
1923 1549
1392 1320
1640 250
266 870
1643 295
520 749
317 483
1817 1970
208 829
94 360
705 897
1755 1219
407 311
1627 922
833 1666
122 984
394 1166
1370 331
588 1484
451 385
1167 1130
1646 1728
1085 257
111 1546
1611 1895
1429 1822
1865 1438
511 1796
1877 357
922 1663
1697 928
1508 920
83 945
1839 1094
996 1518
1331 167
1769 1682
931 1128
417 1296
174 951
1334 90
1828 114
1595 1
1016 284
1055 1954
516 771
805 1877
149 628
1099 834
436 770
725 1824
1327 572
1502 1087
410 638
1456 1743
1276 1323
881 50
595 1983
234 918
1181 459
1218 715
1424 191
1997 937
27 1942
287 1386
1157 1758
23 14
518 414
1454 426
1527 1798
1680 276
1851 758
1216 1340
530 96
1992 45
1717 33
1101 1762
404 1607
1367 1647
790 1746
1376 651
1505 20
1233 914
1615 945
761 1122
1379 932
1645 1515
607 27
1186 1342
630 221
850 1628
1461 1041
28 903
458 1595
1481 1325
1657 592
1166 32
121 644
1501 440
1618 968
1744 1009
196 1010
528 1285
1004 108
1640 1088
999 1526
544 957
1229 466
1949 86
578 202
1119 737
1860 1818
15 675
1610 1119
1351 146
1920 1156
1757 1633
1291 1757
1518 710
972 623
1131 785
401 765
348 1932
25 1656
543 46
89 168
670 1307
1204 473
1890 1024
982 380
1471 690
533 390
676 1617
1218 1598
1776 937
1636 379
1246 1767
1826 1776
1015 461
1170 725
805 1462
1593 1134
549 73
713 702
1765 543
496 254
1672 216
1886 1691
1606 713
890 591
1327 1488
661 379
1602 1826
1984 457
1698 959
613 1950
204 1745
167 1159
268 548
1446 146
219 1790
1677 1215
1901 1889
1200 708
484 1198
269 1575
26 1663
39 808
430 1057
377 1046
765 1983
861 600
1340 587
1064 38
1739 223
952 817
1838 319
1729 735
587 1037
1524 1985
963 879
145 1576
750 1231
899 1123
970 447
1493 223
1525 1261
836 599
380 1348
1792 898
1837 382
358 789
1248 326
937 1334
125 251
4 783
316 41
665 325
609 346
1088 1046
1465 943
430 1380
506 782
1178 1381
1803 769
883 603
1717 579
218 1436
376 1208
601 1548
1920 750
187 200
205 1816
708 993
767 1826
731 264
263 862
622 863
1996 202
1640 1130
1906 631
1536 588
1343 131
909 671
1093 556
380 757
385 1724
139 396
490 1764
1723 1282
303 1914
296 1163
476 1647
791 1008
614 237
608 1369
1848 1208
1035 455
1427 1692
46 1463
1363 1154
1255 840
950 531
440 1213
1111 571
1928 1115
317 1894
1398 1113
690 820
1005 1232
176 464
505 872
600 1516
282 1845
435 1390
791 11
15 1115
1737 951
730 872
774 1036
416 1893
359 1122
1608 1405
514 454
1647 1416
177 1033
691 1911
1321 1556
853 906
389 1133
1037 939
552 950
438 1454
1112 1087
656 1411
1415 1609
766 183
143 808
276 280
1460 1305
614 74
1436 126
515 20
1463 167
140 1279
1039 735
210 128
1135 569
1971 1514
1317 982
1356 1098
985 321
1214 1904
1316 539
1275 1660
133 1231
1851 1877
496 1798
1859 412
1443 72
1552 1370
1443 115
1046 1651
1991 907
1641 741
350 1913
399 858
500 1681
519 419
404 1530
231 656
1807 1070
1475 1081
1409 1127
1121 1379
522 1171
1950 868
587 1839
1513 1952
1151 1053
1656 901
902 1583
798 532
695 1253
1711 1811
221 1829
683 897
1900 1377
170 86
599 1956
1274 342
960 691
1284 1526
186 226
268 739
300 1529
1659 1295
443 1225
945 1101
1580 422
949 905
1626 1975
995 1266
46 1977
20 820
72 86
611 91
85 7
763 599
538 214
908 1895
877 306
1459 1512
1572 294
191 1219
1400 403
1271 1052
372 1446
1235 548
1065 619
189 1139
1406 1269
689 1274
891 308
545 727
576 1945
278 895
1142 147
73 583
1470 139
876 649
1509 985
206 321
1642 1670
1793 349
1984 1189
201 760
1357 1801
314 1480
391 324
1039 1146
1622 1559
666 93
1384 1391
1965 1872
572 1188
1963 1771
1572 192
1272 1361
1167 250
102 369
338 109
197 1961
1997 23
1375 1120
851 613
806 1210
1388 1755
1877 1071
281 1670
1399 1475
306 1750
1874 1645
399 51
11 566
594 1521
794 275
1821 251
180 1315
1336 442
940 1923
888 1001
121 567
1685 735
1911 1482
313 206
1798 734
1073 1860
606 1650
304 12
8 311
1630 252
143 838
1999 462
854 501
1756 1309
1256 1569
1994 1936
511 345
1578 164
1452 327
1934 880
403 1423
1338 1100
216 1667
239 1405
68 1668
179 1052
1679 1427
236 811
723 172
804 859
1175 1233
830 1880
276 1288
1142 713
1652 470
510 1767
349 170
1070 1908
557 240
1517 1263
859 1542
127 132
1955 494
1724 1497
932 919
105 1863
2000 369
140 1216
256 621
1947 787
190 1426
1541 656
1754 1357
693 194
271 1331
542 464
211 1752
1228 158
268 1475
1278 1597
9 376
132 1752
1892 919
259 904
789 1875
594 1284
438 222
1134 158
1419 1486
1753 1047
1017 799
907 178
461 1704
418 520
705 1506
1909 1218
1590 976
72 1958
1661 119
1173 1889
1891 246
930 1827
1833 383
1868 210
1133 374
1108 220
1922 1383
713 959
154 1966
678 122
639 915
1955 1875
282 528
1225 1868
235 1813
1062 46
1485 459
1196 198
664 569
428 603
790 1416
1831 148
764 642
1600 1715
562 1965
858 1202
1596 1192
1912 973
533 1243
293 142
689 743
1794 1197
297 161
655 876
1364 1362
1872 1326
835 7
1582 1280
1421 1900
779 690
5 460
627 1722
1286 1603
1056 1856
1595 365
1772 143
463 1077
888 567
1733 341
944 111
1457 592
769 289
1467 795
1608 1300
1441 348
1024 1462
1873 1990
166 1963
1642 1843
173 995
1681 1338
164 524
1743 1915
327 1213
504 808
883 241
1473 749
1642 361
1728 1394
1320 1754
1496 379
1880 1549
196 964
934 508
113 238
885 1874
1808 1749
906 1431
1147 1201
800 1106
584 1300
1703 1748
1435 1324
1380 1031
778 231
232 1952
1957 733
512 1356
965 121
1955 1778
1399 1776
1485 736
794 956
1476 1341
720 1932
904 1240
244 1553
1407 1432
1803 1300
328 575
6 1441
1852 99
878 277
1372 1917
1875 993
1855 181
323 1317
468 474
395 1587
1478 1053
542 1314
1281 707
329 1762
358 648
815 1132
1218 1015
1283 1086
1044 1283
853 1319
48 1867
801 914
1163 487
1658 1601
122 506
1357 470
950 102
607 514
1811 1140
1255 607
1759 1027
936 603
508 682
1321 1362
1254 1748
320 378
596 1531
16 1482
946 198
1013 975
682 1473
3 902
1366 985
59 1923
820 1809
1384 1262
839 1187
1559 1776
615 1558
1800 804
572 411
308 1497
1468 860
19 1958
765 1815
1124 1751
1368 1015
1564 953
839 943
1467 162
192 1866
1034 1201
1967 1734
1225 1742
1442 1174
249 1024
1410 1618
1031 143
912 394
1411 1753
1746 1084
587 773
200 1997
171 1678
478 40
859 1027
257 243
1050 1346
264 1753
826 1163
656 875
1054 216
66 8
904 1588
806 1307
1514 1982
965 1925
1258 213
290 1837
644 521
1954 1630
290 706
1886 555
312 1893
1126 378
374 138
399 659
1930 1466
596 574
1005 1606
1091 555
592 116
582 25
1728 881
1803 1242
317 1367
837 813
618 136
1205 667
1951 1765
1030 974
1527 1927
1200 1983
755 1154
1010 141
1493 1554
1916 260
949 860
137 616
705 1360
351 304
1061 275
1630 753
829 455
694 1052
559 1832
134 21
43 90
68 597
1386 1029
898 1285
1448 1544
1869 1765
1558 33
684 1460
1678 760
747 553
928 1381
166 1074
648 943
1332 58
332 1791
228 806
957 1725
1166 1888
237 399
1874 976
597 1906
64 1465
719 258
1057 1878
1503 1793
1425 1544
75 749
1090 1469
366 1850
1241 1606
444 343
1064 791
585 933
1610 949
708 1816
1979 234
695 1116
913 1963
1606 1075
1199 1531
1232 1606
91 1876
1968 1524
911 447
1421 341
978 1144
711 1685
1183 518
171 1173
463 350
694 734
1533 1435
1524 1939
1785 1486
977 619
1354 530
1343 1825
919 831
703 674
1813 1618
388 1238
660 1093
1616 784
1224 1918
681 1140
1872 562
1848 769
612 738
1805 387
1468 100
1583 978
298 50
1659 814
701 1335
762 987
1544 691
36 430
138 1107
1468 481
444 1391
1415 1731
96 336
857 1530
760 1124
44 1289
825 1644
1841 1261
1963 475
465 473
357 1649
1129 639
1554 1234
542 1345
1459 800
1717 1706
1498 271
1389 1775
1884 224
893 1589
738 1344
1716 916
976 1050
475 166
1089 465
750 1156
1229 1476
1624 1299
1508 272
452 1957
1732 311
1920 373
1223 672
92 323
1951 1049
582 1800
1535 482
432 1387
308 1724
1864 418
1364 52
1989 301
418 1294
1040 340
136 983
796 704
1149 1337
227 855
1824 1790
1914 1815
1491 1985
210 966
502 1597
260 648
1340 1933
1738 559
599 890
42 1970
916 810
371 967
53 1290
313 179
739 1250
201 353
1292 666
1063 940
982 343
1123 642
1758 1618
1909 1869
1878 1704
1939 225
320 1768
1668 1574
1409 408
831 148
1646 544
914 1448
864 1514
1849 12
1695 1377
618 1641
112 820
1440 1818
1144 657
1379 938
1797 658
703 735
439 1222
1245 312
547 1785
688 488
4 1905
602 1830
889 1067
928 1936
1997 187
9 762
233 1848
948 673
590 1068
1328 746
1072 1486
607 788
499 531
480 1339
57 557
911 1405
1638 354
512 1270
138 1778
882 730
394 1888
1217 713
300 629
1249 1113
105 452
1535 1059
1916 1187
1957 810
1912 766
28 984
925 346
999 1903
1248 1251
205 1795
76 1138
1109 350
20 643
1138 672
751 105
1814 774
684 1722
1061 996
671 934
627 1926
74 1428
1338 884
951 1557
840 185
475 1983
827 929
593 315
1254 1959
777 1108
961 1137
19 1273
912 1893
469 89
958 273
1012 1404
1945 1684
1652 1887
280 1086
1145 234
1907 1815
810 592
166 440
918 289
1070 216
990 1458
842 721
1392 333
385 969
215 943
702 1737
318 436
447 1345
499 1
710 856
1901 630
1557 1188
704 220
1057 36
756 1089
1339 929
885 821
798 590
540 534
658 503
1543 1308
478 232
868 30
119 680
1365 689
1279 154
714 801
743 1365
764 1366
1447 1111
1548 1087
1977 227
1002 1377
637 1261
123 629
448 160
1957 1487
1206 911
1512 258
766 594
181 1869
41 1155
1638 1547
1928 682
275 1997
1755 887
1509 1672
465 1613
689 763
464 261
1849 1498
1387 331
309 1778
10 441
165 698
673 1511
1760 1180
526 1246
1785 1457
1815 1355
1676 783
368 1903
66 1236
1899 1505
1587 1096
1978 1836
986 114
582 217
535 1755
403 1160
728 367
1594 915
708 163
222 959
1346 1118
1767 526
1745 989
1103 1977
1935 296
552 211
1614 1259
423 1272
994 623
562 1522
685 1823
405 601
1969 1851
1494 117
1273 1958
1183 756
1317 1163
118 321
1909 1765
847 103
1487 746
656 270
536 934
731 1177
1000 1652
1311 1276
1690 869
102 1808
1546 521
151 1491
1665 206
575 1528
697 1470
803 1543
1767 1322
1222 1027
769 1361
964 354
656 868
1476 617
574 1099
1394 1760
1142 1081
926 1468
1421 661
1418 135
1936 780
758 1267
1075 1631
1748 1898
45 1937
1205 550
1929 1394
1523 779
1564 966
1635 37
1714 985
89 503
1199 811
1508 47
1880 838
1003 1815
789 1708
316 1282
1524 1992
1446 1269
231 1885
1697 1597
612 85
357 1191
354 1203
1983 1037
212 1266
1695 1317
116 701
1478 1250
707 1854
1510 1149
1327 931
215 1818
766 1378
564 1613
22 785
788 1178
1451 541
464 1319
744 17
1102 1651
786 1461
1382 477
364 220
1230 1310
488 1385
1286 415
1027 667
745 554
1358 1924
1451 837
1037 85
1383 445
1279 1227
1705 232
408 866
370 1350
11 466
876 1186
420 569
1151 1485
870 999
1185 13
153 913
54 833
677 1902
8 729
287 240
796 1213
1542 878
1215 1794
419 224
1117 942
1672 105
1677 94
1835 1996
1540 901
1402 1159
1626 453
750 373
1845 901
27 1843
533 402
1812 196
267 1788
219 528
772 1233
133 1933
1902 613
1913 455
877 228
1684 1511
38 791
732 106
579 572
828 1803
432 1694
685 361
1726 1154
78 729
789 163
1038 1806
14 1082
1943 1981
1361 1837
730 631
712 588
419 1884
822 795
498 1660
469 1876
1429 790
1207 1996
1416 1804
1665 321
494 126
1020 799
778 687
1498 1918
173 1070
541 1695
652 1202
1733 1651
1713 1103
1089 931
632 579
834 1979
6 594
497 779
489 1583
440 125
201 1530
1439 1098
635 1337
1738 1957
1007 302
588 1715
1255 1802
1083 73
1632 482
326 1383
981 843
52 1043
859 878
1734 975
915 1008
1936 1207
634 291
272 1819
11 546
1494 275
1696 62
385 257
1074 248
175 1723
1460 490
1859 1605
1569 1330
694 1798
226 192
1431 1400
286 1453
1374 595
1031 18
290 1110
654 310
370 1184
873 495
674 1764
679 1158
805 1851
1597 342
1115 675
1003 355
417 1466
49 1413
454 1432
1842 1310
1200 188
1404 1477
950 64
1224 1090
1182 48
1354 96
416 1838
1835 113
505 574
1315 236
1908 790
1318 1477
103 195
1742 430
18 320
1439 1418
841 1460
350 1128
1483 1291
25 898
1900 644
600 392
1929 397
1901 1408
1615 37
461 1636
1432 1532
8 891
360 384
1652 895
1895 180
1439 1928
696 280
747 1734
1483 571
600 395
796 174
1664 320
389 286
1997 402
1789 255
1560 547
618 933
1748 817
1810 138
1946 555
272 1440
615 818
149 99
1937 1257
1374 1414
1387 1950
1107 1778
1546 580
1923 1753
595 52
1624 1955
1147 964
1310 1084
1980 1956
444 982
120 413
25 1802
753 811
163 903
1776 1960
950 1508
1810 77
131 586
1827 91
1549 1047
1497 502
1253 764
1385 1081
1133 1778
926 1482
1228 41
546 791
1855 1904
966 1948
749 1864
1535 1521
1279 1096
607 1270
493 547
160 1680
963 243
1609 885
1881 480
1742 210
485 1164
1937 1201
1977 209
1557 1704
1982 864
852 862
1071 804
1544 1401
244 86
879 252
376 124
931 1165
1801 1034
269 1555
1268 947
1232 713
753 370
1822 403
747 1660
842 1147
10 429
913 1430
504 985
756 1963
536 278
1680 273
511 1977
1179 51
1020 340
1183 1120
1570 700
1622 1126
865 1835
1831 750
570 1612
1157 1435
487 1532
1206 1317
1161 1433
539 1782
793 1483
80 899
339 378
884 1047
1113 474
268 581
314 1908
798 1577
1048 812
1043 1364
1296 1877
1437 232
660 572
740 684
837 1878
1271 1953
1403 1713
618 1207
1247 1025
1984 981
717 895
563 494
1807 991
1690 1761
905 274
205 654
1862 560
714 1575
1119 663
1205 1316
390 464
1735 1206
713 923
1151 71
285 1333
1111 1483
634 1779
1938 1175
1922 670
793 1112
735 1751
1315 832
1228 1944
145 233
361 1648
1654 35
1953 1970
1014 1793
1265 319
813 1955
1726 534
800 373
649 1832
1390 492
1242 609
213 867
890 666
1187 1114
457 365
1748 645
623 1570
52 656
1681 699
683 1219
416 312
1943 870
901 1863
962 1844
776 307
365 524
1917 640
1032 1342
462 1829
1996 184
1927 724
1568 660
1284 183
1403 1364
98 1276
538 1286
1447 847
124 1932
1832 350
930 611
1522 1582
1245 837
221 1537
281 1526
1823 6
385 702
1820 999
1741 976
1051 900
1987 495
1235 347
18 838
923 1750
178 86
306 1730
433 952
973 412
583 1428
729 75
193 727
865 7
998 385
129 1232
1129 33
1770 1477
1383 1094
1200 1630
697 176
1551 1549
224 1192
615 358
831 1809
97 375
1328 647
233 537
1186 1101
1698 438
161 402
1024 293
1543 1434
1162 1442
405 780
783 969
1313 852
1550 1720
1576 1069
740 1993
26 625
228 1291
983 1436
1289 946
1325 469
734 478
1081 1894
508 1408
1575 592
996 788
1558 818
1545 1877
1947 1896
1483 1343
501 1777
172 1058
1780 488
1017 340
899 1739
1506 413
241 678
702 1005
1079 493
1334 43
968 742
1179 588
953 1483
635 1102
359 979
795 1766
942 1219
1988 1954
1661 487
453 1300
1640 1167
457 1731
665 1638
614 1963
212 1296
1524 1774
570 1442
965 194
931 135
1736 1180
436 1739
112 955
654 554
948 1154
144 1165
1351 79
455 65
764 1204
1982 1158
402 419
1752 1580
1657 778
504 1714
952 1703
915 1076
362 1720
1454 1190
1670 361
1711 485
1751 1045
1314 15
1070 1103
1001 651
1370 325
1218 1976
1575 328
130 80
1227 605
213 1374
608 1970
484 706
579 1751
863 673
880 636
574 218
1980 1745
1586 205
380 343
253 844
1111 376
670 1785
954 794
1928 1192
537 296
1037 1598
667 1979
1430 12
1900 319
428 1837
1225 966
895 1144
783 829
258 1476
575 1518
1964 1702
993 1810
1199 628
1090 159
637 351
1835 1335
1092 399
1288 958
1883 1233
60 945
1165 929
1634 590
1573 228
331 513
810 736
1725 1999
543 257
876 1738
459 1141
329 1338
894 1603
1252 870
282 1229
1278 279
1384 1432
480 827
807 1489
1047 940
299 541
1609 638
1346 153
1311 419
284 67
727 945
749 1639
1373 972
1841 637
1480 1320
668 377
219 661
279 914
1060 1818
1285 731
680 462
273 1288
1237 1239
1843 947
1344 100
1961 1707
654 149
1317 1708
210 1043
1864 35
652 691
706 1645
1950 1797
509 823
1205 1099
1496 1656
76 1237
1604 1359
1501 1865
90 509
284 936
1951 1909
641 1772
1857 1080
442 1545
1842 463
692 1508
77 1967
1989 187
41 1216
1714 734
31 260
313 1225
682 1897
1528 1851
381 46
829 1112
1830 1120
1482 1621
1794 1334
592 687
251 961
313 1288
1062 1080
92 1350
225 977
290 603
1036 276
137 608
385 155
1981 1136
1540 1097
362 1550
41 454
1344 511
1320 1499
615 1655
579 1133
431 1367
1412 1554
1374 626
82 1992
960 904
1364 1058
600 89
761 939
618 1392
1689 1269
962 1450
1987 1447
1360 1566
418 290
1494 578
1211 1077
1856 1710
1505 787
1953 238
123 300
1676 732
7 1129
411 1429
1297 398
97 989
1306 902
1196 662
1845 969
1013 744
889 12
497 1471
813 1624
38 466
1299 1955
791 792
669 1142
1755 401
910 1498
62 472
1378 759
1015 943
1663 335
1834 1407
918 763
823 1186
1313 1367
1905 1251
984 782
1528 1398
1584 1817
517 140
1890 1844
1872 1802
1158 1785
1811 408
1667 1146
653 1164
883 732
715 1765
43 1069
1365 656
1199 1775
1478 1861
1948 989
1690 1984
535 760
1056 370
1220 1613
816 471
1788 265
1146 870
877 1363
1634 1880
948 1721
957 1637
1542 313
1574 631
1234 1886
1786 209
1476 1972
1107 1133
373 1143
445 1486
1239 709
126 1299
472 1104
1729 1045
917 1772
662 232
1463 1693
1529 260
1550 170
1761 621
596 1421
1971 1668
1578 816
529 1064
1443 945
1784 968
163 1289
959 881
1710 1718
333 1221
1792 1449
1347 1811
1259 1217
1586 1349
504 1509
901 491
1523 566
41 1063
734 337
1189 896
1869 240
1138 226
699 500
353 1136
1930 1809
273 747
685 179
377 659
1593 1446
1839 838
1405 533
82 1738
127 1806
1252 1434
1114 455
1066 1347
993 801
95 52
315 46
1697 54
18 1085
1712 206
988 244
1469 1380
158 602
1998 271
107 58
815 1690
1743 1790
1171 972
1553 178
680 1637
514 1346
763 83
13 1376
76 1230
1619 1169
1739 230
1763 72
1230 192
1486 1383
1721 477
402 1834
1541 751
907 1553
1205 1782
875 1110
1150 1397
12 1587
1371 1995
1304 722
1803 1952
817 1959
1024 898
364 1070
1993 638
966 858
1042 448
1821 927
1071 69
1155 38
110 1825
1207 202
1689 1292
881 438
1414 1585
1919 1933
792 529
268 483
4 1236
1699 478
1711 1247
1628 1709
113 169
1196 1871
1272 1629
1788 427
1410 1968
199 971
648 1465
1733 1272
1869 1598
407 1931
1776 767
1482 1009
515 112
1588 145
379 1290
726 711
1528 1494
512 1503
1335 1657
1602 79
1726 1110
1239 1897
195 1351
844 1173
1532 629
359 1420
1176 1593
580 933
88 978
300 344
507 11
1451 1184
1940 1618
1375 1033
12 351
1935 826
1321 359
1831 622
1812 1682
1256 663
1372 1612
1593 1830
1248 418
1806 1816
644 1883
481 1526
499 585
241 1275
1546 1933
1489 1791
1206 541
1052 887
1976 1376
146 1848
1027 1225
625 1040
150 479
622 956
669 1976
1369 746
551 590
1875 625
1862 1512
639 7
519 1390
1950 1510
398 974
1079 1989
1807 925
460 547
140 1008
381 682
1502 542
764 433
1937 872
95 1364
1009 1541
1976 1765
467 253
1179 399
667 689
536 671
1657 1592
1823 1721
1775 401
1538 665
1585 960
1132 1367
1208 124
148 996
1750 332
1823 828
995 3
67 1884
1648 885
122 903
986 980
474 251
1080 1589
1584 1080
806 1640
567 1529
409 1161
696 338
1578 215
48 626
710 1566
42 1366
1911 1325
602 1593
1015 39
657 902
159 1743
451 243
1429 1908
915 85
1706 1961
1861 234
165 1684
1974 1026
328 1494
226 1746
1188 1584
472 149
1093 820
3 251
192 1065
899 1563
653 729
1508 1819
674 1537
1829 1383
1054 870
1312 1749
655 1487
1492 1913
1807 1215
1042 981
1695 789
885 35
318 1478
337 687
1629 1808
457 1216
1568 1811
545 481
1660 742
1241 272
951 1007
1411 1047
1579 5
120 1994
661 10
1020 400
1285 1229
1091 1954
1323 1876
402 1194
358 1737
905 196
1055 698
1752 1819
1971 1002
68 1432
398 26
267 1700
1633 1209
1229 95
1378 807
698 1954
900 1379
1435 46
1152 1480
1708 1695
1857 363
997 1431
1586 1910
58 169
1301 112
908 900
1046 1167
132 1178
1540 1135
1578 896
381 437
753 1336
136 1248
1927 478
1127 298
1306 657
364 207
1906 882
1424 292
103 1133
628 318
945 545
1320 1652
874 1958
1109 690
684 466
1453 1837
114 1
409 1649
886 639
1871 384
616 1574
662 914
1669 351
476 612
1560 1602
869 249
1334 1806
1299 494
710 1132
495 1663
297 1194
1528 1452
24 1045
1619 1520
31 1028
1305 753
1281 1022
1966 1279
1632 1716
867 1374
1110 1618
41 199
1517 81
512 72
1422 443
667 610
126 1624
1617 1849
1592 334
941 331
468 1113
1653 1281
1491 1524
536 508
1210 1379
1553 1229
1768 904
1433 1677
788 1656
1856 1350
955 725
981 401
283 1692
520 1599
316 1804
181 1415
1516 145
1230 1842
1360 1941
782 903
608 431
1171 1495
387 67
664 26
1719 1650
1879 841
1280 128
641 1094
415 288
967 505
1663 1135
25 1493
1466 1281
1727 1848
1512 1437
745 970
1124 1641
1264 1364
1711 1025
1088 1130
367 1435
1152 1109
1478 1349
165 1423
1347 383
333 1862
572 1584
1330 1256
788 127
1618 879
284 890
111 918
1557 1536
943 260
1292 93
1632 992
142 758
1018 1581
1575 609
1688 463
1320 470
1386 57
470 399
84 1458
733 352
1635 193
1356 249
862 1416
886 836
372 1593
793 586
345 587
529 566
1459 971
831 776
1109 1657
71 994
1336 1630
1272 1243
1 1359
1795 654
916 1037
1160 105
1296 1854
692 118
759 67
655 746
308 425
836 974
233 1643
1273 1763
706 1702
307 1908
1730 282
965 846
14 1426
1453 571
246 91
1952 1196
1236 982
1607 1784
1866 186
1703 438
1951 451
723 1561
1689 1956
156 551
494 77
1677 1284
823 1101
48 1082
1668 1906
747 396
1873 941
678 961
1552 478
1928 1395
246 1876
1326 1965
1354 768
390 577
830 1448
1619 514
1646 1099
842 1801
354 905
860 738
34 1555
435 1884
658 222
487 489
888 640
1247 1833
1451 81
1862 534
1249 251
1185 1914
23 1427
1888 1782
819 941
1428 605
1556 820
626 1258
97 267
848 854
2 1033
1185 1244
1021 1929
108 177
475 527
657 535
1827 1276
821 997
1758 855
1675 1353
704 1572
765 1914
908 754
1893 1355
1063 136
1500 225
726 24
73 1756
1279 1498
718 1374
476 862
929 1881
78 890
1866 627
543 732
1945 1412
712 351
186 1230
20 188
1184 837
1915 1687
604 1393
659 614
1026 1143
1695 1176
365 1143
888 1745
1469 36
869 1000
598 724
1544 450
1533 1800
49 1591
1091 1886
453 819
1022 543
819 1803
990 1822
971 1633
1532 1250
48 1988
990 1908
1230 1746
1355 1533
1806 1732
1254 712
553 1978
208 1877
512 1793
890 1658
1545 1298
1528 786
1900 441
320 1139
504 1770
197 311
1352 1205
1581 1619
742 585
137 1080
621 1693
1873 617
317 70
410 1676
411 1584
777 277
1040 1343
275 386
748 1818
1406 374
980 1395
78 385
1379 888
1156 1231
598 1709
33 1852
610 1932
356 1058
102 1786
286 309
719 1880
571 1717
1844 366
227 1062
818 1655
1019 908
1782 124
1446 1086
1601 1993
539 1208
190 150
1871 973
1797 1899
949 1344
950 919
1113 652
978 554
1883 693
13 1765
1370 366
1822 314
1523 497
1227 154
1464 375
1765 1122
1322 150
1584 1717
872 1413
305 790
907 86
560 258
1326 784
618 757
223 201
1422 39
118 1229
901 330
40 1468
1155 763
809 436
1329 510
1974 719
443 1928
630 1078
50 787
1075 1990
1976 1049
1666 888
1456 942
845 1193
1921 1348
605 1740
123 1560
1874 271
565 16
1970 434
728 107
1322 1496
51 614
725 899
246 1311
1318 1903
1303 1569
1346 1995
208 65
869 322
1465 1969
1187 29
1480 1797
1106 1949
806 1379
48 1055
242 1414
1999 544
64 292
1914 1117
1581 307
100 294
542 261
393 803
784 1872
9 1205
387 630
1193 1037
669 43
1720 489
710 282
627 151
1043 1321
162 1178
127 668
1580 1819
77 1125
283 1426
993 495
1965 784
1872 1616
306 937
1539 187
314 790
315 1062
348 328
1627 335
688 144
811 1775
1329 1287
234 1836
1759 859
861 1459
1557 632
1883 1827
502 410
1850 1114
1220 1394
1741 173
218 365
1705 653
1151 1190
1069 1803
290 428
84 1814
853 1308
215 626
1351 152
1133 138
1931 752
13 715
895 1034
80 230
434 1592
168 144
593 1609
761 773
1019 1694
1110 1758
1681 343
937 373
869 394
676 410
1310 1866
1475 1778
406 244
1751 1200
91 1323
548 737
1644 63
23 788
1121 581
1972 985
1124 1436
53 150
174 1287
780 601
1829 1072
556 739
1774 1016
886 1594
21 282
248 1859
1021 1540
294 894
23 1692
1118 960
733 696
929 1557
738 1216
1009 1935
825 1426
1830 355
148 207
387 1016
1304 844
1750 499
727 1168
279 232
511 1924
1639 156
1365 345
41 760
866 523
652 1621
561 524
860 663
246 1580
1332 1445
1885 1245
1141 736
1619 307
30 658
51 1965
1736 324
1490 1483
1309 393
1968 1500
59 359
925 204
579 1188
1450 870
1251 1561
1852 6
1398 1094
1241 1819
1006 80
543 1845
1606 1259
837 61
1848 703
1525 749
339 178
1648 905
412 1590
111 1518
1457 1038
1114 904
615 1183
332 152
668 1196
1042 1434
311 812
1724 401
782 1846
475 1430
819 1728
1867 985
1096 843
638 1601
1315 1256
1202 1621
24 1685
1626 1333
178 985
1470 542
1456 1170
1838 1379
1460 1464
1332 816
672 223
1379 1526
1181 756
1009 1343
1869 148
284 607
461 1893
1841 799
102 1733
1441 1494
332 1430
449 1189
880 1407
1874 1515
914 973
1840 1776
1609 1327
78 66
363 139
436 108
584 1744
667 124
1039 334
1804 325
1890 331
1219 1915
459 736
89 204
1297 55
1518 1779
1689 1507
302 1086
852 1453
101 1145
1171 700
369 1272
334 1519
1476 1662
1137 976
1455 1474
295 1898
83 1773
8 1236
559 1897
1342 578
1492 1950
1868 20
1269 1129
1026 1562
1327 1665
727 1031
1855 874
720 1404
641 143
105 330
60 1160
1983 824
621 336
1490 555
346 1555
1458 1908
963 1336
734 1527
1863 1656
1260 1547
1514 929
1036 1081
467 319
1084 1866
545 83
1713 1062
609 1204
1035 546
1436 760
129 776
606 1865
1607 201
1905 1248
1479 1583
5 547
1122 1285
1581 1701
1076 1413
1690 394
1486 427
341 1539
1251 749
1729 852
1575 221
1348 108
796 1150
704 1901
823 1688
1418 252
692 423
1202 213
916 1730
892 980
358 1655
321 1981
1571 1637
1781 1436
1128 348
752 1604
871 1122
516 1136
1938 1443
743 1278
745 645
1302 919
527 1963
606 179
956 1226
1702 1960
1791 1758
1355 1683
1677 561
1719 553
1714 1379
427 916
1032 42
636 1407
754 1282
906 634
1013 486
684 370
596 1214
1182 1826
763 1597
1262 1681
46 1786
1050 1240
1127 1947
3 1821
1961 714
1522 1536
981 425
49 872
1882 390
1931 311
26 974
984 326
1740 154
727 37
165 576
401 524
735 236
438 1723
875 1831
1312 244
1889 171
456 146
1432 1028
1056 1718
1654 885
508 1239
236 1685
1573 646
1915 1824
964 717
444 1431
717 141
1218 13
1195 589
242 1530
676 783
686 1608
965 1883
878 1721
1620 1390
1028 1681
180 577
739 1081
477 668
1267 805
1366 1032
629 1841
812 238
366 941
1600 399
1578 1965
636 1608
1938 1570
1060 1908
1184 1350
1638 553
1396 1454
748 1073
1212 1117
772 389
750 133
1384 1028
120 1941
1019 48
1760 1938
1518 1727
362 1881
1540 1774
186 87
217 183
1581 514
1035 43
1469 430
1079 547
175 1906
1558 1398
74 343
686 519
528 1229
935 1981
1373 1602
174 1213
1748 931
621 1052
663 386
315 227
1372 152
415 1269
1559 1530
1582 101
142 1969
809 847
1738 1293
1939 1002
1437 400
1286 796
500 364
877 540
1797 30
520 1251
1893 39
123 344
569 1744
118 643
1259 1873
560 1459
1415 774
1727 1650
1116 489
900 988
997 1423
321 935
692 272
395 140
1628 1216
346 1529
977 1572
274 196
1242 569
571 1825
1386 1115
1150 1953
1609 1661
102 377
706 1964
1571 1725
1355 679
1145 1088
1815 303
1300 1975
1910 99
522 1167
808 1770
1688 432
1039 592
1815 1185
849 997
380 444
1491 647
619 572
1560 980
1369 79
415 1277
714 878
1460 1926
1391 500
1150 1307
113 6
2 990
593 181
1271 1651
1623 60
1952 1871
1442 1932
827 682
347 1904
441 1142
1309 1817
719 1209
1434 1146
463 1853
1639 418
1481 510
643 1915
1768 182
569 1292
586 1757
1439 1295
337 1852
1340 90
1690 1303
673 165
485 409
1863 751
96 573
1161 1420
174 1150
104 170
284 759
1435 1986
1522 1965
210 1006
729 774
1069 993
1403 52
186 1574
1934 782
1846 1747
1705 267
1215 991
1377 680
469 16
98 800
1054 926
1425 771
406 94
596 1498
147 391
369 1733
1416 800
264 1910
1850 1890
50 1947
1430 1461
365 172
1333 1536
584 420
1836 1175
361 101
1431 634
1728 91
156 1651
630 1805
873 1967
253 704
1112 660
850 520
21 1662
1447 651
1041 719
1814 1582
822 57
43 1920
1079 1369
1298 1439
53 1322
1023 1585
811 598
775 192
1381 1207
116 566
1892 364
714 1457
341 429
1633 1862
1083 212
1398 1387
262 1232
938 1210
1258 129
1616 8
855 442
1632 1659
1539 1421
1845 998
1265 1012
534 948
501 450
1940 252
96 768
55 835
1983 587
1762 311
1486 119
939 1238
1062 767
445 1537
1359 1266
107 206
1899 1950
762 1699
1747 903
139 1926
1597 1274
1674 996
952 1748
752 1283
1097 1394
303 1355
242 353
1163 1935
1898 1086
1848 1026
1195 1699
1964 1791
1717 1817
1556 643
513 941
1099 1861
1466 1653
419 23
1942 1359
1889 844
1859 1784
1089 1703
113 225
826 1973
475 1877
1568 548
679 808
1887 860
369 159
325 1018
400 311
1780 1895
1938 168
404 516
716 1632
1167 434
861 1357
1356 1174
517 786
1732 801
216 999
1520 514
494 1624
1501 851
507 1475
1539 441
1989 700
1923 1411
675 589
1501 45
614 1600
911 114
1871 1513
465 1135
728 1071
699 1600
1466 677
1953 179
6 328
1546 585
1794 255
1361 603
1777 484
109 1002
1375 615
688 1694
915 7
396 678
397 1135
1124 1781
1830 1475
287 57
265 221
691 1536
1330 832
499 1828
423 2000
1155 1767
571 228
565 1848
694 1927
1579 1989
1203 1682
1671 1603
1944 1603
1128 77
19 1361
827 1373
1283 1007
1318 1081
1393 58
411 632
961 1357
1962 693
1602 456
761 965
80 1193
424 1911
1951 1598
473 764
346 1480
1324 1000
156 1251
396 1141
1432 1262
549 1756
1188 739
1397 234
289 382
1787 587
1453 228
7 886
1411 884
55 1220
1263 141
1020 98
1670 1398
692 998
1885 39
1403 1362
845 1066
1323 713
835 608
28 269
762 1354
1393 307
1463 200
896 287
1970 33
1356 1298
1246 1329
1318 1467
1335 687
1389 1199
1594 639
1630 1573
191 725
83 727
685 1388
447 535
1209 1448
1908 46
313 273
251 974
1838 1012
1671 415
1472 1004
1051 1867
32 166
209 437
1792 183
624 1597
156 461
925 1480
172 1902
1651 1905
1009 1291
368 156
1799 845
266 907
1937 1413
797 1313
1941 1324
1155 510
809 1183
182 23
431 852
1980 267
532 1012
804 1986
1892 148
1393 1146
577 873
1502 1282
1563 230
1400 1165
22 1033
68 1396
1993 874
1952 291
638 1137
1741 1070
205 717
1408 1239
1347 992
1995 904
640 1903
1269 859
786 1113
1995 1305
1213 1397
230 845
1773 1045
1016 584
466 529
434 813
383 1247
716 807
1358 1983
34 1029
120 1360
1839 18
357 406
1370 561
1166 912
424 1536
624 1012
992 681
553 1572
71 1929
225 1065
1962 965
1980 1948
669 1467
1186 1731
846 194
1273 1443
129 442
1679 256
470 1645
20 1809
1060 1073
186 192
510 1246
363 764
1489 1521
690 497
343 1292
622 1226
569 373
608 456
1847 592
980 1928
72 30
1153 1935
1302 1324
1534 1022
779 1471
681 383
1888 1388
523 590
202 1312
573 1565
1925 964
1212 333
995 1814
633 1077
432 1249
993 1125
1744 777
1292 1204
255 1964
947 1255
481 1333
931 421
358 1278
73 1309
482 551
1390 1192
1673 1210
70 1664
1837 1680
1157 1761
172 356
56 407
1360 1506
1636 1878
833 1890
1390 1596
985 1885
580 996
5 575
1277 255
963 534
523 1577
1558 1233
742 521
1377 1524
169 986
162 933
1801 1147
1973 206
1337 1484
1581 1981
632 1817
1087 65
1808 1272
1540 1929
48 1341
1268 1255
44 92
79 56
1116 1250
626 1769
534 432
1426 1567
1542 1027
803 512
903 1312
113 446
1697 283
525 689
896 1449
1988 612
509 1783
1460 740
1749 1272
1947 1673
653 4
1282 1338
1321 292
1082 1818
830 1512
939 1844
1720 1532
965 558
778 334
1113 3
215 1522
838 1031
1720 1250
1026 1862
1402 373
1727 1291
960 1050
253 171
986 1105
1092 1179
706 793
603 769
120 1692
863 428
10 286
221 119
1612 388
1762 812
992 1711
1426 1427
861 646
371 872
414 688
159 737
989 326
1169 715
461 39
1946 1221
1282 1019
427 911
172 958
521 1561
1084 1009
298 1409
1099 1978
1524 253
216 904
350 726
1916 943
213 843
1663 1734
1506 63
136 1124
1552 513
1413 1052
1692 1338
1861 1117
1221 1234
585 1518
1251 629
1571 10
1731 1058
1025 1140
578 575
125 1760
1794 316
193 440
515 1505
1365 763
1255 667
17 365
1329 1177
1669 712
1884 519
1773 436
726 1751
14 1679
746 1077
1665 1712
1797 1884
889 912
454 856
363 1589
1760 1694
825 63
763 1749
43 1215
315 1713
471 188
1360 461
1453 1564
422 1831
1423 906
220 207
1346 1240
1761 256
1465 1556
656 1717
904 18
878 327
1631 64
1543 1504
541 620
1315 286
1964 1628
887 1590
287 992
1998 1800
1748 95
1480 609
1551 1047
1406 847
1776 254
899 1066
903 375
634 1400
75 1164
1600 1933
1136 16
1094 917
803 1504
642 1204
277 1027
1224 159
465 613
960 1075
1773 545
226 18
230 391
22 108
1280 1742
150 1266
1511 1945
438 175
1069 664
1924 1037
1949 335
919 777
1879 1261
665 168
1735 398
171 1484
1483 1573
12 1582
613 1207
932 1407
326 267
1461 1814
1730 1826
1178 377
174 327
1819 1225
1987 1373
1117 1099
449 710
154 1587
1195 1928
2000 1272
229 1536
1996 1994
1075 1549
1547 1643
1199 724
1323 1311
1466 1022
1569 411
1005 456
978 667
630 1921
714 52
1959 389
1686 502
1379 235
1312 1197
1693 1331
743 1697
6 988
1491 1065
287 795
756 1415
295 1588
536 1897
872 1257
848 1086
1754 101
348 9
955 1556
1386 1743
1342 171
789 1668
888 968
1015 181
570 1162
1775 1216
8 1425
740 952
1610 511
315 525
533 1106
1236 891
293 1877
1794 134
1623 580
764 137
907 208
426 1053
561 1844
1611 325
1289 92
1396 1574
1454 655
1488 539
349 1014
94 367
1152 489
1933 250
1757 838
1898 411
1667 1943
80 1066
1094 1772
1766 287
658 1899
517 1931
1376 1049
729 1236
207 1302
578 1962
1841 666
171 722
1875 559
1360 1644
1525 1841
54 1611
563 1327
495 1734
269 925
1165 1671
715 1869
976 1859
1603 294
98 1804
328 1059
725 1228
756 1016
678 498
1200 471
1508 617
1717 1444
1639 1294
788 477
1110 442
494 338
1262 1153
1810 708
1673 1189
653 66
1667 1386
1360 413
1140 859
116 1847
1001 54
1181 1485
1180 325
1429 1458
791 1545
1351 1369
944 1075
781 989
550 539
1624 1261
1614 262
277 1542
850 1943
847 1778
347 596
2000 102
1913 1087
635 296
728 1858
1694 742
942 1170
879 1011
868 1899
615 1120
684 1751
1464 1879
6 435
17 1902
793 144
1093 30
695 1720
1212 1958
295 1317
1519 662
220 932
819 1626
1962 121
1356 1659
1161 357
1942 947
1284 943
1322 742
706 1791
604 1581
1769 1575
1200 924
6 578
1117 1979
641 917
281 285
970 902
1677 453
1136 1310
1981 118
621 523
800 431
1353 1563
1354 1699
1975 584
267 989
228 1009
1240 1023
1985 977
948 540
1227 1516
853 1282
1129 915
714 305
1452 113
1875 1297
1280 858
1142 1100
1048 1521
871 1622
1050 1638
1766 1431
1339 864
432 1248
920 47
721 119
296 1149
1774 977
1546 883
846 1883
1367 1851
502 548
688 1243
1201 721
1033 108
8 653
1123 1253
538 644
263 668
805 1085
109 733
796 125
1547 678
148 776
75 891
1707 1013
842 1201
1303 157
118 773
214 1474
1656 1518
1009 1095
703 1576
1018 1938
283 1567
377 788
1998 1220
1157 621
67 630
1230 226
311 1094
597 1971
643 1809
231 1845
1634 532
163 1973
953 1095
1513 973
836 289
609 203
1062 83
1754 961
1756 959
1034 721
1525 1020
1225 1422
62 110
1 1604
1301 160
624 467
878 646
1144 447
1532 1116
1848 1568
482 1378
446 1128 971 1129 1682 931 1424 1129 790 1624 625 1047 18 39 550 1137 530 140 128 289 334 1128 39 789 387 1270 407 1541 159 1013 159 174 1168 1329 972 238 224 625 121 542 654 1168 346 1612 1380 1069 147 53 1380 39 369 188 490 432 1470 952 48 8 7 224 519 728 10 9 359 1129 1662 1467 50 479 1059 128 147 1248 1129 1353 1249 1129 1470 11 519 1652 224 620 1424 76 1353 1526 1375 346 158 1612 1683 357 188 1000 1372 887 1644 534 1114 520 1582 12 432 103 50 1128 1800 728 739 289 931 446 128 1236 1375 154 1862 10 1524 1541 1123 790 683 1607 603 349 253 11 722 603 376 346 507 1214 964 1582 1526 1009 1586 70 140 995 1767 1470 353 30 1644 490 1639 690 868 1009 7 1119 1595 1432 139 736 1777 603 1612 169 8 868 19 1375 931 12 991 530 620 683 1044 1526 1128 76 674 995 802 39 387 966 407 1353 548 8 54 39 80 1353 224 1524 1582 1586 952 1612 654 548 421 966 1329 1329 1644 154 30 359 1069 349 147 10 253 1135 169 293 387 1214 334 30 1862 1044 421 1045 1639 1353 1069 722 1137 11 188 991 1767 1521 287 789 369 674 1777 48 1513 421 103 76 1700 158 1135 898 80 645 971 507 991 80 1000 19 103 587 911 159 1526 123 887 26 1862 293 1372 479 1329 188 139 147 736 1586 548 736 159 1896 991 1775 682 334 39 1662 682 1582 48 1135 293 293 972 9 70 1135 1767 1129 1777 39 1756 1123 1682 1775 86 1047 1249 80 432 595 1582 1644 952 121 736 1281 1069 654 479 1644 293 54 154 174 1612 353 1375 1372 683 931 353 432 405 868 128 1236 1410 1000 1168 1800 76 1735 1624 485 1248 1123 534 1329 1045 790 12 556 1047 1800 421 1586 1432 530 357 1115 7 357 682 1585 964 30 530 405 50 1119 520 519 1380 1432 376 1582 1372 790 603 54 490 1248 1069 293 22 991 103 548 1662 86 1582 1526 353 1009 147 174 1009 1513 1548 1270 369 1735 595 1777 1415 421 4 357 952 39 357 103 1039 898 10 995 1135 121 10 1119 1045 1081 1569 229 520 1137 595 1059 1862 293 1624 238 887 971 1569 1168 1045 1128 1069 1044 159 683 1624 507 349 1248 1862 931 1936 736 580 621 103 432 1081 580 359 1470 530 530 1700 1682 121 1756 556 1526 1548 625 293 971 1137 1114 8 728 964 971 868 887 603 542 490 1475 682 462 479 925 22 1595 1585 995 1585 1792 432 1045 1682 1607 1410 542 294 1513 446 999 621 293 1013 258 1380 1541 479 1896 538 203 534 12 405 432 289 421 952 1115 1045 1119 739 825 9 405 346 203 868 334 625 1000 446 9 1777 88 1936 1896 1129 1135 790 88 1738 1526 103 1756 224 625 1682 479 147 790 9 147 1513 1936 63 479 48 1524 1652 587 405 169 1607 1548 1767 625 432 293 1081 86 722 1039 1000 1045 931 8 995 931 1039 739 287 387 147 1081 739 722 432 369 550 9 1683 1236 802 387 188 1045 1467 754 1683 1009 4 1432 293 432 1009 1521 407 1470 1329 790 158 887 966 369 1115 1467 9 1214 1639 1738 19 229 825 293 1270 253 1792 1644 1123 1662 1467 1039 556 1415 1129 1777 1735 802 1424 690 140 964 289 1524 1569 1114 1639 159 1652 1738 432 1137 1129 1644 1652 188 1936 1013 369 479 1624 991 534 1270 1375 1683 790 603 346 1586 1896 421 8 1767 550 103 530 1513 86 1756 22 1896 80 1792 674 1045 1236 995 485 294 1137 147 1524 542 1585 1800 1526 53 999 825 1236 123 1767 991 10 925 10 1249 1700 580 789 1047 123 1249 18 462 1586 253 587 690 1386 991 530 754 80 789 224 50 1129 1467 26 103 1800 542 789 1700 139 534 479 1792 1214 739 485 1595 1936 1652 1513 241 1119 376 432 952 507 359 88 1662 1248 70 1662 1214 432 1000 485 964 86 387 80 1000 293 1128 621 1582 432 802 1353 30 30 1236 294 4 1372 1541 103 169 1128 952 39 603 1738 1281 625 625 722 548 48 683 887 9 1735 887 1249 349 12 50 70 287 462 258 1128 1700 754 952 1607 80 580 8 1569 1115 1081 289 1415 48 538 80 10 1129 1475 931 359 587 30 1595 432 1521 1470 1683 519 140 159 407 1792 1386 595 991 11 1524 1582 621 1415 293 1521 887 359 621 1069 580 550 349 159 534 1114 887 293 1475 1424 9 253 1013 174 293 7 1380 1410 802 188 1652 88 159 507 1777 1044 1467 293 26 972 1424 674 432 1047 1683 1129 550 964 1135 1896 580 80 387 11 76 432 1936 1541 911 1586 1415 76 359 1896 139 1777 174 868 991 1424 432 140 739 30 147 1353 1410 123 8 1329 293 971 966 1475 158 1569 30 739 1896 154 1662 80 287 432 26 405 80 159 739 224 1612 407 88 534 147 1775 1569 722 548 289 229 1756 736 1044 911 1114 405 507 1586 1524 349 1380 432 103 1936 587 825 991 1270 1595 898 1639 1936 7 550 595 1248 1214 1541 258 446 1000 76 1372 1281 346 22 1249 1059 620 739 1415 103 293 174 432 1639 86 1128 123 11 1775 625 722 1586 507 293 1595 12 121 1662 1735 1375 359 1735 1548 10 911 70 22 587 159 999 1329 1270 140 1168 1128 1386 359 736 432 1249 1236 1270 587 595 188 1775 789 645 26 952 18 911 76 674 1059 293 53 519 238 530 931 241 548 1069 654 625 1639 11 1047 9 1270 620 50 1862 241 898 9 1424 556 1662 1682 964 479 53 147 1353 103 1775 359 645 1569 139 63 369 479 140 722 1009 1548 80 1521 353 538 972 1069 728 446 1777 1582 30 1236 507 722 359 971 911 550 1585 1521 911 534 1115 287 7 964 1214 1249 54 39 1569 1424 645 1128 580 1582 1432 1548 421 898 1353 54 22 1700 353 587 1936 645 293 1386 728 1129 683 1059 1236 1129 88 203 376 19 1612 19 432 357 86 1129 1129 1135 174 645 224 432 80 825 12 991 86 1375 1738 203 603 369 1375 1700 80 1115 519 86 538 159 1039 580 1059 357 1045 11 1777 550 991 346 925 754 8 1386 1137 1586 964 790 1738 966 790 587 287 1548 128 683 1045 346 754 123 18 80 1548 63 159 421 139 349 229 1009 654 334 1353 376 123 1375 63 479 1129 1896 432 1896 911 147 1081 995 174 121 203 22 1119 971 1585 1119 293 964 1569 407 1595 1380 253 123 1513 1735 999 1586 188 293 620 70 407 1424 12 674 520 128 485 1513 158 1135 485 1009 349 10 359 1775 387 334 1135 683 736 1612 490 722 1683 1652 1119 80 10 1270 80 1607 1081 736 30 1595 991 1792 1936 287 359 147 1353 158 690 887 1526 1595 790 1738 690 1526 1114 188 490 158 174 1137 169 1039 1652 203 1595 19 8 682 346 1236 507 1129 353 1475 432 334 538 722 534 1936 911 22 1662 1644 519 1470 790 121 1000 86 80 1114 432 446 10 293 188 88 188 485 1168 887 121 1470 405 911 690 825 253 1115 18 1639 462 287 238 966 603 1862 999 995 48 971 674 754 1045 999 1114 432 1548 550 1467 683 971 80 1415 621 19 188 690 1777 1582 1777 1896 39 507 26 63 1380 911 802 887 1595 507 1862 357 1624 349 1415 9 621 39 39 1009 1281 868 1415 999 357 293 50 1214 1735 1521 80 241 931 86 128 1039 8 1432 722 587 580 405 519 931 722 1059 8 80 1249 1281 587 1792 620 70 19 1792 159 10 346 534 238 1526 294 1128 1119 8 479 334 690 1644 1936 1329 203 1137 722 991 1700 1862 1652 790 462 63 1639 359 387 931 825 490 595 139 1114 1639 1521 1526 12 12 289 10 887 147 258 1129 8 587 991 1475 972 1009 519 739 1236 432 462 169 294 1639 1735 682 542 931 432 421 1045 1585 50 10 462 1137 1862 1375 1624 1548 722 159 12 621 80 739 1513 4 26 1585 26 405 76 63 1329 289 1039 1115 80 1682 530 690 11 722 1000 10 39 479 1595 825 1756 1135 722 1467 1329 1767 9 169 1682 147 432 620 1936 1039 911 1644 1009 1767 964 898 1380 1236 1432 1424 530 1045 485 18 229 369 802 1470 1135 446 898 123 421 1777 802 534 995 86 1548 123 224 169 1047 507 432 1045 1137 54 739 1607 1128 1081 1410 754 520 507 9 462 587 9 224 121 1756 1513 1119 645 1214 682 1767 10 972 1756 887 972 357 1521 1119 1114 10 972 1115 432 1236 1683 80 1513 802 334 1410 54 154 432 293 1467 1047 682 1135 293 287 739 121 103 357 991 39 736 999 1586 86 8 789 293 80 538 1683 174 63 39 19 995 1738 728 485 1044 1000 1372 432 925 1569 121 1372 1039 1595 1738 754 519 22 154 1069 258 369 462 1039 519 1521 1585 931 1792 1044 595 1756 88 1521 158 789 80 530 1249 520 1410 1738 1375 123 1652 11 1009 620 349 80 1081 1372 1353 1541 1569 520 446 789 147 26 1114 674 147 722 925 159 1375 19 952 128 1415 18 48 203 54 1329 258 868 140 224 1639 754 80 621 1582 1415 995 1214 790 538 898 1682 1069 7 1862 9 80 925 387 12 346 1644 534 1013 542 11 50 1386 407 1081 887 1662 1249 346 520 289 1249 22 1586 287 620 86 1249 1039 241 147 293 971 1281 931 80 722 80 158 446 1862 1432 229 1652 22 1777 966 1521 293 293 140 80 1735 1353 407 405 103 1541 1236 1767 1047 405 70 1168 556 10 802 519 964 50 898 241 1521 587 432 1119 1521 1353 258 349 18 538 991 169 9 972 1270 158 70 121 1792 587 1475 1526 1524 1045 121 63 534 174 991 405 158 30 121 479 995 39 1896 1775 1013 1624 991 530 690 1045 1119 1467 86 1281 18 1644 1137 387 359 86 80 159 690 139 645 376 1662 1896 26 432 1586 1792 542 550 1548 289 952 790 645 1777 1129 966 1380 1375 1639 507 10 407 293 654 8 63 39 1372 1410 1013 18 991 674 53 1607 1683 1652 128 1569 80 952 1524 868 925 169 1009 1410 1639 70 1168 1467 258 1129 587 1081 18 1069 1521 1521 1372 154 1475 432 580 1639 50 722 53 1682 9 76 1652 802 966 911 966 548 139 1756 520
