2000 1999
733 536
1837 1820
704 20
1376 619
158 525
832 1515
1635 1218
1940 1208
747 1899
73 1596
1074 668
1714 1367
1560 255
1749 921
939 745
237 482
405 1861
709 1110
1689 102
1976 934
1557 1284
1143 1246
1780 315
1459 1778
617 1368
648 1759
1214 250
1797 360
452 1159
1499 924
1999 189
478 1526
217 1320
1458 1961
662 44
1062 197
1187 1394
1492 893
696 1711
1153 1137
1227 170
1119 1246
212 1548
541 1942
29 1181
1898 823
462 841
1286 553
628 1516
783 1472
598 358
1093 65
1107 1775
1221 797
570 1022
1181 601
236 1228
1879 1044
692 1947
11 1968
253 307
787 433
1796 353
1245 1435
364 1240
892 1706
1902 482
1437 760
46 1962
1068 1698
1715 1795
1139 1567
923 1078
199 253
574 1282
1525 424
786 1951
389 210
608 98
1283 1785
262 1540
501 66
1137 1406
1290 588
347 1068
1311 1183
81 676
1048 179
1552 883
1911 135
1823 442
1969 367
725 1025
502 580
1848 677
533 373
688 1632
1755 1357
977 1598
1897 1919
393 641
1764 965
372 57
330 959
159 716
889 1336
979 1263
62 1690
720 714
1720 866
560 1801
1200 276
892 1180
1370 231
290 1772
1285 1402
124 1027
193 1467
1273 1925
1576 1132
608 213
279 194
447 763
1123 1939
1541 1710
1192 333
1176 911
1025 793
1033 557
379 680
1698 814
1045 101
352 1650
1834 1189
377 187
1204 1498
653 1576
316 1393
1801 1070
1160 361
1475 107
1410 1531
213 1690
1641 1159
133 1599
378 961
461 1029
299 1591
178 1462
1561 605
733 1513
541 1691
416 806
1877 861
1899 554
621 1504
1173 365
1865 610
946 1786
1620 1150
764 1185
301 1113
1817 1865
799 1296
491 1614
719 1833
751 386
92 514
1016 133
598 1873
165 980
128 1638
209 925
1894 414
413 1290
1287 1934
947 1988
1660 1683
1464 1012
438 573
451 1765
869 1794
1364 1568
1524 1695
1330 515
148 794
249 823
114 106
1998 324
723 1685
1158 444
1912 310
1473 1938
1414 322
353 678
198 111
59 1035
1147 129
408 634
623 169
3 1825
289 81
776 1210
1006 1407
1015 817
1811 1138
1318 726
317 1648
912 811
1328 880
811 1007
1514 756
1348 1216
83 1522
882 1445
1546 1890
526 1691
395 1015
920 1848
551 1255
584 703
1930 1671
707 1172
625 24
1534 1195
1476 105
1633 383
1453 1231
483 943
1043 324
466 1304
973 938
520 1258
481 1109
718 604
672 1652
471 1047
1727 425
1797 1816
79 1926
1082 1654
1077 331
1619 364
225 51
1523 401
1096 516
586 1505
15 566
1831 402
1055 810
189 1085
639 1998
4 832
1964 1617
567 1783
1371 1211
1845 777
1486 891
552 1873
1907 85
1778 1173
1294 443
1050 1097
359 1475
55 1623
805 962
1986 1241
1456 52
1887 294
833 1578
1365 1344
1244 1688
870 114
1923 1935
1922 1733
794 1151
636 454
1011 515
1127 876
1563 1224
195 1379
1135 1386
1952 1297
398 1885
1832 859
653 1864
40 1793
69 456
1581 894
688 343
972 185
915 67
1867 1518
825 1943
113 988
1195 1808
1014 1171
911 199
865 711
422 393
1630 1161
173 944
951 1709
1824 1180
1678 1
1434 1377
555 874
791 1874
1605 202
1306 412
880 1422
948 643
1356 1506
1041 1230
1800 1045
1424 1703
1218 281
1898 1386
1804 1250
640 1346
916 307
1575 1261
744 904
344 231
282 540
1663 400
963 1403
862 784
181 396
855 1497
1585 1707
1626 1069
1950 1332
1303 833
519 183
667 1648
715 1625
864 1438
1863 1235
952 1790
1148 1215
1528 708
1334 440
1154 562
272 141
120 322
1612 1414
48 66
1344 1233
858 1928
172 80
1731 1134
792 1061
211 384
427 276
243 1310
698 1645
774 1705
345 1688
1412 1784
369 508
157 75
1511 61
671 1762
1632 1169
1596 1238
118 98
1903 774
1316 337
339 1082
1708 385
378 200
84 51
1398 15
354 1352
1312 1389
1849 689
1140 1002
1637 1660
1549 107
645 1049
926 500
1701 1090
690 206
540 174
1508 1989
559 1609
164 1349
1001 292
14 24
1207 674
805 1060
1951 270
495 503
983 41
323 576
1500 474
1510 391
1532 1384
1879 803
1301 106
559 520
23 1503
749 1502
1970 1210
1088 144
1351 800
47 485
496 257
1237 1642
1712 1547
1622 1205
201 1661
1562 722
1679 1067
1887 390
75 1264
479 1838
730 1200
1319 1268
1240 1239
757 239
1224 1080
787 413
918 1354
592 1779
1256 68
1845 807
254 8
1474 426
1179 990
1426 1542
1788 69
1361 271
224 1036
445 1439
1570 1609
303 1269
935 32
1545 1212
1358 1114
879 1598
986 1323
1537 1987
985 1312
976 869
1127 356
947 1799
1988 1288
110 215
1791 1187
232 228
70 1184
971 660
1780 1625
1583 1053
379 727
1478 1484
1487 1445
1802 1285
233 912
1869 145
1723 354
254 852
1924 1875
1206 238
1447 1700
1655 699
29 1939
1035 782
1893 297
1645 286
954 290
266 1843
1904 57
1864 1871
1804 203
309 1057
1502 594
449 666
900 696
1779 428
1527 265
1470 1772
1447 1644
1226 374
385 1412
1949 397
1956 538
1168 1724
1717 1384
1019 673
1647 409
161 1233
782 1251
1993 121
1400 1708
1254 1718
421 941
1777 33
965 1131
1667 744
1367 1587
618 1706
244 1943
1266 791
878 1963
449 654
1102 283
1558 1207
568 886
373 490
1028 1325
1139 644
817 1582
1460 1017
1813 1766
1621 1239
351 292
80 543
905 542
78 436
1047 1482
1063 762
176 201
151 381
1760 707
563 357
1403 586
731 1374
1387 1048
1 1876
523 1142
928 1950
411 985
816 1281
494 942
1644 1123
1323 1972
1154 1945
1704 808
840 789
110 458
1466 159
1693 1129
974 812
160 164
705 1995
575 1051
1219 513
157 544
415 260
1067 1115
1615 1896
994 1347
497 109
1260 1162
1428 1687
641 1991
868 1226
1934 1681
1069 1126
1452 230
1955 1385
84 1938
1507 177
375 1247
463 1345
1171 30
630 283
205 1668
1419 1592
625 1149
1420 668
435 36
517 852
1005 939
1478 1499
1510 590
726 779
729 1308
907 937
702 17
483 613
565 532
300 1931
131 1450
960 917
1763 175
732 1608
871 1203
815 1375
244 535
155 1291
298 1030
599 18
1920 1508
1056 1854
1750 1734
464 1752
1099 1164
1158 682
582 593
1443 1484
891 781
1559 1217
1622 1284
143 1222
770 469
1659 1355
260 1790
1188 466
1362 885
1857 1612
1672 609
1481 212
603 158
1517 1287
1967 1046
104 1162
1863 313
102 1735
316 1543
1671 10
433 579
1023 792
248 899
607 1702
1343 1359
1746 1773
477 1335
529 737
1735 1955
677 1935
1918 356
327 701
1808 1202
1197 1275
1042 739
166 563
1313 370
1953 491
1656 445
1995 1486
768 1519
50 1638
1611 1732
60 3
1267 1169
1163 1487
788 1090
568 736
1175 1399
1359 547
1948 398
978 1274
1103 509
1916 995
1810 1249
1438 408
1358 1146
247 854
1419 1133
693 898
597 1839
522 64
21 753
72 1579
1636 359
1883 710
1194 504
293 204
1039 808
1440 1213
1975 521
1351 531
665 703
269 182
1554 1163
1498 1643
394 1827
498 698
168 932
1084 697
1891 976
1156 1634
1915 658
1748 748
1740 1603
4 901
958 511
20 475
1896 1909
1046 453
1225 1100
1327 326
525 645
1064 1884
1026 1664
820 1279
578 221
896 840
1234 1868
536 1324
1341 941
286 877
914 1174
19 1769
1725 600
876 1125
910 397
1054 530
1858 661
172 1243
1729 1905
1018 842
1122 1686
1397 1987
494 1431
783 1921
271 207
1191 615
973 572
206 513
915 1197
1112 1423
85 242
651 514
639 1522
233 1469
1413 1105
278 1073
1618 1635
191 12
1723 1681
17 1885
39 1427
1111 1114
342 1059
1629 296
959 1578
1984 1440
1947 1501
1058 404
1831 489
1350 1851
1812 131
340 1905
1658 1526
47 1299
1116 682
43 944
831 790
1682 1243
389 980
843 919
616 615
904 673
1674 1985
1919 1953
1356 1888
1094 957
268 415
1549 722
798 1820
45 575
179 1257
464 1920
1220 757
1758 62
1144 686
1021 50
1324 1872
222 493
1296 1040
622 1840
1340 740
935 1532
457 16
1961 448
1696 1699
861 1651
835 1639
964 1623
426 1263
1685 759
847 807
352 663
136 998
1443 1930
1365 252
503 1335
1038 1314
303 1911
1017 1569
1964 1862
1587 981
1132 1602
1815 790
847 761
752 1333
1072 867
747 7
610 517
1278 979
1737 473
1770 19
600 1673
188 439
1731 281
90 671
1514 1363
139 1070
1830 208
115 53
1726 320
630 1148
1452 1715
1339 1300
1825 184
105 545
628 9
940 1773
388 1738
548 1712
1709 618
694 1924
1416 328
943 78
1913 1754
311 1220
1353 210
1305 1113
25 1878
539 964
119 109
1981 917
1586 1131
451 32
968 1771
1264 928
773 1010
1262 423
1496 487
716 184
706 1103
1056 91
642 1388
1819 1843
74 2000
1992 522
1652 588
377 1927
1884 437
1141 1322
1841 1872
1701 1031
546 1308
1355 309
888 1471
380 1866
931 953
1252 429
1092 1653
582 1373
1458 1298
1292 360
308 1411
882 1404
555 750
1736 251
1343 1606
272 1574
712 246
1594 1221
1242 442
37 1555
1529 1479
1519 589
780 258
294 1009
1819 848
1433 1350
1117 1257
1828 1650
1750 192
829 858
1236 1963
1733 669
1228 873
2 1856
697 1432
77 1451
689 1826
1095 1439
323 857
1277 1153
1404 103
895 368
1922 1775
1424 1730
222 402
1259 1853
263 1630
1937 754
87 1537
1450 1572
932 1093
665 1509
1642 955
1383 1760
186 845
524 505
1461 675
419 1766
1933 1604
246 1065
694 347
715 304
1917 1277
1893 681
949 234
1074 112
845 1536
424 1175
1581 1186
1371 1659
1449 1982
571 842
1577 796
311 351
1477 1429
1191 919
1185 1677
1702 1714
143 390
365 1242
1124 1912
497 587
1847 1121
1078 275
900 708
1941 1626
348 619
391 150
644 53
1761 186
1747 1925
660 960
1686 1982
1089 1279
676 679
551 35
1753 1085
1315 1096
1429 477
234 564
97 1817
1683 487
963 1376
546 241
1937 862
486 327
1108 930
1946 1480
761 929
1842 1460
691 1280
1846 190
1307 966
49 1553
656 881
1892 1390
958 537
335 90
1441 1965
430 1601
1292 1882
1129 1468
1223 1891
1511 968
1789 1926
226 1329
753 1521
635 218
1669 1599
1248 1465
984 456
684 245
171 1859
816 414
151 1253
1166 860
809 1528
997 614
1787 492
1713 273
951 1613
1317 1793
136 543
478 571
1756 1199
1493 89
82 1260
949 1615
435 1265
855 1451
1852 1672
519 700
839 849
1160 252
1513 1165
284 438
318 1234
405 1401
416 1744
192 995
76 395
1913 972
1589 1201
1862 1483
266 1434
495 581
1624 925
692 890
1821 1595
961 239
510 122
686 1512
1721 1606
576 1396
1807 1489
1190 569
182 765
33 1091
214 1518
196 754
127 1057
1653 1369
134 118
418 992
648 1120
409 1861
1144 1435
1251 208
822 1792
334 981
333 1749
1993 225
1259 125
788 1340
507 1841
1931 1274
1602 714
38 593
683 476
1716 1640
835 342
1870 462
1814 633
217 1405
1617 349
1654 867
1083 1193
864 138
616 117
298 302
1597 590
1809 375
95 1291
387 579
1120 1118
1880 906
735 1560
421 240
1372 65
599 432
1782 1689
649 1378
58 532
429 1119
777 166
441 499
1557 848
1584 1776
367 1533
1850 506
297 1647
1413 1170
758 802
1099 1083
1568 684
488 1746
129 1886
1031 1147
837 1374
1822 306
1377 142
863 1140
1966 1579
450 1910
868 614
1631 1503
8 1832
1039 448
922 336
509 314
153 1311
945 1994
741 1104
638 863
1338 507
1534 735
296 259
1437 838
1676 1729
1301 583
381 1860
96 771
1727 1466
123 936
866 1309
1222 1728
1786 1753
921 1802
1977 1500
1997 1425
447 1854
1781 318
1061 177
977 1679
567 1658
175 906
484 144
130 1952
295 1454
1842 1353
1830 343
45 34
647 659
1052 1720
887 1229
1106 1628
1566 775
121 802
950 1888
1986 870
238 595
190 146
431 1422
987 748
1627 1060
1276 417
1198 1693
655 285
772 1041
1075 1038
1718 549
1216 1883
1053 984
1837 1667
1643 1382
1432 302
1315 1614
380 1908
382 897
224 458
202 203
1512 58
1531 524
1649 851
1010 1565
620 1662
1892 18
1739 382
1261 1573
1969 1618
1298 227
465 1101
527 180
1019 1172
1713 1734
700 257
1745 1062
922 1984
399 386
894 1081
821 1506
1080 1902
591 913
710 918
183 467
938 1600
1627 558
1572 1143
167 101
793 1098
557 1108
326 1824
116 1940
1368 709
350 1945
589 1781
1979 469
1608 724
255 153
1616 1394
1962 1564
1739 1748
1098 1556
1646 470
35 1436
725 1992
824 1601
1418 824
656 1724
1889 766
723 1816
1421 229
392 37
77 104
1088 1946
1677 142
606 717
1858 242
220 1005
1975 339
627 1901
969 585
450 1004
1121 1855
493 789
1208 1269
171 1516
86 198
529 533
1151 1289
420 1266
1270 1593
1768 1464
1473 982
621 1271
312 933
289 1095
769 612
305 1684
335 1903
1316 1907
1590 999
1761 812
1077 1958
885 982
1467 1347
1283 1810
1515 1326
1741 13
1494 699
1719 739
948 156
178 651
1835 291
152 732
1543 987
1116 729
1538 25
39 1075
200 1198
634 366
1589 1036
1122 5
1455 881
274 34
417 612
468 1799
853 1565
27 1800
1192 1807
613 827
1395 1699
1415 650
1707 1157
1682 1094
950 374
280 331
79 94
457 1509
742 1145
10 1322
1928 779
1755 1580
1342 237
1567 1000
633 1803
538 95
1577 1034
1616 597
1670 1651
1244 170
901 675
23 857
1387 1091
274 1105
741 1388
1449 436
1252 1213
1020 1097
631 683
259 1875
1994 1664
1818 1636
235 1152
1052 745
1212 127
670 1071
1209 751
1906 470
21 432
768 1536
784 1897
196 336
1104 1948
1815 319
657 321
1050 920
1619 399
1009 1258
534 998
455 1821
631 70
1428 403
1086 154
1405 1300
100 459
93 204
1811 346
1976 804
542 1978
549 1886
1107 1921
1249 1835
837 1836
1168 1932
1997 1013
1306 1442
1856 1540
975 737
1395 523
1542 712
813 346
155 1591
849 850
572 465
16 321
1570 1996
431 1771
167 362
163 1901
1876 1149
1007 562
721 1024
601 1106
1774 1850
443 54
1128 993
1318 1389
341 387
1044 1751
1721 195
966 1130
42 1970
1929 63
88 638
1859 72
1254 856
755 1971
884 230
1559 903
1675 1235
460 809
819 504
1463 488
1869 1696
622 1421
1737 1142
830 500
1178 1738
1354 1488
652 1013
510 480
596 650
1002 411
1844 1829
63 64
646 1245
989 1545
484 1789
530 547
991 711
1281 1620
888 116
535 815
1741 1607
295 1225
573 38
1302 1022
357 996
604 1382
1791 1973
480 1743
422 1204
1881 162
299 13
521 1890
1321 1170
132 428
452 1868
28 407
440 454
1695 556
1745 1628
1275 1539
1071 1314
46 36
261 1182
1525 112
642 1454
1529 913
383 1809
185 1472
1033 884
1364 163
348 173
742 654
1655 1265
1983 872
518 117
1008 1072
44 834
1551 108
1164 344
128 758
149 22
565 1563
1379 1410
1562 953
1157 596
1669 1520
1219 934
1585 887
1028 446
1058 940
1319 602
1136 181
988 1774
1373 1393
705 1030
1971 763
418 1457
1726 1278
997 1211
1665 727
138 512
778 1631
1369 986
583 1538
877 501
71 1193
1006 453
775 1550
1223 370
474 975
605 1008
1806 396
1332 412
1607 1684
946 56
1767 147
1130 1305
123 889
679 1571
1784 1742
1834 1331
27 785
923 287
1328 1462
1345 602
1430 746
841 903
31 410
1958 423
1448 113
878 627
629 7
836 1029
721 403
1692 1076
86 68
1936 851
1282 425
306 1329
1504 1979
796 1079
1728 806
594 5
592 1787
87 1156
800 1089
249 955
1586 818
1496 1839
1566 1505
476 1554
1202 1959
636 1826
89 1408
1480 1914
585 872
1032 974
1256 1267
160 1341
1236 537
1357 1271
1944 1597
927 1758
1768 1770
801 1293
1665 531
82 1556
652 678
1286 890
1588 1490
1280 569
1307 738
220 1521
717 1456
844 1827
771 174
1339 1360
71 134
1732 1923
1670 1188
1032 1523
1485 1326
1309 1657
169 275
611 341
280 1411
1871 670
1757 1320
1392 898
1146 430
883 1546
667 860
312 1539
1490 88
766 248
1544 1561
1558 140
846 1676
1133 1230
661 247
724 285
1663 1203
528 1166
1248 485
865 1241
1613 420
577 76
506 427
702 1852
1594 1362
22 147
1111 813
1073 226
1136 1461
1530 1744
731 1118
1604 844
461 649
468 251
1321 1874
561 640
1584 1325
1942 1051
1086 1196
1571 1441
1692 355
211 1674
1337 1381
1476 830
1956 1331
646 1469
1927 406
740 216
419 446
1342 1985
772 59
1366 1238
1385 993
1255 40
1857 1703
1155 1569
1705 1155
2 1066
496 550
1293 42
197 1491
1333 91
187 1564
609 1719
1501 545
655 287
850 1783
1079 1700
1634 1764
499 1957
945 256
1716 838
338 265
279 1908
132 826
828 1037
490 1014
479 115
236 1910
1762 1205
1112 1936
1878 1423
804 1416
952 258
1574 1190
1037 548
1042 528
1855 273
967 1867
1189 1027
1752 1722
1974 820
1736 1814
580 1895
486 1229
165 1593
1610 1836
1179 1757
300 73
1929 843
1882 1000
626 539
1730 1547
1295 558
829 566
1167 1268
1141 1588
1765 1754
1150 1933
1380 1214
67 1064
1590 376
1021 1352
1978 463
637 687
1678 1409
1477 205
1059 994
156 1966
687 1084
577 1983
288 498
690 1889
261 1206
1823 401
1415 937
756 1960
909 1442
1805 124
827 905
1425 52
1666 606
139 1012
1482 439
154 1851
818 1551
897 1488
218 803
853 14
267 1034
1167 603
489 620
240 368
762 1769
1446 1407
1297 1592
410 734
1595 942
1100 1497
992 30
552 256
1798 372
1303 1360
1792 1288
1253 624
264 492
1881 983
2000 145
1272 74
666 659
1087 534
931 1552
60 1402
780 795
460 332
527 1582
970 1675
1330 291
108 587
1870 1687
785 1575
1981 1231
662 1999
1756 1024
1417 511
1215 1040
924 1470
1455 1076
929 1396
245 1548
584 270
269 680
148 268
1818 223
999 1710
1186 875
305 1697
1960 1383
135 1640
896 1209
1492 1680
315 978
1968 320
1697 1184
12 1302
836 1555
1507 301
1436 719
193 1959
1980 990
1081 263
704 1375
1327 1138
635 1474
1299 1656
355 1444
895 1649
718 1426
340 1603
363 1338
581 437
215 701
970 1980
288 839
743 1846
1018 591
1580 188
1680 831
624 916
933 1629
695 141
508 902
1361 909
168 1444
317 111
219 1420
1262 1372
1289 1493
1918 6
907 1794
1491 526
902 1813
11 406
434 996
31 1003
899 512
1135 879
1895 1673
103 400
376 455
1381 1944
1866 475
1468 1465
1066 1161
617 1796
235 472
1485 137
1495 1463
767 910
314 1743
553 330
227 1637
209 1776
126 100
561 1092
760 1530
773 1524
518 1336
1427 767
1767 329
956 859
467 99
1806 822
1409 1621
1795 1199
146 1495
471 1860
1334 28
1915 1900
893 1742
350 150
564 1408
560 728
989 384
1128 685
1453 1917
769 736
1125 674
1904 786
1431 1115
191 392
1967 92
1337 1217
369 1250
1247 345
1446 1788
1798 1633
334 819
1363 362
1822 1295
1020 277
1600 607
277 854
216 94
363 49
1004 207
9 394
388 1145
229 1165
516 223
750 764
1533 647
282 1965
1418 1914
1117 473
1273 1646
1481 284
778 730
632 846
1310 293
873 664
1941 1880
626 681
1932 1232
1694 278
1483 1535
1717 1272
1479 1725
1583 834
1054 1001
743 1349
1989 713
119 1152
319 1370
658 1847
1049 1973
43 481
738 1406
927 176
26 554
152 1276
241 1237
1991 1624
1829 56
1401 1844
140 781
886 366
1313 1805
1894 734
120 1740
219 856
1196 643
746 1972
349 801
1763 358
250 1906
41 1471
1668 1043
1990 310
1087 1711
1611 243
1759 1317
1391 1417
669 1400
578 776
1011 221
693 180
122 962
83 1751
1833 1782
338 1957
361 441
611 1391
1840 1527
472 1977
1232 325
55 1026
821 1657
1954 1392
1853 162
1541 1430
1553 1183
954 1399
407 874
595 657
1065 1003
1494 1974
1661 1227
1023 1448
930 875
1694 329
371 826
825 1916
149 728
1102 637
752 550
570 232
1489 691
96 957
623 871
1177 1877
1704 1194
61 161
574 1535
810 99
713 1178
1124 969
434 1803
685 1520
908 1270
908 544
1177 1110
798 304
444 632
505 267
502 328
936 1996
1380 1201
956 1639
914 706
1457 1055
313 1390
1544 664
93 214
97 1849
1812 672
1785 770
1777 1176
1397 759
797 1954
1641 1747
228 264
1016 1662
1666 971
814 991
1610 1182
371 1900
1348 54
404 194
308 1109
126 755
1378 459
1174 332
1909 695
1134 26
1573 337
967 556
663 1722
1605 1550
1459 1101
1366 629
325 1838
1063 125
1304 1990
48 1433
926 720
828 130
1126 1346
1517 1828
1949 749
6 137
765 1294
795 262
296 552 509 37 712 31 214 1467 955 1978 1257 1127 848 291 1999 357 1689 655 1771 1162 652 1782 72 292 1196 210 250 1452 1886 1092 969 427 450 1902 335 1265 1124 1307 703 338 1761 491 1017 1545 1901 1264 1845 938 1491 171 163 114 1048 1287 1568 1553 367 607 1660 510 1519 385 1717 1716 1029 937 1224 1672 1539 855 392 950 219 433 1411 143 1704 718 1942 1822 1838 1708 1242 162 258 1673 1064 1983 535 1431 1108 1531 279 1943 843 1828 1460 389 1098 1116 247 329 865 1705 685 1200 1372 1073 1076 813 1675 1962 84 1201 1047 1758 1724 390 1077 1638 166 1799 1728 836 1767 1115 624 169 1952 1651 1341 1139 319 391 1752 1820 32 894 1776 22 526 1444 1740 1938 435 1177 1783 540 1781 591 460 881 1487 942 845 947 1412 733 505 1183 1518 1764 1318 1182 1417 61 246 1032 871 378 952 1823 1015 1830 1579 382 89 1528 446 149 42 1283 1100 507 421 786 1261 467 1548 1178 1126 1152 1478 1168 1870 1354 1893 1674 454 1853 381 1003 1002 278 1235 901 1400 1664 988 1420 619 1312 387 280 814 1944 668 1247 1958 649 486 312 1367 811 164 1789 749 1132 1502 567 398 1131 599 532 1079 1396 615 353 1856 1187 1622 259 275 1157 1314 972 262 897 1618 805 52 1514 455 1466 1486 1573 1103 546 1215 543 351 549 556 1133 1507 1441 1876 541 1282 363 1401 525 1148 1903 872 78 264 1787 1167 1022 207 1832 7 1310 877 934 875 930 1839 1968 482 1861 277 1737 1698 1216 1561 15 847 220 91 14 1754 228 852 1791 456 1020 626 135 1859 1219 658 1803 224 1302 1676 793 400 1255 356 1639 70 1238 1044 1920 816 908 1785 677 1023 1809 516 760 1430 1353 255 1508 1384 1635 1330 1473 1666 397 375 1924 1211 1014 494 592 1860 182 120 174 1034 29 59 1577 1370 1055 1512 245 1492 302 776 889 202 1188 999 833 1141 368 1088 635 373 1601 1260 1854 1280 1165 461 1296 371 620 410 305 1331 193 1419 1739 590 1125 983 956 144 43 707 1691 304 866 780 313 575 1169 1557 1258 1451 891 1559 968 1988 1406 1335 965 542 1744 883 1094 994 1911 1186 982 1026 1964 502 1250 79 1138 1347 1930 1523 653 1333 57 1266 717 1227 1309 466 1454 1511 778 1286 1629 1842 993 1111 753 197 1398 426 796 1534 1455 1602 1540 358 812 1117 1810 1120 579 726 186 771 132 1099 51 475 803 463 1080 443 1083 1163 858 1232 922 1046 1801 1018 614 720 1939 1846 817 745 1174 315 1089 1362 1134 311 1606 1229 1104 1075 931 1510 688 936 909 1230 758 1875 80 1494 998 1804 1800 1326 895 902 1530 484 1366 1464 1725 1101 1734 1382 1715 440 1874 734 1895 148 1681 1086 1864 1277 608 1087 1818 1158 1498 1324 842 1565 1831 1897 724 1821 1413 684 1623 1865 1648 1954 1105 336 1574 678 211 1449 284 564 1794 1733 1779 1588 595 60 533 609 1998 925 887 522 1130 921 770 1308 500 1900 69 142 487 1332 910 1228 1305 1198 362 139 1009 1074 1337 791 588 918 1136 1306 711 354 823 742 1576 654 913 1888 728 732 977 1390 111 766 388 1685 1463 1329 884 721 632 1722 1723 122 1915 1013 316 472 1504 870 458 293 1564 1320 954 215 6 856 1630 55 890 1248 1456 9 1984 1240 1587 984 1696 945 1049 735 601 200 342 1119 824 1529 118 695 196 876 1039 355 1144 199 108 261 1546 183 1393 360 198 1678 1960 413 698 1432 1339 235 25 39 1837 270 119 1836 1281 1563 1627 857 1315 323 605 10 1667 1458 900 520 681 150 1212 527 1815 12 932 1269 1102 815 1688 361 1161 17 1806 238 1813 124 1291 1206 973 190 691 227 506 112 976 333 690 574 1374 1058 878 1713 1993 1279 1780 1625 76 345 880 1499 967 1484 886 1085 97 1683 1945 1694 195 1180 233 646 1595 213 1299 709 1448 306 1106 651 1355 1114 242 1857 168 1060 1747 66 1769 1112 1447 1284 898 705 789 885 476 1829 1659 287 1428 1006 488 62 75 1994 547 21 1662 419 1358 251 365 1334 1947 310 402 1909 87 1711 539 548 1879 154 229 1 1275 493 167 1246 906 1797 1743 64 755 1811 1097 597 784 1925 1208 1159 964 146 1071 759 1272 640 45 1617 1932 1155 1140 722 1650 1997 687 403 36 674 1544 1472 1122 347 1749 929 309 580 920 1719 958 787 1631 65 1438 928 927 1191 1465 290 263 1702 1957 71 1996 1469 1679 128 1357 1985 893 1205 643 1387 633 829 1202 869 140 1394 1450 561 27 935 1321 1613 1525 1038 863 1379 566 158 888 819 1759 1727 680 20 1917 406 558 1189 308 1295 151 896 1814 38 997 581 234 723 1580 827 1414 1403 706 453 598 917 1807 1223 457 106 1292 1720 268 514 1352 874 1971 987 689 383 1409 67 562 1377 1031 1218 904 428 1729 826 768 647 1171 1185 1605 719 1016 1572 1552 49 946 531 636 1913 545 1376 1967 1619 1470 1827 1325 676 107 1855 1798 1011 1566 1068 95 283 1521 138 662 109 422 769 783 1084 830 1611 223 1252 1418 761 159 1762 1541 1989 1592 1300 83 621 664 1207 1093 325 1475 1153 58 631 1819 1599 1052 1862 1987 970 1399 648 1535 596 1389 1736 288 485 1775 117 1090 145 318 1424 919 236 265 172 1129 86 573 1712 1569 837 992 1121 16 1950 782 565 1877 1661 810 1649 701 754 3 1658 1682 1237 1244 248 1533 464 447 736 267 1899 645 1542 1863 1096 1109 625 1170 1474 1796 88 1892 1768 1225 971 553 1609 1210 1584 1777 699 1388 1788 1961 702 1036 1024 873 1880 612 557 1385 394 11 1549 943 1817 1937 1274 1948 449 1589 1030 1826 1840 1365 266 1710 395 1700 772 8 1805 1693 1904 1889 417 563 1019 125 1926 1193 92 1927 1608 1626 444 344 1346 343 1146 713 1884 137 26 1585 28 324 1850 94 1069 693 1656 209 1614 41 99 1922 1050 1986 1980 441 1344 604 194 1929 1951 5 294 961 538 1078 100 594 1426 1065 822 1628 797 1513 554 1706 860 396 1501 1680 731 1041 1669 1906 1091 237 775 1808 1965 452 126 191 665 1918 1887 350 1489 854 1446 560 739 131 838 523 1721 517 393 757 1482 944 1222 1852 571 77 808 1480 868 981 1434 352 24 1756 307 489 630 623 1349 806 4 1289 583 206 903 1858 155 1741 832 611 1699 634 379 1395 818 1657 104 1043 1517 794 660 1323 1621 217 300 301 1204 777 1824 377 602 1345 374 1847 480 1000 1663 1348 459 1956 337 1671 445 1735 1766 1707 253 1027 1251 1410 1267 1910 1670 730 1755 1415 471 432 801 222 1221 882 101 1253 1273 521 963 501 478 1436 512 679 178 47 537 1336 844 1054 492 1285 1793 2 1653 750 1844 670 1199 1128 673 133 93 1405 96 1624 642 276 1488 1990 834 700 1364 256 340 1992 729 667 1907 1979 1593 1497 991 34 1921 1526 1790 483 840 1407 1107 1453 1231 1726 584 1493 671 1946 1184 616 1867 1516 727 1586 1476 1288 1181 940 1276 173 1421 1293 627 638 470 1928 1866 672 1402 157 244 1317 1515 216 763 123 1591 399 629 1028 1304 346 1160 1012 1443 1118 1871 807 585 978 240 430 326 1615 448 1695 1991 657 1328 152 1303 740 439 68 1061 2000 1966 412 1556 511 1010 864 669 98 1536 534 298 1872 1021 409 1905 1640 825 907 1327 1933 1655 1959 1503 1524 1194 1644 115 975 704 576 1233 1596 1607 13 939 1442 603 334 1748 892 1841 1350 1834 1404 1975 1033 862 1537 1882 85 716 1342 1703 568 103 1697 1037 113 1095 751 773 1423 40 1527 1175 1774 1848 504 1477 1849 600 1970 1760 420 160 1249 1371 686 1234 1973 915 1935 1311 465 498 1974 33 19 861 1294 519 1982 1894 405 536 1270 1176 744 1701 980 1972 1082 683 710 73 473 1008 639 90 188 359 589 1520 606 1500 243 35 953 179 281 790 322 650 1241 781 286 1963 923 1506 1812 916 1746 1873 429 201 1483 499 788 1063 1197 1220 550 1597 974 1301 1392 622 1380 1646 1313 1373 1005 1072 1378 1490 859 1123 1709 1437 23 582 1485 1391 1375 610 1262 289 1007 1051 1316 1425 1731 1835 1343 254 524 252 694 1878 675 949 468 559 147 1543 990 820 1070 762 1981 809 1600 846 1654 1416 156 1604 218 587 1612 320 767 1931 692 1636 959 1004 1868 850 879 1732 349 274 1641 1912 1363 530 741 495 204 303 962 299 1435 1567 986 226 1583 1795 1890 1217 555 74 1668 370 1066 205 1369 748 170 1471 1751 798 1620 979 1883 933 802 1560 1677 1190 181 129 1338 1590 1386 1268 1843 641 924 628 747 380 317 867 1570 1278 110 232 1236 321 130 1977 1686 912 618 661 1632 1445 297 1610 404 176 1825 746 851 1059 714 577 376 330 386 1896 1035 1851 1786 285 437 853 1209 438 1881 1949 765 1643 756 1427 1916 821 411 1914 1598 1816 1647 1149 764 569 1750 431 1955 1684 644 1869 184 175 1040 914 1254 503 1742 1633 1645 208 273 414 1150 328 53 442 192 1297 1637 849 407 1802 1745 1891 1173 799 1298 515 1151 1243 185 1550 424 469 572 666 384 341 239 785 1433 1578 1067 425 995 1784 1773 1770 1772 1522 1969 1172 82 416 989 451 774 1137 225 792 331 926 408 477 1551 1135 1538 1940 544 738 46 339 828 570 121 1056 369 50 249 1778 513 56 1001 835 44 518 1481 372 479 1923 1340 996 54 401 1057 1461 1368 1439 230 1603 1792 779 1919 508 1457 957 180 1554 1665 314 1468 332 839 481 348 231 1045 743 1505 1495 1422 1440 1555 63 1179 1145 269 1459 81 941 1687 1765 1110 1147 551 1642 260 951 462 1558 497 659 696 1462 1164 282 795 436 578 697 1496 1575 1908 1214 295 127 1195 1245 1581 1763 1053 1290 1226 1690 1953 1738 637 899 1381 831 656 1562 966 911 529 1359 1616 212 1142 1319 613 1429 366 1634 804 257 1166 528 1397 1753 136 423 1934 1143 1154 102 30 1360 187 418 415 272 1213 800 1941 1259 1995 1718 1976 221 1042 960 177 271 1192 1356 161 1885 1757 1582 1898 1156 586 593 1936 682 1692 708 1408 364 1652 1361 153 327 841 1509 1025 1479 241 752 1263 1322 496 1833 948 1532 1256 203 490 1113 1594 737 1271 1383 905 1081 725 474 663 105 715 141 1351 617 1203 1062 48 189 134 985 1714 165 1571 18 1730 116 1239 1547 434
