2000 4000
892 636
612 382
166 1287
1360 1685
636 1698
1841 1402
1796 999
1596 1862
1928 130
1548 1330
879 1104
226 889
870 1391
1709 817
1657 1842
1965 660
1594 1944
93 702
1147 125
1843 1947
1183 454
1877 223
526 403
490 272
833 476
815 403
1228 439
1563 589
1633 1138
34 998
399 1360
461 519
195 737
1586 663
144 1740
1614 1955
608 484
1309 68
1802 1197
1022 524
978 1416
917 863
158 763
440 638
468 278
530 900
395 1965
665 389
1438 534
479 1661
680 1691
310 331
1002 180
388 861
401 901
417 1770
250 1394
1099 1522
1019 733
1484 1783
193 1706
409 1362
1256 1430
729 1036
1170 223
1127 1312
1436 1726
794 1719
794 58
1409 1130
282 709
1289 453
299 990
1974 737
1731 865
1337 1204
355 1514
84 256
1348 1960
217 1455
979 1894
566 942
319 1829
196 2000
306 1430
567 1718
558 1514
1135 260
285 524
1619 1854
370 874
556 872
1972 1670
937 1077
1767 828
978 469
1884 1774
731 1809
1694 1929
1260 960
267 1496
435 135
1194 136
1609 1566
491 1312
1679 1548
1278 367
1747 1710
627 358
945 1298
424 1003
596 1446
916 1449
1551 126
797 1055
1676 1531
315 489
1790 1084
1214 1525
1934 378
1106 1442
1750 924
267 1654
178 1021
31 1919
624 426
1475 1955
1283 1827
1833 220
1850 1005
962 272
1217 159
149 1183
1831 139
1328 1094
680 366
1264 779
192 62
700 1992
1615 847
1542 1122
300 1781
86 1302
1858 765
531 640
828 1283
1953 110
1804 1214
1126 404
983 1122
1596 1453
194 1242
154 955
352 1302
1620 1622
97 1332
1176 1531
124 176
1358 287
1648 665
1805 578
1781 1807
1768 183
114 1973
1467 1065
1639 330
310 666
332 1580
855 825
858 311
1170 488
1781 1991
774 714
1199 666
967 39
72 1108
1823 1520
685 542
1365 637
1217 1227
1519 1564
1018 1949
223 1948
286 94
1179 312
1580 258
12 764
1824 1375
1106 771
1377 604
588 599
238 1004
340 1304
1857 903
1724 555
1444 1520
94 1879
575 1036
534 825
1822 1658
1024 177
1819 831
1359 1459
297 1205
197 526
1198 999
1069 1052
337 1373
254 1037
454 1072
1257 68
323 252
903 1761
1840 1196
911 1462
1447 1071
1960 1115
1225 43
1119 657
1194 312
208 1347
1416 320
1918 1717
1148 165
766 253
1807 1365
1761 936
704 1118
746 1395
1568 1915
1467 1253
1330 108
806 458
665 1785
1898 1892
1972 1767
362 509
497 1599
112 1693
274 1598
1859 1323
518 184
1945 1534
1774 1810
97 1260
790 196
1343 1740
241 508
1046 1976
1511 37
1530 1733
1089 215
901 783
699 1067
1128 1117
621 519
1018 562
767 683
1198 1778
1719 1741
932 66
933 1445
523 1908
1682 590
125 1607
1364 877
1072 1020
313 913
951 949
1774 1706
1294 320
162 513
1322 1435
1888 1693
605 88
1290 946
827 156
838 977
1894 1325
1202 1359
1472 156
1761 1321
1864 1442
1282 356
1431 1486
1679 1361
898 1388
1791 941
58 621
611 1720
601 784
703 1184
1480 274
1931 1366
945 1262
1227 418
286 1231
1365 242
671 410
1660 1375
1091 1226
494 1957
859 72
1927 1215
506 1391
1941 1482
173 1134
1034 26
223 1336
226 1942
1343 297
118 439
1207 89
78 1028
717 1239
1562 556
1835 136
1224 498
1032 729
1010 1162
1967 1218
1556 231
224 964
720 1994
1978 1269
632 1692
312 1050
660 444
1659 1601
772 1806
1248 113
576 1858
1706 1446
675 872
151 1969
1864 1422
1714 836
722 1937
682 1502
1279 1692
1572 1865
1789 1669
583 180
1743 1791
448 1749
756 1650
23 87
1471 1678
1071 1911
1052 11
1353 226
641 1044
1077 387
905 340
985 254
6 1248
1571 735
931 1182
1684 643
1335 1284
1760 766
295 943
1986 491
609 1153
1068 1057
1867 1891
1741 58
846 870
112 206
503 1194
1854 649
1570 1272
356 223
1973 19
196 1796
50 396
1853 1077
1410 1874
1575 755
913 1019
548 713
482 1225
1400 1795
251 298
267 352
902 892
68 73
822 1723
666 1384
1730 522
996 837
1390 1165
1887 1400
1837 303
229 347
1452 1685
1613 729
1581 1104
1568 1911
1398 796
571 1280
1885 807
862 1606
905 122
1577 404
307 1535
588 1413
462 1800
1310 626
1404 640
1819 898
365 510
1934 559
1469 859
123 386
1407 234
624 1124
1194 1389
1472 827
1359 1250
1672 948
817 258
1467 1830
172 707
1814 1987
649 837
1521 1873
299 206
1173 1424
1355 183
1729 175
1670 1780
1659 1890
1926 484
997 58
674 1999
594 1499
1551 706
1123 902
1325 230
428 667
160 285
1164 1029
264 746
328 567
1356 1647
1230 1229
209 140
458 1950
1732 1256
808 835
1534 1525
330 1293
750 1514
1388 831
801 1438
1764 1480
1303 282
1722 1609
934 1415
457 1879
1097 1308
680 1184
1460 1858
756 1717
1717 303
632 1495
1966 1377
1740 212
1111 1875
975 976
1547 810
1453 757
1787 1404
1458 1825
1179 1050
602 207
1595 1414
301 760
377 731
549 1417
1788 1868
1645 223
1676 1789
1175 836
1424 1865
368 572
1143 1732
1141 264
1691 366
828 1902
1690 750
1487 1249
1713 1427
1289 1972
627 1070
1702 919
561 1201
630 217
940 1708
1182 1058
1101 183
1514 1869
219 1618
1453 1598
1496 1242
1987 438
1360 354
1406 908
37 450
435 905
648 1705
1482 1293
1983 1396
1101 500
1029 945
1861 864
730 1357
363 855
1855 966
663 986
1978 1039
91 80
232 342
716 1697
618 1959
75 1039
626 84
1167 1302
627 1986
1768 500
180 1524
70 983
203 1343
8 1353
1792 388
232 1680
72 330
388 1880
1641 1497
1441 120
1614 1475
472 1218
1931 1817
246 1347
582 1129
1310 796
1690 1514
1638 1936
153 1227
175 173
584 3
173 100
677 995
1360 1227
289 267
485 1187
1067 294
1456 1226
556 865
1270 1376
515 1974
379 514
1107 752
1090 381
1868 936
60 1324
210 161
1985 1545
1086 700
267 1107
861 1712
94 366
828 922
803 1846
268 496
1265 223
1452 1227
495 223
18 1820
1417 804
1675 1982
1215 214
26 820
2 357
1631 42
1103 209
1257 1504
691 1427
788 942
720 735
929 769
502 101
1817 1774
966 1455
1340 447
1982 726
1000 879
1311 899
1831 16
1901 463
267 1122
426 1124
12 1329
966 1836
686 1203
826 1829
1526 1325
1904 932
7 436
104 1253
1352 733
1721 486
1259 1136
1698 1897
318 918
1 1156
954 133
613 186
1784 30
1880 380
1245 694
773 1553
395 706
1116 398
908 879
1052 821
1679 1592
1341 1873
147 1521
1531 123
600 1493
622 250
1001 1712
216 83
1635 214
1027 659
1978 175
716 310
1313 769
1681 68
392 1946
1842 156
1795 1555
1099 874
1190 1926
938 422
179 839
1552 1381
774 1386
1190 579
538 1355
199 1978
529 8
132 1350
892 816
1031 751
26 740
318 1151
226 126
955 1731
1818 1365
1273 1920
1541 314
1824 1131
1119 1007
1429 601
134 1967
1488 1477
77 1834
1556 154
1374 764
874 1195
306 440
719 1608
24 1360
832 717
920 1524
1147 188
473 621
359 1262
1907 901
952 1822
227 1419
392 1479
312 136
934 1493
713 1622
1139 908
1978 1114
30 1359
1503 321
1543 1525
1114 625
858 1603
1077 459
548 1696
867 1509
1766 634
880 996
876 1823
147 1873
560 278
1779 516
1336 356
1962 841
1258 1456
1895 1697
211 515
1910 1345
614 517
33 1381
1226 1229
310 1895
404 1955
693 416
866 689
336 1492
156 1844
1547 1989
38 694
696 8
904 1376
1173 1755
1533 171
136 1220
1548 558
1187 226
1048 849
651 1045
40 1077
1122 1075
1884 1366
245 64
1316 1509
1033 564
1033 79
666 1756
1771 1949
955 1972
1871 838
824 1146
1398 518
495 1640
1030 797
1199 1756
250 1848
532 789
1809 1525
585 125
1776 1327
346 782
945 1439
1119 975
1736 1111
1339 610
1207 1751
1333 87
1495 1631
869 1442
1797 1087
349 87
1857 115
83 731
1411 125
807 1568
823 1648
980 1208
512 198
934 1659
1394 1848
591 1323
1224 87
1152 1536
131 182
1165 1425
1425 769
605 1281
397 1512
1733 1790
706 1085
270 811
625 767
1213 639
518 845
48 109
1802 1433
57 636
1369 1840
1448 1057
1943 865
1745 564
1505 1180
55 1820
245 1268
1054 95
427 1526
71 442
914 557
55 325
391 54
942 300
626 1398
507 1087
1802 1740
616 656
1432 681
1190 1811
512 1553
1340 163
591 673
627 1151
1153 787
1648 982
1869 984
735 959
1444 1823
558 750
182 997
1908 1287
382 1859
1970 1394
1384 1895
213 1779
871 809
368 54
1271 1236
1933 1957
213 900
637 242
1546 423
753 1260
955 1376
724 1072
361 1474
543 1360
617 72
1958 1672
1495 42
1604 1403
558 688
924 684
729 575
448 1284
1492 44
114 888
1540 1699
1864 1313
906 602
1145 403
1388 1164
1796 104
799 1505
644 8
215 670
1709 699
552 701
275 810
1939 1201
1106 1138
571 1304
152 307
89 603
1036 1379
782 179
323 392
398 1752
494 456
1864 1203
954 1277
558 355
53 1078
1700 1627
22 1756
603 1751
972 223
708 1755
247 524
1026 1689
1546 826
1808 573
1318 1701
1757 1167
271 1483
359 552
533 1563
609 163
13 1867
1481 1185
570 1010
787 609
1548 554
1740 1313
342 714
865 1786
1040 1858
1610 256
1740 792
222 650
1237 643
926 310
943 524
66 1303
422 2
71 1575
1529 765
257 474
550 477
1287 396
461 1547
1012 1023
1791 266
988 505
1364 1113
521 1704
1728 535
1326 638
1413 599
99 1323
1522 198
551 1434
469 1416
1826 1516
1829 1659
1428 977
1105 1251
1332 1348
1007 657
1940 630
39 865
1762 334
1819 993
330 617
782 851
1462 1144
1764 1598
1306 501
950 68
289 194
819 475
19 114
816 902
1787 1137
1994 406
393 1530
772 1713
918 1151
529 1993
105 55
1858 1233
641 618
1571 1053
1307 488
1802 1897
1821 1132
726 1072
428 1514
854 1399
1436 1917
897 1826
547 903
1259 1094
700 337
809 1672
899 95
1122 189
1922 1089
340 1280
814 346
1417 362
1012 115
1880 1779
878 1166
386 28
1088 1359
165 295
1977 1118
1160 1228
560 1982
1393 1506
18 55
109 1035
160 295
516 1699
1188 1044
1764 1596
1663 840
1840 976
1947 1380
1800 82
1693 990
422 1563
565 1925
1173 1916
741 1000
1689 5
778 1256
106 325
17 532
507 1445
1007 710
510 1613
686 1138
1662 1547
528 1160
1509 271
489 1060
149 1743
1890 35
811 690
351 1631
1663 793
387 1125
1637 854
783 1141
269 1017
154 1924
1400 1494
1235 1871
1707 209
491 1225
712 1333
1746 332
489 1295
637 7
665 1395
1903 1286
556 1210
96 965
872 1140
764 1985
1147 585
281 815
555 400
1848 622
1251 272
1365 339
814 647
1002 920
1621 341
167 1596
276 908
51 1081
64 1898
601 1652
965 1838
239 1497
86 267
933 1087
1154 972
498 1546
1079 81
621 1989
1318 731
1713 1185
24 76
1980 1898
594 413
1173 1938
1174 405
1002 115
1883 339
467 1490
1892 1479
350 565
372 152
1766 576
837 1057
1074 1811
128 1191
1031 1236
1449 1053
1624 754
1072 442
195 1003
622 1597
404 1614
1745 296
209 856
1949 562
1119 276
124 1470
685 1437
401 783
540 720
716 1384
1397 409
1008 1497
794 725
1117 1856
1924 231
1707 885
1979 1493
621 131
839 851
1411 188
1175 1897
1327 909
1558 683
1073 565
860 297
1531 502
1650 262
1601 877
1651 781
81 1068
1748 1634
791 385
477 821
13 1842
1686 209
859 617
1640 704
545 381
49 172
1674 957
192 75
910 816
391 205
1000 664
790 1198
1624 291
852 1091
1647 1443
282 932
1789 502
306 778
456 464
1910 620
611 930
697 1031
1219 682
1458 115
1519 1328
1365 1372
1297 1645
1605 492
1038 406
298 397
707 1529
178 36
726 861
447 291
859 330
541 1604
1022 943
1173 718
1886 1240
952 56
1540 895
1489 240
782 839
536 833
1930 1495
345 244
985 1934
1794 886
983 1047
1413 1486
143 80
34 1314
353 1804
465 83
533 1759
492 129
765 576
264 1101
8 1085
654 1441
423 961
717 393
1181 1107
1129 1115
1238 60
1601 35
669 749
1932 1975
827 1365
235 1105
1060 1693
451 839
242 1818
1061 173
832 1892
114 642
762 974
842 391
1669 1676
1546 1333
189 1107
694 1035
1522 512
591 515
1721 623
1900 1934
975 1139
267 142
275 956
1865 1916
828 453
1838 1501
1801 691
712 1360
87 1032
1821 1031
824 1561
209 1620
1513 1157
1275 26
1149 1636
132 947
1957 55
431 1257
782 647
1944 397
50 1692
1644 1234
1767 955
1755 1576
156 1373
1850 1211
400 1015
205 842
1616 574
797 766
963 1574
1996 1834
947 263
1093 1151
46 96
1720 294
1368 750
1756 310
1752 1934
734 108
1174 1776
371 1748
322 275
1680 774
926 1059
430 1918
1934 1515
443 194
1630 955
1892 1299
1894 983
1058 1390
404 521
442 755
1972 1990
1092 951
1700 804
797 1592
1291 464
1528 1253
1679 1342
360 651
890 164
1379 510
985 1131
738 1229
1522 1097
524 228
668 2000
1807 1372
120 577
947 1635
781 1193
791 1412
1699 26
1746 317
1657 907
1162 1276
1561 1443
1495 761
175 893
878 1582
1254 327
228 943
1934 224
1383 609
1250 30
912 846
1821 1271
845 256
92 1964
745 1049
914 1041
995 254
1058 1440
1637 278
778 440
628 469
420 795
1293 1828
809 468
1943 1163
1041 1587
419 509
148 288
1809 1543
40 937
1241 1939
1371 1078
860 1205
1801 1561
27 722
1531 1789
1170 1687
408 1396
1026 5
262 739
945 552
43 713
7 698
1206 499
1921 403
1299 1733
1503 730
145 501
5 777
383 1392
151 1879
494 279
804 1815
1415 1601
1020 149
376 732
1137 1025
950 1257
1374 1082
524 1485
1187 1149
915 828
1263 147
1166 350
780 809
491 1656
1522 598
1107 1302
603 517
1240 1484
220 255
734 1330
953 728
395 1409
61 322
692 1809
249 1106
1061 175
1895 1841
912 1229
1985 1781
1581 741
377 692
1008 1641
916 844
1141 1331
383 987
295 1111
55 1933
1336 1216
587 498
602 1579
613 1237
1029 1816
1186 69
395 1716
170 605
642 573
524 295
153 418
1679 1623
1242 648
1402 1895
126 706
158 1891
1253 1830
347 1061
1857 1458
1334 1777
620 1538
1033 1673
1486 588
760 1083
1882 799
1681 1352
20 486
236 1269
1684 343
81 1057
419 52
116 839
1766 1233
1180 652
1388 607
169 587
1791 1183
1524 1956
1501 96
240 670
330 1984
1171 895
1335 1649
717 1733
970 1358
1141 1034
1371 1264
402 361
551 1833
1564 1259
13 1508
766 1878
1615 90
47 1144
924 1512
345 446
1567 1931
1218 188
1559 519
1590 363
1395 264
975 1468
501 976
937 459
589 1158
1536 636
1270 955
150 1193
1118 629
1288 663
365 87
742 269
719 1747
1382 466
1925 350
717 1530
1857 936
901 907
1756 331
966 1085
985 1813
493 1610
579 484
590 1651
89 1751
118 269
305 1429
1237 311
1725 838
1907 655
59 931
1563 186
1301 677
101 1531
350 1015
1753 391
950 1042
1690 355
327 78
1524 1002
417 1351
296 616
1450 572
1530 832
1845 1290
586 1127
926 1540
498 1340
1373 700
285 943
1587 1109
452 378
506 1048
556 309
1124 909
1665 1028
1431 896
1460 379
375 1388
1987 1839
1921 1625
191 1547
582 894
1363 792
492 65
731 1793
137 18
1394 119
1997 1966
853 215
522 748
4 219
1246 1746
972 1265
491 1255
1704 41
603 1050
1637 1734
924 397
830 1940
364 882
1633 1864
1069 550
1563 1437
144 297
352 1181
1266 1734
1451 927
1211 948
1247 98
1639 1482
87 1371
1794 1635
421 1963
897 722
1450 54
124 813
357 390
1412 515
153 1410
418 1217
93 473
1264 1726
1276 976
925 1259
1977 1640
638 1732
1944 1750
26 517
28 1676
242 1807
1622 222
22 331
731 115
408 678
1322 1952
1206 805
971 230
501 1089
164 877
279 1634
1039 192
1076 1784
1400 1382
228 247
1453 1862
1491 568
900 1779
1400 1849
1901 995
496 625
187 749
91 416
493 1310
1446 157
801 672
1605 479
1643 1860
1810 1931
1581 879
1957 1291
1893 250
1517 1661
543 1223
509 1671
1246 317
73 1352
1790 393
1272 1186
8 126
1423 1273
1688 1767
472 1607
1763 1284
1980 1946
1346 1612
1987 1461
374 272
1735 1434
1523 1427
1832 851
426 405
1268 1980
621 725
1643 139
1979 1890
1656 281
882 1666
1495 950
1864 686
719 1128
979 1169
166 523
264 627
830 1455
61 1963
1961 1803
1236 697
1819 432
443 141
386 1954
1630 154
109 38
1306 1369
1902 79
928 642
915 92
550 471
987 1796
1122 1047
394 580
711 983
1233 1401
302 1593
644 1838
1996 1328
1834 812
334 1525
1344 1365
876 463
1742 344
1582 1166
1519 813
6 1133
411 134
1368 355
543 645
898 1208
1581 664
1928 801
1477 235
1858 634
125 1218
1237 1918
89 26
875 381
603 272
698 637
327 446
717 1299
1490 1984
126 1353
1377 391
359 1298
1388 1029
1718 1866
303 1521
856 1863
345 1990
170 1281
690 956
1468 1007
1782 332
1359 554
1771 800
1047 689
209 1418
1460 1362
281 1145
530 316
776 1364
1229 20
1229 584
578 1018
1934 1292
1324 1904
1337 552
594 1187
1518 1168
1695 496
820 614
1863 1686
780 1249
1938 718
676 376
572 1753
265 595
778 121
177 687
778 1143
1767 329
760 1466
406 959
1621 138
687 1316
142 443
482 1656
588 1323
1331 1255
730 1217
1447 1286
535 1528
1699 1539
1863 302
1142 1538
1898 392
1560 106
1974 424
101 1676
1669 1954
96 695
869 249
786 1742
567 1245
1864 249
1652 1234
1985 201
1929 1347
537 1192
1050 1194
1097 1758
457 286
1819 980
990 489
1110 1851
833 1110
981 15
658 1461
1256 1326
1478 254
1040 1362
3 404
1737 484
1359 887
1650 1285
1430 1326
336 272
1485 264
609 447
771 1864
1673 1706
839 1080
1474 964
119 1655
615 1703
1502 466
1030 1623
1096 33
1792 1982
495 1154
818 527
1677 907
1207 298
722 541
333 499
563 1911
69 1432
1673 656
758 1399
1343 208
532 15
1286 563
174 1372
1033 1745
645 76
384 807
614 603
491 358
1508 1891
230 568
210 202
1403 1861
17 1062
102 516
1487 187
886 1635
1641 1812
1023 1534
186 1049
1709 1067
1816 375
404 1704
577 1428
1072 185
285 247
616 596
972 629
738 481
704 1265
998 90
983 61
65 479
420 538
835 1959
133 425
338 971
1207 1699
607 432
51 1904
1146 391
968 1834
56 32
353 1525
747 1629
971 470
788 882
490 1708
1066 337
932 1026
1532 1763
1997 484
1072 1667
874 598
1272 1952
1554 1522
1590 130
1430 1732
988 1886
133 723
988 744
879 741
1053 1994
321 1227
1868 1321
124 1834
777 66
1658 68
1563 1759
928 888
79 616
1746 1626
134 1147
415 777
731 1525
247 160
1989 117
721 1795
701 945
1038 959
1315 1529
1076 1359
1328 1564
1769 767
1694 208
549 323
927 328
581 1347
1275 1197
1112 33
1377 87
1729 1114
483 1006
1562 904
1117 88
1434 475
1437 1177
1454 263
212 1343
1943 967
1515 732
1781 513
1802 1717
1757 476
1138 1203
977 1235
688 1869
1864 1013
963 838
87 1711
836 590
1736 1875
1080 262
440 1732
1432 1952
1431 99
1724 1847
825 233
402 1934
236 192
581 1064
1929 581
1462 295
1854 1160
1619 996
733 487
857 90
1016 60
767 1021
62 1269
199 1269
1662 93
39 1859
664 1104
915 1827
1511 1504
66 709
656 596
1814 562
1537 320
445 1031
501 570
347 455
1628 1622
1143 1256
1731 556
102 1880
809 669
1386 705
1048 870
1031 1132
1573 1253
1029 1253
227 962
268 1769
857 174
237 670
631 344
856 1247
197 1625
1730 478
980 348
1494 1746
1790 1530
1001 1880
1225 1014
71 1072
1555 1502
678 1092
665 1497
1353 706
865 1562
1537 945
635 1893
190 1362
1689 1303
524 160
1719 834
1232 536
1259 1834
190 1397
159 730
157 296
556 873
976 1306
1856 1710
86 1122
1406 1420
250 1597
761 829
1480 340
295 1022
441 314
51 6
437 413
98 1418
459 1125
266 724
1032 1711
1311 843
711 1542
940 1229
170 263
1954 1789
537 523
1450 1377
1882 1180
1367 1493
903 115
1106 1864
54 768
1622 1225
21 1857
104 987
558 1330
1089 237
252 261
145 970
714 705
370 6
538 434
21 936
1521 449
829 767
283 1198
1668 714
912 852
7 1962
1862 167
1582 1112
1264 1917
1115 1566
567 1866
1607 1200
567 1587
605 263
229 1274
1962 1541
1017 1854
665 1641
1656 403
245 1898
1539 316
1607 326
770 393
765 1315
590 1193
1387 1523
436 1445
819 923
1397 1858
1430 440
1093 918
955 865
619 1302
422 390
223 1118
539 654
728 298
242 1372
526 1317
1018 29
718 1916
637 1372
565 555
1360 18
531 687
1999 958
1284 1506
1804 1950
1768 25
186 1237
591 1786
1984 1482
1388 1065
380 1072
1733 1239
1112 1552
1671 1212
1120 1360
91 1221
1747 1683
1547 621
1849 258
1529 49
1174 1375
1286 1911
1811 26
1294 1537
1017 118
1244 391
1508 1867
649 1448
33 1405
875 1090
598 1097
1654 1122
1608 1747
92 1617
135 1923
880 1079
589 533
851 1870
278 669
1652 1043
407 80
816 1123
1300 1371
828 1289
1252 243
912 146
1264 1300
1752 1116
705 342
1688 545
416 1170
389 280
315 1295
1550 769
589 1759
1198 408
862 872
1239 832
1765 1169
772 1801
1761 115
1075 267
1971 371
11 1180
1727 1814
743 1389
367 1991
754 478
823 1008
342 1386
1667 442
958 1043
1637 1273
723 1624
149 454
1572 708
1920 662
1011 1509
692 1793
1184 1297
1581 597
449 1873
888 1973
1793 115
1746 1580
1662 1906
498 1910
108 1359
1005 1675
362 1385
1393 906
803 951
51 874
1215 433
1239 1892
1585 1674
504 308
1284 1532
1561 1912
1129 1960
829 380
48 38
818 451
1004 938
876 985
201 1781
1547 1559
1939 1771
1150 602
589 238
1250 879
1279 1287
1801 1523
956 983
665 333
1904 874
1086 304
1855 1896
866 1047
870 146
1134 893
1178 278
937 387
438 562
767 1114
399 423
10 212
1449 1783
615 1421
67 1976
1241 29
1501 644
1666 364
621 1719
1127 524
1748 494
665 1101
338 1813
1112 1405
937 103
1606 309
1608 1710
208 246
325 1360
317 769
767 268
597 879
1852 905
345 935
1066 156
1972 345
1968 733
1275 1034
1557 214
527 1080
259 564
1616 638
163 1772
1402 1756
1471 391
1979 1659
945 1416
1922 287
638 1430
415 1303
22 716
1573 1670
1304 135
343 643
1717 451
584 1102
1198 951
974 966
334 595
68 1504
982 1641
812 991
553 111
1229 852
1800 1720
1717 1650
1731 1270
1594 397
1215 1635
501 975
759 1839
1834 813
1578 1229
303 1237
1851 1302
1590 373
1922 1489
776 164
1148 47
432 1208
755 1072
77 1540
749 948
79 1774
592 651
323 1479
1349 1839
1061 100
1265 495
1235 654
1687 223
913 68
846 1048
481 1456
966 630
1699 89
193 79
480 108
446 989
1408 1344
1536 57
1222 542
1863 140
706 1409
949 1396
141 1242
191 956
709 5
240 501
1462 165
1799 674
769 1246
455 893
947 1281
589 1843
1005 871
1947 1004
305 1263
706 8
1928 855
1545 1510
840 176
1370 894
1587 1866
1988 1382
1958 278
137 1120
1251 546
102 1539
460 209
432 993
417 507
414 957
453 1767
1622 209
770 1790
1744 1609
397 684
1904 1016
90 174
1622 1696
1266 1638
1326 778
1927 433
224 1752
848 185
463 574
346 1881
648 142
112 1060
724 149
489 206
1899 1338
207 1417
342 1680
921 65
260 166
1073 1724
1550 317
515 673
1686 885
696 529
1412 211
19 995
819 1252
1787 1098
1234 1263
1606 872
1925 555
1574 1428
1647 1320
506 846
1632 1914
1708 227
467 1639
1305 188
172 1529
895 1724
369 1406
1966 579
345 1767
289 1602
1781 1278
907 655
1885 360
1935 176
1339 1507
92 1283
1892 1790
867 209
917 104
1224 1659
230 1998
1884 1773
1330 1088
1505 706
305 784
1102 1932
1607 1411
471 1069
1995 1981
164 760
981 1609
139 1386
1802 1319
398 964
377 1534
1322 323
730 1227
827 908
273 1754
1561 391
251 1944
754 1730
693 1170
1291 456
616 259
1012 1534
1862 1598
138 745
1369 1010
141 267
280 1785
497 1469
1417 1584
583 1002
1192 1135
1337 324
1520 1018
89 820
961 498
1186 1322
936 903
765 634
1453 340
653 1645
676 905
887 1459
1993 493
1489 287
1967 1305
381 1767
1557 1635
51 1248
1149 485
1862 340
444 1505
1324 1133
147 1341
1468 276
271 1622
1324 1238
1622 482
817 462
1656 815
1693 206
94 1645
204 1176
479 480
27 868
1517 65
1317 1656
1372 1818
229 100
1473 902
1671 1417
1823 254
331 666
131 834
1878 1679
1653 808
1098 1509
1526 308
1956 583
313 1588
1358 240
1729 496
1915 1071
1276 501
911 1875
1497 753
996 81
1102 1229
1993 184
1066 1844
1354 1165
980 993
994 1375
875 1688
530 213
608 1646
1972 26
1323 1486
1993 1275
49 765
1384 1697
1669 28
1602 1705
813 1470
202 793
1106 1633
530 1880
1693 785
727 1714
696 1433
694 1544
689 711
920 583
1386 232
1296 1491
373 1928
398 1474
1823 1478
1847 290
533 1947
707 49
1793 110
431 450
651 563
1059 991
556 1125
1012 731
1135 50
1161 238
1030 1361
606 766
1660 1569
837 1619
667 1690
895 1189
1537 628
1863 885
323 1898
740 1034
1042 1558
172 1315
1600 545
1647 957
1007 276
1037 1127
1980 64
172 544
877 1979
59 1440
370 113
1084 1530
535 248
221 1382
955 1562
1045 360
1249 1958
1698 910
567 1378
765 1766
763 1891
706 1180
1691 1498
884 269
1420 1156
18 325
162 300
278 749
88 947
577 1889
536 1110
680 94
453 955
617 1599
1562 1270
665 746
1154 223
1805 1018
1533 921
635 1970
204 101
506 870
32 68
1157 1802
745 186
966 217
218 1380
1493 31
341 1049
1472 907
360 1222
503 1835
1642 8
350 1582
266 1183
1924 181
1762 265
529 1794
930 1209
1891 1464
1630 181
156 1344
1839 1461
1727 1349
629 1154
973 1593
1136 1094
1459 30
765 1401
385 288
1870 116
352 1654
873 309
1961 27
1057 1619
606 1361
1152 57
918 627
1838 8
489 1693
1808 1973
1118 1640
759 562
96 1838
932 1689
830 630
1674 474
16 1860
1924 955
740 783
1896 394
816 1536
573 1973
1376 865
1423 1734
802 353
702 1906
182 725
799 660
1200 1411
19 928
60 1248
63 317
642 1973
315 206
1821 697
389 1395
955 412
945 375
1000 1104
1063 1428
1656 526
1634 105
1388 980
1167 1232
947 433
1569 1375
193 1774
1310 1398
1477 1463
495 1118
778 1430
413 1499
197 815
1407 1639
1775 136
42 1279
1029 1670
126 580
236 1039
1193 1682
1010 501
600 663
1492 486
197 1317
3 1975
1947 422
479 492
225 297
1603 613
999 1664
1843 1158
1141 1485
365 1379
278 854
336 940
105 279
1429 1234
419 836
709 777
891 1770
345 1028
1681 56
1731 1562
172 613
424 195
1661 65
1629 460
1002 1945
789 1744
346 839
1796 1155
1503 1217
1894 230
1089 145
195 992
1122 916
812 1189
20 490
1462 1148
462 1709
1357 1227
1616 254
812 1540
904 556
31 593
1323 865
157 596
1970 1224
983 866
777 1303
587 1910
610 918
513 1991
48 178
781 1346
223 1282
176 202
115 110
323 245
1585 1647
1766 1401
22 1841
174 242
1778 1664
403 1625
1360 1097
1751 26
752 1302
437 226
1070 918
746 1101
1823 1939
1761 1825
88 1454
543 1031
284 182
460 1620
1267 1996
1582 1405
1509 1622
904 1270
298 1944
1528 863
181 412
1778 1155
910 636
828 1964
22 666
7 1351
1041 1109
1344 1913
268 175
1083 775
1213 1390
1212 362
444 1965
1729 625
38 1544
672 130
1646 1737
755 71
1666 566
1140 483
1760 1342
65 480
1505 1882
1337 883
209 302
234 1984
61 690
1664 2000
458 802
1667 71
50 1495
1762 1804
610 1507
843 1913
739 451
143 416
26 783
1583 829
19 1808
1983 1846
1562 1376
335 598
761 1583
291 522
1261 15
202 1027
895 1059
1904 615
994 1124
574 1301
804 1584
1378 1718
1463 603
757 274
1071 1903
1032 1036
1268 392
138 186
1613 1379
1815 602
801 130
1773 1810
193 259
696 1993
1699 603
508 1522
1982 1850
817 1626
300 1278
1195 598
1275 1642
488 91
958 1739
72 1599
427 1998
1097 1659
1936 1399
964 559
1812 1648
1314 174
645 354
828 1617
942 1666
422 357
1696 1225
1465 258
179 851
1386 292
1009 1695
19 888
713 1225
1005 560
1085 1353
604 1997
1711 349
1449 1886
26 603
1204 646
807 563
1807 300
678 951
1076 1250
1736 1148
1056 793
264 491
583 1524
1295 1060
1561 1523
1344 1311
487 1681
305 1799
1830 945
1244 824
590 85
281 1317
429 1113
250 1224
1134 455
380 1712
1796 668
1429 1263
441 736
174 1818
83 985
2000 790
1160 742
512 508
822 598
1811 1972
434 183
83 1292
1667 755
14 471
1683 719
9 438
1768 538
776 775
107 631
832 770
1631 166
760 877
1647 1414
1466 890
172 343
983 1053
1592 1342
1385 722
649 996
402 224
670 145
1309 913
200 1803
1645 1216
193 1446
165 1111
780 749
117 1547
1956 920
1995 1727
975 276
1252 1457
1366 1567
1305 472
1237 1802
1985 1374
1141 907
157 1033
1228 269
1611 960
1316 1787
1156 1228
1917 779
1674 1356
441 841
594 1942
255 1252
1360 106
1666 788
230 243
1779 1539
867 1483
699 817
1539 516
1063 838
730 321
1227 24
708 1872
1211 1958
274 1453
505 1783
715 1837
618 835
973 1418
1831 111
959 1571
146 1391
1560 1360
298 603
612 865
624 405
26 1074
1375 1457
1895 716
1995 438
152 303
1435 323
262 1717
638 463
1250 369
1858 1591
1474 1752
55 1971
984 45
150 590
1244 842
1880 900
1938 1576
1916 1829
131 794
1498 703
212 225
110 1525
912 849
1113 164
1023 1525
1854 884
1121 536
1271 1031
425 723
985 1901
1942 413
1783 1240
1391 846
1720 798
1095 1009
1797 507
167 1764
1757 1851
841 736
800 1201
1061 455
1250 1420
1188 1937
1400 1626
411 1147
176 1027
1011 1024
924 298
1720 1209
1870 839
445 1821
860 520
1424 1829
1309 1019
189 1181
317 1425
1677 827
866 1122
780 1850
1227 1874
831 348
111 979
634 1401
340 1923
1220 312
153 1217
287 970
1820 325
1740 1513
1343 855
213 1699
1101 1785
72 1469
657 975
198 241
1702 1191
1781 764
1477 546
865 904
1857 547
1777 969
1066 304
1926 579
1288 1586
510 349
1493 1919
759 1349
121 1732
704 223
103 459
1344 827
476 1110
866 1542
480 921
1730 291
510 729
1986 1485
588 896
1807 174
1198 678
812 926
1797 7
1660 1174
1101 389
690 421
706 1855
608 1737
1173 1872
1717 818
382 673
1083 1466
304 1844
1142 1345
1504 950
1389 1835
419 1714
1224 1371
1842 1472
1281 263
329 1688
457 703
738 1091
1796 1664
576 634
1716 1409
1934 465
1473 1698
1446 616
855 672
1272 1435
360 1437
1817 1810
571 1905
1286 360
1630 155
1159 1205
1878 253
79 596
1587 1378
1426 470
74 1365
120 1889
449 881
12 1985
87 1379
891 417
1078 1264
1881 116
330 1599
1627 207
922 1827
681 261
988 1783
1118 972
789 15
168 275
652 14
1301 985
1628 1483
1700 549
1522 773
220 475
1224 1394
490 336
241 512
1220 1179
1140 556
310 968
1918 1535
1807 1818
923 1833
902 1536
1548 108
825 1928
219 1578
650 1483
1150 1700
1476 1356
278 809
561 1241
1197 1642
404 1876
833 1121
809 1958
298 953
47 165
1415 877
1849 1580
168 293
1052 1243
974 1836
556 955
944 231
72 497
26 655
763 1842
1781 367
1262 324
1469 1599
1845 1703
1598 757
1198 949
1847 1582
1808 114
875 329
264 1785
1726 511
321 1357
34 857
1866 927
843 1344
1350 886
44 1419
1040 379
1490 1407
1570 261
1190 1670
908 975
1237 372
1784 1359
908 710
1084 717
400 290
394 1085
1079 1854
743 1050
277 721
653 1216
614 1207
267 1181
1998 919
102 530
1100 1066
1443 842
1554 1553
667 45
82 1209
70 1526
270 1963
1802 1343
1168 1507
410 864
1282 653
1710 88
574 1478
235 1251
1632 221
834 997
517 298
1464 1508
1091 481
8 1197
975 1007
883 1439
113 874
255 1434
461 1906
820 517
609 1340
966 830
1223 1031
444 1130
23 365
1656 1625
1422 1633
1915 1045
1988 277
881 1873
799 1965
1095 625
939 88
904 955
447 1772
1653 785
233 373
19 573
1673 1774
1326 121
1308 1195
1294 945
772 1561
1082 1781
786 946
330 1490
802 1214
1 1406
1506 1749
1582 1096
470 67
1051 648
1099 1195
264 280
449 1263
200 671
1017 742
1278 1807
889 1942
608 1926
1118 1265
1615 34
1269 75
855 520
1207 26
1683 88
179 116
1406 827
1852 452
958 1652
859 1599
1542 916
1698 1175
917 1253
1929 1343
1515 452
109 1544
1874 159
1676 879
979 292
1561 1806
1243 471
1341 881
367 1807
1141 1907
977 539
1097 1195
886 1557
805 273
236 1978
1289 345
1670 1164
1927 214
1143 440
564 1565
12 1781
885 856
469 945
481 1258
525 1558
172 765
1095 1695
1930 178
736 637
1877 1426
1474 1934
914 1587
1590 233
1855 1353
1162 1840
1488 1050
1063 1871
1779 530
1696 491
1659 1415
474 1414
1402 1384
699 294
850 1423
226 706
1955 1126
484 87
1827 828
939 1683
529 1275
732 1852
1764 1453
1142 1340
1373 1844
1606 483
1158 1759
1436 1078
1125 1006
186 360
1886 744
228 295
1838 1738
706 1882
380 388
1551 1855
428 688
848 266
1254 935
244 633
530 516
1758 1522
259 1774
1900 452
1282 1336
1877 1282
1532 1579
1155 196
828 1990
1249 278
1711 23
851 1881
1557 1215
701 883
1950 595
1108 25
677 638
1756 1841
341 1177
952 1681
1195 335
64 1500
515 385
41 1955
145 215
214 132
1732 778
1841 716
1125 1606
1464 158
904 1731
1494 332
923 1735
1589 1501
1050 1105
621 182
375 1670
1181 619
275 270
1075 752
414 1647
770 1084
637 1541
1656 1014
1701 216
419 1385
1663 176
1609 1062
1767 1090
2 390
1510 1374
1011 1316
239 1960
1591 1460
657 276
907 1034
1658 1588
698 736
1643 292
1072 388
300 788
144 860
1518 1070
391 368
1748 456
1828 1482
60 874
1915 384
1221 1170
1296 1549
1007 1139
1055 1679
283 408
1408 843
974 830
434 795
1277 522
762 966
945 1172
398 1934
1320 842
60 113
513 1278
1371 1917
59 639
506 146
1645 1969
445 1132
593 1919
1850 948
787 1340
65 1605
300 364
1053 844
50 42
1028 244
24 1685
931 1165
1819 1388
107 1904
315 990
373 855
1383 163
469 1172
336 44
655 783
544 1684
68 487
1228 528
1848 1597
682 1914
103 387
911 1144
6 60
475 1833
1837 1717
1607 1003
1246 63
1979 35
570 1196
980 898
1141 586
1347 1064
1726 1917
178 567
128 983
1392 1728
1953 1945
376 1934
194 1496
719 1117
1922 501
562 800
1614 41
986 600
1046 1334
186 1603
316 102
1632 1887
1572 1938
1332 1611
148 326
1909 760
322 293
1616 1823
891 1087
1168 1151
181 955
1204 701
1384 1841
681 661
1937 1888
503 1220
1153 163
1577 1955
1111 911
340 274
557 1718
1163 591
1682 781
145 853
553 1386
480 1548
1655 250
1919 1288
881 1521
222 1483
1550 1354
623 227
725 284
1434 923
814 782
769 1740
1752 964
905 1934
1980 1892
1455 1836
459 387
734 1548
1684 311
499 982
174 74
248 987
945 1164
164 301
1715 527
1363 1013
1152 1123
1413 896
1100 337
758 850
1755 1916
1527 1073
294 1800
1218 1305
912 1391
1166 565
294 82
1509 222
291 1383
1510 201
1291 279
1618 1876
1554 512
1458 1761
1973 928
1052 550
1450 1753
1402 310
728 924
306 1326
1867 1842
983 1449
283 803
1112 1381
902 636
1783 1886
1899 1501
314 698
1079 1448
633 1665
1715 451
879 664
1292 216
1001 1982
186 1621
1571 406
1376 556
813 925
1341 1263
456 1933
951 1846
1750 397
1737 87
285 228
1807 513
1028 446
833 1757
1594 1750
1227 645
564 193
1377 368
1448 996
1128 1683
1329 1374
1202 1076
737 791
159 1410
80 1221
298 820
229 1134
627 318
784 1644
905 1280
547 1788
1493 1415
1372 74
1178 1399
679 950
889 437
148 385
1527 878
81 1619
368 1450
1165 769
297 10
998 847
1528 917
1109 567
437 485
525 1021
911 47
1146 842
41 1475
1208 1388
1612 590
87 826
1565 616
171 129
1230 374
884 528
1569 909
1647 1674
76 1452
1755 718
1767 1600
19 638
331 1697
597 1000
1464 1867
1601 1979
1292 1701
1460 1040
1793 1012
497 330
830 1798
28 502
100 1134
1609 1261
1812 333
646 552
1193 1612
979 1643
1580 1626
127 1190
1465 1782
514 1591
1527 565
1263 1873
477 11
522 754
1612 150
1086 156
507 7
573 888
491 1037
1138 120
1170 407
424 211
1261 17
1521 1951
978 628
1450 391
44 486
319 1865
707 765
1190 1972
265 334
1765 308
1053 866
414 1476
1736 165
374 623
1270 556
688 750
128 504
1961 868
413 1149
1875 1144
236 199
1569 994
1180 471
1391 1048
1338 965
1369 570
169 498
1972 1780
1878 1623
1293 1984
770 1239
1830 1816
1676 502
1159 860
1501 1338
967 865
1067 798
415 1904
610 627
1261 1722
81 880
1206 1497
1951 430
348 1819
1978 192
719 1710
1219 1988
1802 10
305 958
397 251
19 642
1287 351
802 265
1704 1577
435 1280
1282 470
1855 394
1148 911
1857 1788
325 137
384 592
1080 451
478 291
53 1726
1642 529
738 852
895 1582
114 573
1920 1638
1126 1704
1051 443
1268 1946
83 1318
257 1476
540 1571
1498 94
1725 1235
364 566
1499 1636
1956 1002
661 1186
41 1126
1733 1084
146 1048
1865 1173
1789 1176
526 1145
1194 1179
1919 663
1386 16
254 1331
1074 127
1210 675
199 192
1793 1543
1575 1072
1113 1083
340 1598
52 85
2000 1778
173 1274
440 1326
777 1026
1469 330
1516 1888
122 1923
573 928
650 1629
944 155
1011 1098
1367 1586
301 1909
199 62
1917 511
156 700
120 1574
693 488
1926 1646
351 1192
401 26
1270 865
730 153
325 1120
176 793
1545 1082
1217 1874
605 1454
1668 774
178 694
1107 1122
1885 1911
1832 814
79 1827
1263 1999
1421 1742
846 849
1818 74
948 278
512 773
1475 1577
822 1758
1775 1835
966 580
497 617
899 1408
829 1792
1269 1039
1068 880
1454 1281
1535 715
1003 992
657 1468
1807 74
1954 123
1358 145
1537 1172
149 941
445 1271
1808 888
422 218
521 1614
150 1651
1935 1056
1386 1668
1267 176
1861 27
1200 1147
1490 1482
1817 1366
1389 1775
1126 1614
214 1794
562 578
1573 945
112 990
1408 1054
908 1119
1142 620
1469 617
764 1510
1539 213
234 1941
1678 1377
747 650
1794 132
1013 569
1445 1797
306 1143
1101 280
157 79
526 1921
1387 1481
439 1017
1780 1190
737 211
1185 1806
728 684
614 1699
877 429
867 1622
848 941
203 1694
756 1285
87 1546
232 1668
1291 371
311 544
1709 1209
84 184
1431 1323
1659 1333
1858 514
713 482
505 1886
419 722
1767 1990
1854 1448
1032 365
1671 1385
132 1635
850 662
661 1952
281 526
1565 1446
1058 1165
1252 1434
1754 1008
731 1701
1943 1323
1327 624
1450 1678
1002 1809
1486 896
1285 527
422 589
1343 246
1794 947
695 644
333 1754
974 1455
1008 499
1804 265
151 1231
748 1624
637 1818
601 1043
705 1680
954 425
1103 460
1676 1228
560 1211
959 540
103 40
1262 701
1236 445
1753 54
1229 404
853 1489
1425 1354
347 1274
1315 707
1508 158
1339 1151
1649 1393
1921 1317
806 265
1872 1865
689 844
1125 862
323 1584
695 1738
1463 235
1367 31
1351 1797
633 1254
724 1020
1738 46
1400 466
120 1422
559 1474
953 1512
158 1842
195 1607
1802 727
1737 1377
1960 1609
189 352
1319 52
1134 1274
1687 1948
1841 1697
1609 1370
1589 1338
677 463
1320 1912
1199 1402
1740 569
1307 693
1829 1938
1623 1592
9 1981
310 22
966 1940
1368 45
270 191
1844 700
769 1354
139 111
951 1983
63 1550
664 597
1202 30
1376 1731
19 1901
1233 576
1449 866
1723 1308
1585 1414
1203 1106
344 615
446 1665
997 621
1923 1905
1799 1739
1674 1595
146 846
1968 1019
660 1130
1806 1427
1314 847
72 538
1202 887
1563 1161
1405 1552
1180 14
572 1678
156 1883
410 200
757 1480
577 1063
1948 1170
535 1392
1612 781
989 935
1609 532
1206 1648
3 4
24 751
1999 1043
438 658
108 1679
248 1253
695 8
442 1575
321 153
1374 12
929 1746
1964 1902
1365 174
209 747
1058 59
509 1212
1901 1301
974 1798
424 288
290 565
1549 969
1565 296
572 768
1978 62
1742 1904
1863 973
1224 1893
1384 22
47 1736
773 241
468 1487
1935 202
1794 1275
1303 709
1699 1171
874 1081
882 942
1396 951
307 1802
1179 503
751 1223
1877 470
1775 503
871 468
1944 953
1007 908
1769 1695
22 1199
1743 724
497 859
1237 172
1853 937
1755 1829
1814 759
1496 289
1992 1100
3 1578
1025 1011
1575 1667
1449 988
223 1640
345 78
119 1848
1039 199
259 79
223 470
1647 1476
123 1676
204 1669
1500 392
1451 567
1544 36
679 1583
161 659
1581 1000
2000 2000 2000 2000 2000 2000 2000 2000 2000 2000 2000 2000 2000 2000 2000 2000 2000 2000 2000 2000 2000 2000 2000 2000 2000 2000 2000 2000 2000 2000 2000 2000 2000 2000 2000 2000 2000 2000 2000 2000 2000 2000 2000 2000 2000 2000 2000 2000 2000 2000 2000 2000 2000 2000 2000 2000 2000 2000 2000 2000 2000 2000 2000 2000 2000 2000 2000 2000 2000 2000 2000 2000 2000 2000 2000 2000 2000 2000 2000 2000 2000 2000 2000 2000 2000 2000 2000 2000 2000 2000 2000 2000 2000 2000 2000 2000 2000 2000 2000 2000 2000 2000 2000 2000 2000 2000 2000 2000 2000 2000 2000 2000 2000 2000 2000 2000 2000 2000 2000 2000 2000 2000 2000 2000 2000 2000 2000 2000 2000 2000 2000 2000 2000 2000 2000 2000 2000 2000 2000 2000 2000 2000 2000 2000 2000 2000 2000 2000 2000 2000 2000 2000 2000 2000 2000 2000 2000 2000 2000 2000 2000 2000 2000 2000 2000 2000 2000 2000 2000 2000 2000 2000 2000 2000 2000 2000 2000 2000 2000 2000 2000 2000 2000 2000 2000 2000 2000 2000 2000 2000 2000 2000 2000 2000 2000 2000 2000 2000 2000 2000 2000 2000 2000 2000 2000 2000 2000 2000 2000 2000 2000 2000 2000 2000 2000 2000 2000 2000 2000 2000 2000 2000 2000 2000 2000 2000 2000 2000 2000 2000 2000 2000 2000 2000 2000 2000 2000 2000 2000 2000 2000 2000 2000 2000 2000 2000 2000 2000 2000 2000 2000 2000 2000 2000 2000 2000 2000 2000 2000 2000 2000 2000 2000 2000 2000 2000 2000 2000 2000 2000 2000 2000 2000 2000 2000 2000 2000 2000 2000 2000 2000 2000 2000 2000 2000 2000 2000 2000 2000 2000 2000 2000 2000 2000 2000 2000 2000 2000 2000 2000 2000 2000 2000 2000 2000 2000 2000 2000 2000 2000 2000 2000 2000 2000 2000 2000 2000 2000 2000 2000 2000 2000 2000 2000 2000 2000 2000 2000 2000 2000 2000 2000 2000 2000 2000 2000 2000 2000 2000 2000 2000 2000 2000 2000 2000 2000 2000 2000 2000 2000 2000 2000 2000 2000 2000 2000 2000 2000 2000 2000 2000 2000 2000 2000 2000 2000 2000 2000 2000 2000 2000 2000 2000 2000 2000 2000 2000 2000 2000 2000 2000 2000 2000 2000 2000 2000 2000 2000 2000 2000 2000 2000 2000 2000 2000 2000 2000 2000 2000 2000 2000 2000 2000 2000 2000 2000 2000 2000 2000 2000 2000 2000 2000 2000 2000 2000 2000 2000 2000 2000 2000 2000 2000 2000 2000 2000 2000 2000 2000 2000 2000 2000 2000 2000 2000 2000 2000 2000 2000 2000 2000 2000 2000 2000 2000 2000 2000 2000 2000 2000 2000 2000 2000 2000 2000 2000 2000 2000 2000 2000 2000 2000 2000 2000 2000 2000 2000 2000 2000 2000 2000 2000 2000 2000 2000 2000 2000 2000 2000 2000 2000 2000 2000 2000 2000 2000 2000 2000 2000 2000 2000 2000 2000 2000 2000 2000 2000 2000 2000 2000 2000 2000 2000 2000 2000 2000 2000 2000 2000 2000 2000 2000 2000 2000 2000 2000 2000 2000 2000 2000 2000 2000 2000 2000 2000 2000 2000 2000 2000 2000 2000 2000 2000 2000 2000 2000 2000 2000 2000 2000 2000 2000 2000 2000 2000 2000 2000 2000 2000 2000 2000 2000 2000 2000 2000 2000 2000 2000 2000 2000 2000 2000 2000 2000 2000 2000 2000 2000 2000 2000 2000 2000 2000 2000 2000 2000 2000 2000 2000 2000 2000 2000 2000 2000 2000 2000 2000 2000 2000 2000 2000 2000 2000 2000 2000 2000 2000 2000 2000 2000 2000 2000 2000 2000 2000 2000 2000 2000 2000 2000 2000 2000 2000 2000 2000 2000 2000 2000 2000 2000 2000 2000 2000 2000 2000 2000 2000 2000 2000 2000 2000 2000 2000 2000 2000 2000 2000 2000 2000 2000 2000 2000 2000 2000 2000 2000 2000 2000 2000 2000 2000 2000 2000 2000 2000 2000 2000 2000 2000 2000 2000 2000 2000 2000 2000 2000 2000 2000 2000 2000 2000 2000 2000 2000 2000 2000 2000 2000 2000 2000 2000 2000 2000 2000 2000 2000 2000 2000 2000 2000 2000 2000 2000 2000 2000 2000 2000 2000 2000 2000 2000 2000 2000 2000 2000 2000 2000 2000 2000 2000 2000 2000 2000 2000 2000 2000 2000 2000 2000 2000 2000 2000 2000 2000 2000 2000 2000 2000 2000 2000 2000 2000 2000 2000 2000 2000 2000 2000 2000 2000 2000 2000 2000 2000 2000 2000 2000 2000 2000 2000 2000 2000 2000 2000 2000 2000 2000 2000 2000 2000 2000 2000 2000 2000 2000 2000 2000 2000 2000 2000 2000 2000 2000 2000 2000 2000 2000 2000 2000 2000 2000 2000 2000 2000 2000 2000 2000 2000 2000 2000 2000 2000 2000 2000 2000 2000 2000 2000 2000 2000 2000 2000 2000 2000 2000 2000 2000 2000 2000 2000 2000 2000 2000 2000 2000 2000 2000 2000 2000 2000 2000 2000 2000 2000 2000 2000 2000 2000 2000 2000 2000 2000 2000 2000 2000 2000 2000 2000 2000 2000 2000 2000 2000 2000 2000 2000 2000 2000 2000 2000 2000 2000 2000 2000 2000 2000 2000 2000 2000 2000 2000 2000 2000 2000 2000 2000 2000 2000 2000 2000 2000 2000 2000 2000 2000 2000 2000 2000 2000 2000 2000 2000 2000 2000 2000 2000 2000 2000 2000 2000 2000 2000 2000 2000 2000 2000 2000 2000 2000 2000 2000 2000 2000 2000 2000 2000 2000 2000 2000 2000 2000 2000 2000 2000 2000 2000 2000 2000 2000 2000 2000 2000 2000 2000 2000 2000 2000 2000 2000 2000 2000 2000 2000 2000 2000 2000 2000 2000 2000 2000 2000 2000 2000 2000 2000 2000 2000 2000 2000 2000 2000 2000 2000 2000 2000 2000 2000 2000 2000 2000 2000 2000 2000 2000 2000 2000 2000 2000 2000 2000 2000 2000 2000 2000 2000 2000 2000 2000 2000 2000 2000 2000 2000 2000 2000 2000 2000 2000 2000 2000 2000 2000 2000 2000 2000 2000 2000 2000 2000 2000 2000 2000 2000 2000 2000 2000 2000 2000 2000 2000 2000 2000 2000 2000 2000 2000 2000 2000 2000 2000 2000 2000 2000 2000 2000 2000 2000 2000 2000 2000 2000 2000 2000 2000 2000 2000 2000 2000 2000 2000 2000 2000 2000 2000 2000 2000 2000 2000 2000 2000 2000 2000 2000 2000 2000 2000 2000 2000 2000 2000 2000 2000 2000 2000 2000 2000 2000 2000 2000 2000 2000 2000 2000 2000 2000 2000 2000 2000 2000 2000 2000 2000 2000 2000 2000 2000 2000 2000 2000 2000 2000 2000 2000 2000 2000 2000 2000 2000 2000 2000 2000 2000 2000 2000 2000 2000 2000 2000 2000 2000 2000 2000 2000 2000 2000 2000 2000 2000 2000 2000 2000 2000 2000 2000 2000 2000 2000 2000 2000 2000 2000 2000 2000 2000 2000 2000 2000 2000 2000 2000 2000 2000 2000 2000 2000 2000 2000 2000 2000 2000 2000 2000 2000 2000 2000 2000 2000 2000 2000 2000 2000 2000 2000 2000 2000 2000 2000 2000 2000 2000 2000 2000 2000 2000 2000 2000 2000 2000 2000 2000 2000 2000 2000 2000 2000 2000 2000 2000 2000 2000 2000 2000 2000 2000 2000 2000 2000 2000 2000 2000 2000 2000 2000 2000 2000 2000 2000 2000 2000 2000 2000 2000 2000 2000 2000 2000 2000 2000 2000 2000 2000 2000 2000 2000 2000 2000 2000 2000 2000 2000 2000 2000 2000 2000 2000 2000 2000 2000 2000 2000 2000 2000 2000 2000 2000 2000 2000 2000 2000 2000 2000 2000 2000 2000 2000 2000 2000 2000 2000 2000 2000 2000 2000 2000 2000 2000 2000 2000 2000 2000 2000 2000 2000 2000 2000 2000 2000 2000 2000 2000 2000 2000 2000 2000 2000 2000 2000 2000 2000 2000 2000 2000 2000 2000 2000 2000 2000 2000 2000 2000 2000 2000 2000 2000 2000 2000 2000 2000 2000 2000 2000 2000 2000 2000 2000 2000 2000 2000 2000 2000 2000 2000 2000 2000 2000 2000 2000 2000 2000 2000 2000 2000 2000 2000 2000 2000 2000 2000 2000 2000 2000 2000 2000 2000 2000 2000 2000 2000 2000 2000 2000 2000 2000 2000 2000 2000 2000 2000 2000 2000 2000 2000 2000 2000 2000 2000 2000 2000 2000 2000 2000 2000 2000 2000 2000 2000 2000 2000 2000 2000 2000 2000 2000 2000 2000 2000 2000 2000 2000 2000 2000 2000 2000 2000 2000 2000 2000 2000 2000 2000 2000 2000 2000 2000 2000 2000 2000 2000 2000 2000 2000 2000 2000 2000 2000 2000 2000 2000 2000 2000 2000 2000 2000 2000 2000 2000 2000 2000 2000 2000 2000 2000 2000 2000 2000 2000 2000 2000 2000 2000 2000 2000 2000 2000 2000 2000 2000 2000 2000 2000 2000 2000 2000 2000 2000 2000 2000 2000 2000 2000 2000 2000 2000 2000 2000 2000 2000 2000 2000 2000 2000 2000 2000 2000 2000 2000 2000 2000 2000 2000 2000 2000 2000 2000 2000 2000 2000 2000 2000 2000 2000 2000 2000 2000 2000 2000 2000 2000 2000 2000 2000 2000 2000 2000 2000 2000 2000 2000 2000 2000 2000 2000 2000 2000 2000 2000 2000 2000 2000 2000 2000 2000 2000 2000 2000 2000 2000 2000 2000 2000 2000 2000 2000 2000 2000 2000 2000 2000 2000 2000 2000 2000 2000 2000 2000 2000 2000 2000 2000 2000 2000 2000 2000 2000 2000 2000 2000 2000 2000 2000 2000 2000 2000 2000 2000 2000 2000 2000 2000 2000 2000 2000 2000 2000 2000 2000 2000 2000 2000 2000 2000 2000 2000 2000 2000 2000 2000 2000 2000 2000 2000 2000 2000 2000 2000 2000 2000 2000 2000 2000 2000 2000 2000 2000 2000 2000 2000 2000 2000 2000 2000 2000 2000 2000 2000 2000 2000 2000 2000 2000 2000 2000 2000 2000 2000 2000 2000 2000 2000 2000 2000 2000 2000 2000 2000 2000 2000 2000 2000 2000 2000 2000 2000 2000 2000 2000 2000 2000 2000 2000 2000 2000 2000 2000 2000 2000 2000 2000 2000 2000 2000 2000 2000 2000 2000 2000 2000 2000 2000 2000 2000 2000 2000 2000 2000 2000 2000 2000 2000 2000 2000 2000 2000 2000 2000 2000 2000 2000 2000 2000 2000 2000 2000 2000 2000 2000 2000 2000 2000 2000 2000 2000 2000 2000 2000 2000 2000 2000 2000 2000 2000 2000 2000 2000 2000 2000 2000 2000 2000 2000 2000 2000 2000 2000 2000 2000 2000 2000 2000 2000 2000 2000 2000 2000 2000 2000 2000 2000 2000 2000 2000 2000 2000 2000 2000 2000 2000 2000 2000 2000 2000 2000 2000 2000 2000 2000 2000 2000 2000 2000 2000 2000 2000 2000 2000 2000 2000 2000 2000 2000 2000 2000 2000 2000 2000 2000 2000 2000 2000 2000 2000 2000 2000 2000 2000 2000 2000 2000 2000 2000 2000 2000 2000 2000 2000 2000 2000 2000 2000 2000 2000 2000 2000 2000 2000 2000 2000 2000 2000 2000 2000 2000 2000 2000 2000 2000 2000 2000 2000 2000 2000 2000 2000 2000 2000 2000 2000 2000 2000 2000 2000 2000 2000 2000 2000 2000 2000 2000 2000 2000 2000 2000 2000 2000 2000 2000 2000 2000 2000 2000 2000 2000 2000 2000 2000 2000 2000 2000 2000 2000 2000 2000 2000 2000 2000 2000 2000 2000 2000 2000 2000 2000 2000 2000 2000 2000 2000 2000 2000 2000 2000 2000 2000 2000 2000 2000 2000 2000 2000 2000 2000 2000 2000 2000 2000 2000 2000 2000 2000 2000 2000 2000 2000 2000 2000 2000 2000 2000 2000 2000 2000 2000 2000 2000 2000 2000 2000 2000 2000 2000 2000 2000 2000 2000 2000 2000 2000 2000 2000 2000 2000 2000 2000 2000 2000 2000 2000 2000 2000 2000 2000 2000 2000 2000 2000 2000 2000 2000 2000 2000 2000 2000 2000 2000 2000 2000 2000 2000 2000 2000 2000 2000 2000 2000 2000 2000 2000 2000 2000 2000 2000 2000 2000 2000 2000 2000 2000 2000 2000 2000 2000 2000 2000 2000 2000 2000 2000 2000 2000 2000 2000 2000 2000 2000 2000 2000 2000 2000 2000 2000
