2000 4000
873 1358
1550 148
1389 1558
448 610
1996 1354
1578 1224
931 1368
1972 205
967 1136
1306 592
364 1035
669 1105
147 1229
1069 492
1253 269
240 269
1046 398
1625 1736
700 970
1880 1019
1133 953
728 229
1927 1706
563 1547
1142 925
85 1894
832 1791
937 423
276 331
1713 1526
1324 1505
559 248
649 756
1073 592
757 569
1746 562
1478 359
1218 1078
1749 945
286 1
1400 339
366 1682
962 1784
1998 1204
135 1207
1221 1456
538 908
150 1503
1927 1558
1593 479
1565 79
341 796
1759 1155
876 1878
843 1904
950 532
1026 1324
499 125
88 1747
335 1735
1306 312
1041 696
503 1277
1692 588
1474 8
1373 1043
876 1060
1998 185
867 1082
1169 657
1389 675
38 855
1736 101
387 395
1614 690
1592 654
103 1344
597 1292
1668 1585
207 331
1464 1366
1819 70
267 388
702 1697
1720 1481
1218 713
219 383
588 1186
1492 845
1998 1154
512 1360
351 1070
645 1718
1493 377
233 794
1207 245
1808 1436
181 1227
1216 1840
1484 297
1901 1416
614 1781
641 1211
828 1165
1558 1525
1430 389
718 1434
32 1982
342 392
489 444
1978 1581
110 118
339 264
1467 875
40 1660
418 1264
1524 1754
1519 507
1644 28
1285 778
884 811
1014 1888
1655 1981
1704 1896
28 246
228 960
575 791
1794 566
1167 614
10 223
472 831
1206 461
158 1054
1866 1347
1106 870
1323 1564
648 1471
162 575
944 1114
25 1710
1657 986
1948 1200
1352 1152
236 1322
1875 730
822 863
91 42
809 178
958 556
996 412
310 1001
1248 1336
30 764
1651 1706
1958 1327
1973 1349
575 631
718 145
561 686
1688 1997
1833 1198
116 888
1217 71
1600 1540
1098 1674
1610 1951
882 94
1022 318
1050 1500
450 1022
1863 1130
1041 751
935 1017
1616 1186
1095 1775
874 1080
1189 242
1098 263
64 652
1922 75
1164 145
1520 207
1934 1726
1958 1196
1218 842
610 1215
1594 351
760 1790
226 722
1180 1260
725 1586
1236 528
1217 438
896 922
1314 545
457 707
704 1215
1605 602
554 133
896 156
39 1423
1880 1972
1002 776
605 995
1431 435
642 1645
795 458
80 931
1648 426
478 279
1702 1111
905 639
1008 1336
1312 1890
781 1224
1700 913
339 1205
128 1334
384 116
196 1974
598 312
1063 43
1015 886
109 581
903 1823
1581 426
1272 1266
360 417
1424 1392
1805 1628
1942 622
869 113
1712 1268
1286 900
247 1629
951 1189
1125 485
691 1604
595 914
921 975
1593 89
386 1201
1365 1348
1058 219
321 1641
141 768
27 414
335 2
1021 1520
691 139
123 1442
603 706
561 1041
867 1796
766 1049
1416 1318
1214 1233
442 1493
1234 202
1066 1999
864 940
482 189
1265 289
779 664
1051 260
1924 790
1703 470
141 1531
1174 525
1051 713
1255 476
1653 1735
1120 222
484 48
332 1813
1619 692
9 877
1325 1351
1653 1779
6 1127
1416 651
647 1725
1943 926
1341 840
1715 631
127 1470
65 1983
186 626
1695 885
620 279
938 1697
141 836
1612 707
149 1873
1993 1773
48 810
1824 463
1359 1070
821 1955
1163 1726
430 57
1006 1231
36 115
673 1442
1149 1978
1969 22
94 1921
268 1589
1528 366
1252 1087
1858 587
1900 1045
1471 256
517 1976
316 1822
1587 734
720 1601
1181 1408
431 635
1535 1036
1228 4
1513 746
936 1521
1295 792
1688 1931
458 1844
1855 847
1967 1229
722 267
1976 947
106 1928
1730 1043
1209 590
1232 594
1505 1672
1414 655
660 69
467 1637
1452 1739
1103 348
405 1096
1099 1137
1568 372
1289 443
1365 18
1590 1911
957 963
1612 822
161 659
831 1825
1876 1132
1076 1397
1302 1485
1942 1338
1368 941
1979 249
1861 695
1494 450
1244 614
598 1843
1396 1694
1559 167
371 75
575 1771
1630 223
1466 110
631 1636
1862 1900
1588 1560
881 254
1249 1455
1332 19
1806 226
1356 587
1282 1772
1221 977
862 1863
197 1600
1945 976
871 1421
1923 1854
442 1053
1900 65
1788 1682
1848 557
506 1604
320 131
1880 205
1506 819
1553 1820
1296 1146
325 1475
1879 812
1251 1291
651 1490
114 985
1827 600
858 1312
1906 918
813 1362
668 143
1378 1379
1812 745
1357 1969
307 48
1231 1861
566 368
299 1349
372 531
1458 902
1566 477
61 1967
1670 1464
1954 857
331 752
1109 566
283 1171
898 905
926 452
512 1248
1046 214
1033 1955
640 965
771 30
774 302
675 1580
1798 365
1128 378
275 1103
1843 713
1237 495
861 241
611 49
1134 901
1175 1699
336 692
918 444
215 291
518 1615
1981 576
529 758
831 1231
491 359
1065 55
1964 934
1909 1140
1241 857
1063 617
1841 359
1351 775
1766 1793
1128 1669
1684 320
1081 1329
741 1339
501 1669
1939 306
1520 481
1422 217
861 1087
870 769
1372 1818
803 938
1179 319
1757 1176
559 633
1675 1102
1245 25
760 1980
370 1216
52 1760
675 678
147 1486
491 539
1287 1470
13 786
1300 613
756 200
1238 1172
1073 964
1015 715
1897 467
404 1649
1682 809
1201 283
1491 81
662 1716
856 878
637 517
1184 1145
1239 487
1051 1084
1495 1341
347 148
1396 357
96 166
1494 85
785 1050
1717 860
1135 692
1774 1421
753 482
302 1595
1904 1718
855 444
390 1643
38 1141
1761 508
1953 1655
742 1799
1865 429
763 442
1349 397
589 1711
1192 1420
1199 1665
824 1693
1308 846
214 737
1368 795
887 1271
299 129
1756 1434
1998 619
1608 1760
1757 1831
50 634
191 56
1629 838
616 1212
1199 1016
437 1911
982 894
1876 1403
216 1984
792 1121
485 1521
633 248
1447 1691
690 1436
214 567
660 1599
968 926
819 892
1345 1507
1071 1980
1573 1281
55 1236
929 287
1996 829
19 379
1610 1606
61 1779
89 1226
1501 802
253 1256
1909 1933
1380 567
1562 433
28 1807
1839 252
1208 1046
1501 420
1288 1187
1553 1998
646 1740
1202 1817
1470 222
129 1481
1304 1518
1765 1111
886 721
1945 652
489 1155
1482 222
772 1329
1564 652
158 378
591 983
629 105
1260 485
440 1700
1183 747
1930 1068
1549 432
553 1047
1398 1701
1487 21
1394 1009
1407 1426
797 531
348 1073
728 750
1796 1983
370 1168
1072 1666
740 1303
1841 1459
1562 1682
119 208
759 633
1905 1772
842 1135
1126 230
784 249
1423 1028
1360 743
1441 204
1352 1697
780 383
452 816
69 395
1578 1741
1381 238
865 958
1334 1201
849 224
18 1321
1674 1281
1393 529
1300 925
1103 1366
357 1827
925 1569
1977 418
1892 465
415 1571
1550 867
1759 96
617 9
130 325
508 1248
841 783
1215 1387
1779 1833
1571 485
1609 466
1218 1887
1509 1342
1320 1002
565 1283
1400 1139
814 908
313 1551
1404 168
1280 620
1566 735
356 511
704 448
680 1732
770 844
1128 1679
1028 435
120 405
1387 251
824 513
1561 1154
1460 540
489 412
1034 1541
623 516
829 939
1677 1814
837 1664
1761 1191
873 1386
1322 1149
1533 1228
1524 1000
911 587
1079 1026
1510 374
604 1252
1173 427
784 1915
1728 489
1437 94
1971 1504
1256 994
1129 1567
1472 1970
314 1616
1438 622
477 1466
1748 1213
1039 1036
862 1589
1046 720
1081 153
864 1449
1333 1294
515 1548
130 1879
782 133
182 608
1947 1114
637 99
299 766
1341 346
1957 1678
1196 1678
120 980
729 1419
1795 593
732 1067
1679 378
1010 305
337 610
63 641
1042 39
456 1907
1822 211
533 538
1591 102
669 8
45 1045
591 350
1233 25
1986 360
1047 982
205 1200
1320 1753
669 1656
649 1759
453 1372
726 1765
1838 1334
343 159
253 918
1323 1417
23 1500
1174 523
1363 535
451 1006
1741 570
1472 404
1198 1994
734 12
763 62
229 417
1756 1564
237 1233
689 144
1035 1925
1609 1040
647 1515
488 1768
1772 1513
1602 1988
1301 1091
1519 473
675 1362
1815 1991
1895 636
1476 1725
674 201
698 942
488 1835
1760 1544
1694 1926
335 834
1066 1475
899 421
962 131
1749 775
1116 336
1259 788
1239 192
1404 732
461 1842
1714 1713
1554 1076
1703 1746
148 1461
1664 788
66 1304
413 616
551 1693
1597 1788
826 1208
1072 1448
1531 1658
1668 655
881 288
963 190
112 39
738 919
1176 1173
960 160
865 572
1362 1190
934 1130
955 79
491 287
514 1541
177 1960
1288 1165
1210 1483
739 434
320 922
1302 1935
617 876
1123 1017
1313 872
1168 1796
720 1619
627 532
1832 824
676 1465
1428 421
357 663
349 26
372 1861
213 272
1810 202
445 642
136 1468
1801 1929
1041 548
585 1562
27 83
598 928
1896 238
1850 44
1532 103
1714 1585
1200 662
1542 1113
17 879
363 58
1063 98
1321 892
958 1429
1888 1226
831 1242
1698 844
1407 349
615 83
1620 1186
1289 669
137 1273
16 91
1111 1584
661 517
914 892
1151 864
166 1895
1033 1474
760 464
1308 1093
1793 1617
1414 113
383 901
413 1520
1330 1284
1263 118
775 19
1553 1783
971 640
453 1170
1061 1950
1266 1828
558 1278
1426 311
679 286
1879 427
226 1997
480 505
781 265
1896 249
828 51
731 1429
1825 1605
569 718
894 462
1200 1000
1297 1682
145 298
1692 1531
1961 438
389 1906
568 692
1877 1768
1530 1119
1440 1689
584 146
166 271
1436 1665
836 1191
1783 1281
702 1152
1499 191
1179 1899
525 1438
1796 65
476 1090
1002 1961
1451 848
1691 90
703 1731
363 943
1486 1898
592 1147
1868 124
692 1744
1871 200
1919 1257
1923 133
1437 977
1989 1895
1004 1588
120 1622
682 533
1182 781
1202 1818
70 823
207 355
415 1858
1577 221
188 1997
1412 823
502 399
196 493
1852 1211
942 284
27 115
1849 295
169 1520
1040 607
462 1780
1245 1133
474 411
1256 144
33 1860
64 386
569 1112
1245 822
891 805
1821 1650
586 1224
1040 436
824 80
1212 1107
1089 90
42 460
1792 850
449 1261
360 883
111 1818
454 1232
723 431
31 1668
166 675
1450 548
338 1878
935 541
1323 1733
969 160
1556 1188
1136 1874
1271 1425
1789 250
751 382
1548 1426
87 186
1527 1526
1318 350
1942 1596
1024 1038
881 1036
253 513
203 472
1251 756
324 1029
332 1741
260 13
1484 672
134 946
234 1806
951 210
1304 109
973 1982
1592 1400
1249 931
803 1290
798 1018
112 18
864 1742
140 942
376 791
728 593
1709 576
1353 79
34 991
1294 1526
1258 974
1579 1310
17 86
1927 1531
1003 527
884 531
1881 1129
1396 1903
994 689
1082 1235
1198 1499
1240 763
1090 590
777 1792
967 1609
1531 1274
1568 1054
106 1792
70 1808
1166 521
1454 186
1626 1973
609 835
455 996
572 1545
1555 979
1910 1087
1496 453
435 1914
1597 1658
983 1154
880 31
663 972
24 1553
201 392
1728 412
1158 77
1575 123
1720 459
1061 1851
1184 1640
690 1227
1461 347
1974 1892
1696 669
1965 46
1270 490
1064 1491
1568 806
1608 1299
1498 280
868 1044
1964 609
634 423
1964 1474
771 1252
1357 424
1429 1942
913 35
1970 404
231 202
1283 298
1312 577
1929 1936
220 1449
1813 1526
263 941
1673 1464
389 1085
1602 976
1013 553
1732 1161
1602 1834
756 467
292 1395
53 962
135 1082
1049 1349
1874 1451
1689 585
1484 79
176 1962
1226 1063
276 752
839 1182
202 466
1813 684
1409 912
1453 57
1030 1671
834 1018
108 1085
1254 1595
362 504
1009 985
1385 100
1226 1002
306 1138
541 1428
1355 1690
22 1286
947 1108
133 1392
1827 1530
1839 859
600 45
954 705
656 901
1677 621
612 1030
1546 1668
1375 946
1554 201
848 1596
317 1234
1788 376
954 1195
363 926
1577 1008
872 464
1446 202
1012 1963
598 891
974 1560
810 307
124 1689
618 122
366 1297
1149 1795
430 60
1314 1829
1056 910
890 531
489 47
965 349
1886 1428
884 629
346 1305
1740 1317
1296 515
308 1032
421 59
1573 1885
1815 1890
1327 201
1937 591
1339 768
1445 1956
1927 505
109 1667
973 502
844 477
1388 1894
1705 1517
315 1102
1473 239
1235 1577
317 337
884 511
370 1498
194 1407
694 1775
513 736
1214 1427
54 1195
1875 1264
1016 153
1262 25
1920 1841
1302 919
446 749
38 1370
15 1549
887 1315
1072 1613
264 1764
1268 157
1453 645
887 552
1903 770
1574 1876
554 1424
1043 189
1538 1559
545 1829
1437 1001
522 1183
1896 1491
380 44
1937 1967
1232 1238
1588 1015
185 2
1228 1572
670 1721
361 800
564 1947
1811 1023
341 404
979 581
1698 297
135 683
1548 191
1692 768
1653 1833
279 368
21 457
1083 1573
383 1816
439 1838
707 1710
1488 558
579 100
1972 1315
1536 1763
1724 29
160 666
61 1937
182 551
1744 1144
630 213
1693 1050
933 1706
355 1883
1732 1277
1824 1314
728 364
1760 1013
1905 468
1014 1883
1109 1133
268 621
1683 1664
49 860
656 739
593 1650
899 1017
136 15
526 521
497 1697
1184 742
803 106
701 1865
96 1617
293 1408
1589 820
1939 755
1698 1387
16 1511
1919 1335
120 1598
1630 397
1314 343
334 1445
1124 1715
1408 1388
376 1715
1473 1369
90 878
1315 1389
293 1641
1601 1267
22 1019
1313 1830
1760 831
43 315
750 104
1177 1756
1721 1502
659 38
275 216
1748 1022
1982 627
996 293
1187 414
905 1835
1377 197
26 971
1030 468
1346 1667
482 991
1645 437
402 835
503 506
34 471
473 1380
349 971
1271 654
855 1141
974 446
123 513
292 1012
453 923
766 365
1237 940
321 403
961 800
461 1753
1462 570
1765 213
1665 296
1826 846
1982 399
1167 1745
1457 180
949 1265
1793 782
767 22
429 1086
1594 579
151 783
1367 1754
638 59
367 984
1636 1929
1663 715
1782 13
1623 1634
1118 410
823 1801
1712 1578
1610 523
1694 1236
1912 1866
420 1512
1515 1749
1427 380
1783 1083
314 393
789 870
343 524
1837 303
862 1160
1575 205
194 961
213 1931
1901 751
563 1065
1375 822
1270 246
1932 1256
385 1336
1961 71
14 1913
1268 453
430 163
57 1767
1827 1025
344 1537
338 1960
1801 957
665 443
1576 1171
1458 578
1026 827
737 1076
919 27
1077 256
1862 1948
298 952
479 1751
1045 150
1854 293
703 1036
1214 371
1939 1088
656 1725
418 976
920 94
1571 1815
1073 1147
324 1871
190 1726
915 1030
1631 1196
1716 895
1537 378
464 444
961 1522
173 1048
1136 1451
1616 1080
548 751
1342 1477
282 852
699 1893
721 1015
1678 274
1854 322
210 629
491 1748
1877 840
701 264
752 1131
1416 833
280 418
892 1924
1797 564
1771 1618
888 1960
723 1170
1533 1959
1259 294
1745 760
1432 993
1459 1022
960 1024
178 1014
1074 951
1950 975
1053 902
175 1912
1735 512
1050 407
677 1638
1540 1399
723 1345
1626 1857
1952 1689
1033 304
1687 200
1757 8
1217 1809
428 1640
1525 1770
247 1600
192 487
820 1710
1502 1953
1488 1040
588 1848
216 407
733 1384
1340 1634
1493 76
58 269
761 1538
1604 1868
228 330
223 1150
633 1383
1379 326
1309 1741
981 955
544 1220
741 77
1411 439
715 1615
370 902
619 1106
302 1663
972 339
301 143
1058 1141
1782 505
660 1117
1796 1329
1317 1675
997 731
817 1996
656 164
1908 1809
1823 806
1614 1357
162 152
1612 134
542 1088
1306 1073
1373 398
963 1934
1433 1509
1644 2000
94 508
578 1310
345 1720
963 345
1079 1405
1660 404
484 235
1104 1755
1561 1546
706 200
856 167
374 1100
655 678
391 471
730 681
854 90
333 158
1476 1244
1436 1262
873 532
395 375
500 1617
1332 630
1911 243
1681 746
977 963
1260 1791
1 1068
1167 1929
293 388
1222 288
1086 920
147 1508
890 527
1395 626
724 1243
676 1424
1495 679
432 485
1762 694
1300 1569
1886 1243
420 1279
1103 1961
138 433
1519 1072
1012 693
1938 1947
1465 236
125 879
1138 1954
1065 1969
1498 73
1285 1556
978 241
1873 1965
1672 256
1172 343
754 1936
617 1960
291 278
1872 1342
985 419
215 879
46 1265
705 306
1858 1034
611 159
1963 1931
1790 238
1874 1810
1139 1592
198 1602
1845 20
1167 1287
220 106
381 458
75 152
785 1576
429 1851
1394 1034
1783 1292
1590 781
549 1472
1017 1213
1185 1582
1188 1680
820 127
1266 1197
1807 984
439 845
1776 390
1297 1658
447 1498
830 1709
74 1859
1451 466
1862 982
770 799
460 681
890 903
1173 117
1233 1375
1005 682
359 1022
24 1725
769 1476
1367 1598
1144 175
1160 1535
657 808
1327 523
883 696
1444 1554
1086 1426
211 1185
1155 1509
1396 619
894 1374
78 999
299 506
717 394
1879 1999
1810 1639
1825 852
269 904
97 102
1443 1339
480 1697
1149 1121
1794 614
737 1690
1391 1369
832 486
1223 1559
698 1077
1037 1799
909 1941
1758 1405
255 181
1416 755
257 1557
575 1636
1563 1599
1122 1383
1817 557
989 1950
1752 1855
1851 1288
1096 1738
874 703
788 1683
1457 1360
1764 1026
426 1350
832 100
1726 187
1465 453
1986 1216
1925 1490
1063 443
765 1968
1412 258
723 56
847 1812
710 1477
1555 581
280 1305
1233 1068
1802 1988
1290 1189
1348 1762
844 736
1824 545
450 218
903 1582
1654 1208
1282 1918
1478 1972
1275 524
860 408
1247 813
1947 16
1514 500
146 564
1661 1203
1290 1466
994 158
263 1868
1187 990
1705 930
220 752
1769 173
1228 1959
1861 1771
851 209
212 1547
334 1735
1696 479
54 1518
1729 422
693 750
1940 1110
1669 333
60 765
175 1619
672 428
1343 534
184 286
1348 1859
6 1427
1057 1955
2000 591
1630 371
799 687
509 1895
732 696
342 1678
898 1440
1875 418
610 606
1681 483
665 1888
1994 289
813 1180
959 802
1232 861
289 438
1361 131
1175 199
1026 1045
1845 368
1341 1522
1216 705
1192 1909
518 1099
1277 1530
671 660
478 319
942 1746
1276 7
1355 193
964 1884
1639 1591
1193 1323
150 50
916 678
158 1537
1661 1523
361 947
51 1499
956 364
106 928
1051 1193
353 275
39 1662
1756 173
230 1294
589 1177
1528 1297
556 222
993 547
1236 556
121 229
969 949
1061 12
168 526
1829 825
327 1306
153 164
1976 815
844 459
330 385
1097 135
1695 1203
1627 1005
892 1504
510 817
408 659
1430 12
260 1522
1917 574
66 1394
1406 1029
1134 586
1277 331
333 503
287 1081
1003 1101
1261 1611
1636 642
1326 1009
712 1320
1239 1351
1475 1398
310 1257
514 394
463 989
1261 948
114 1326
725 1148
1174 293
1311 557
1176 1462
1691 1642
61 1508
1865 1128
1371 219
713 1428
461 712
222 1667
718 792
237 670
1745 1708
121 696
1504 445
1084 708
828 68
1542 1249
442 1730
1392 530
594 172
982 585
365 1054
1448 677
93 1641
811 414
1869 1087
807 1992
289 1599
1624 45
1459 1395
5 562
1978 977
1832 314
984 981
1556 266
1555 1357
1210 128
1258 749
1597 366
808 1574
1159 695
167 304
668 1402
781 1456
825 1238
615 1702
763 972
98 1059
1297 1887
828 1833
681 1056
813 1791
939 1187
916 1087
692 1981
99 235
1997 1814
1079 273
1248 1768
1959 487
260 786
1620 983
1036 1194
1056 1938
113 599
1894 232
17 1122
1891 385
153 50
429 1950
579 601
1152 781
1410 1892
906 1029
1430 1378
1286 1912
449 745
440 111
748 1105
1266 909
434 691
494 804
60 492
1793 659
8 934
1204 1471
205 1271
847 1261
72 1614
471 1293
954 292
1131 1957
1116 295
759 651
752 550
486 796
1929 1978
1759 1724
1004 721
412 360
1569 1708
1211 1335
917 1068
1249 181
528 1265
1275 1695
670 1200
737 918
1076 266
1274 1804
1268 1129
1601 1463
439 284
1686 339
1832 393
1595 749
1864 1566
849 1007
1166 1541
1924 34
660 1989
1719 1973
186 438
867 135
1926 1379
1954 1508
1819 1856
527 800
1597 1528
1636 783
1546 551
1419 684
82 1369
1992 300
1019 1796
1665 1984
1564 107
270 1366
290 699
1250 217
394 18
1838 1490
1655 716
962 1833
82 309
876 888
521 560
765 992
1995 612
897 488
1513 1710
1086 1950
802 420
1782 373
1913 1916
1423 1559
1840 473
1922 1497
1156 1430
1989 509
1330 297
351 1373
1678 1040
1126 410
1987 345
1902 1845
918 329
1460 483
379 1006
1867 398
838 1829
19 805
176 1295
1988 1834
1415 1404
1747 1184
1441 453
1283 1009
53 978
627 517
523 1678
1621 1852
1476 377
1282 1762
1795 1038
992 1714
932 1344
189 1528
1523 1115
1963 1319
1421 1661
482 769
344 143
371 140
640 1280
1309 1866
956 1650
494 1344
399 815
1767 980
1056 1511
1248 334
1331 575
1576 346
184 542
1557 1992
1688 1386
1705 1219
50 929
1346 328
885 1275
1398 8
154 662
838 1209
27 1061
1470 872
1862 1566
18 915
356 1421
1820 1134
1443 509
815 1631
1023 1324
546 1761
894 1309
450 1803
38 444
1945 1452
759 1889
1775 519
1628 943
1209 1031
1699 1012
742 1037
1131 1868
153 1503
810 1260
1692 908
329 737
1501 1512
1732 1467
106 1349
1868 368
125 1765
1438 566
953 350
345 957
922 584
334 1036
1638 1072
1089 1914
1561 1083
313 254
699 1387
359 1632
226 1098
1450 686
899 541
1338 1551
1103 1441
307 1135
391 953
264 1921
1169 553
973 661
538 793
1283 616
1734 963
225 675
1696 797
420 516
1489 841
1186 1080
300 722
664 1140
567 72
111 1372
1664 1259
587 33
249 129
1696 284
455 1583
299 1928
412 1583
1431 1447
613 198
281 1742
834 1949
104 1384
1223 208
1240 349
1784 380
283 1719
964 242
1191 405
573 848
589 890
1831 188
1933 612
1420 1708
402 1777
1769 1048
261 816
98 44
130 1033
1425 887
138 408
1908 1676
2 1187
1881 143
1637 1143
391 1738
191 635
1169 1892
437 57
528 301
1285 54
690 398
523 348
1797 5
1123 1251
733 791
1988 1945
1914 1632
1574 605
1998 558
1165 1808
1640 1805
1100 11
807 722
462 1589
833 335
1941 1828
1631 201
1456 1182
658 215
1115 1534
984 857
682 1685
1892 472
1353 137
161 1617
1729 1906
1935 1347
1468 1991
1008 741
732 1401
1367 1394
683 987
255 35
904 1276
1470 1313
933 1697
551 1300
1360 1825
571 1593
104 1925
1860 1356
1488 1625
908 793
138 1562
613 1553
118 1512
359 93
464 1192
758 1533
1456 1265
688 1243
508 1026
1970 796
1370 1433
1931 1365
1766 427
14 362
1467 1048
1171 1305
1538 747
132 1369
1076 465
1995 1260
1722 936
1789 482
1498 1080
825 919
1555 582
543 1005
1793 96
523 1884
1852 1437
1064 1381
1088 691
673 1876
482 1786
893 200
1514 1713
1170 384
1083 869
343 1514
324 1479
1737 1870
818 943
1671 351
1751 443
591 1653
1592 1936
897 898
321 93
1695 72
408 1766
247 184
1867 657
87 1237
1624 1909
906 1291
1101 1331
96 1155
814 409
9 116
178 1816
975 2
1699 626
410 978
1239 1151
739 1268
1557 858
557 516
220 558
1945 1429
846 1723
1326 419
846 168
1229 1987
1301 461
1901 643
1939 441
1978 1221
383 739
1449 1096
965 1229
52 831
902 795
804 1786
1016 776
24 1601
804 1479
1194 1623
1332 1760
954 247
657 495
1999 295
1842 459
1062 1410
1647 592
800 1696
1098 1083
124 654
1249 1737
589 1537
1231 396
674 274
401 1097
1377 537
982 831
1174 92
1713 761
149 1652
1411 1448
1449 405
1420 631
336 1800
1617 1487
1711 941
1404 86
496 296
1350 1014
1065 102
1815 1118
50 1329
1735 68
1426 1408
1328 1693
1270 1454
550 519
151 1738
1864 1561
783 497
1817 1623
925 551
1177 1769
118 915
285 309
974 749
686 751
1466 1978
346 1848
1981 859
649 427
874 1487
547 744
1572 758
68 1956
1434 638
390 28
755 945
1212 1596
351 1825
1567 997
1431 1021
1072 1696
1667 889
624 1400
788 206
971 375
916 156
653 76
1962 1250
108 1250
1879 1678
1293 391
31 139
1932 994
1241 1807
671 625
1755 26
809 962
777 348
1565 1284
891 1066
1731 1194
235 256
739 1568
1420 1816
1917 1032
109 424
55 1199
733 450
120 400
35 1227
1650 1384
1288 920
1704 1790
998 504
344 490
1073 312
196 119
1685 814
1872 1686
1724 57
1801 1581
502 947
1529 35
1412 240
1000 1618
1652 1265
1786 1618
1413 1159
1921 1305
1028 630
426 1517
1419 286
877 481
667 1453
310 63
355 223
424 1283
1663 886
1682 1052
574 753
565 114
829 414
826 1796
1752 1741
425 1904
1620 1616
1422 193
1441 655
1233 946
1154 289
331 1353
445 228
1405 1269
591 570
1446 466
215 726
1543 1163
326 1926
746 200
1943 452
611 1252
771 49
332 84
680 1102
1930 1224
332 323
1929 1221
1791 394
1809 961
1781 1391
1331 186
1928 270
1934 146
1222 1979
1933 1069
1152 938
1743 571
382 1450
1950 1418
1806 300
266 138
80 1199
1979 1621
244 501
1921 836
596 650
1055 1081
1132 935
626 41
704 1234
382 83
620 368
729 1497
1123 944
486 1096
863 1334
779 638
277 1061
1778 1238
1117 644
724 1524
647 603
48 1378
953 471
315 1012
1051 691
1903 1284
1272 733
1198 697
769 1738
215 497
117 612
1709 400
1454 650
1362 803
1736 1040
794 1555
1432 1516
493 1157
1003 913
740 62
381 195
11 1055
956 1925
1422 870
595 441
1184 1175
1666 1345
241 34
551 224
1452 321
1944 1781
1116 1190
1094 1481
385 1094
1973 1641
1908 952
1460 1808
832 810
814 533
1502 1436
917 586
77 47
1466 1591
701 1851
272 1666
500 992
317 469
1866 900
1202 1160
290 1254
677 28
121 1390
1311 1033
1519 727
1975 261
697 527
1027 844
1844 36
1038 785
1882 585
171 987
368 1179
850 1545
374 1317
483 1901
1615 1985
1594 1871
40 529
774 708
837 1683
1099 581
510 1996
262 230
578 76
525 1977
789 1087
536 932
924 53
1277 357
496 863
1657 1894
1672 1712
1822 1779
1685 793
1291 1415
1169 1351
165 1856
1225 1019
231 263
1651 938
1939 841
878 896
1590 1139
182 1343
1439 1399
1213 1959
1366 1208
21 1052
1602 921
231 1131
1828 1197
280 1264
58 1863
1771 1306
992 1376
684 1707
627 49
311 129
79 560
137 1051
1607 1392
1862 472
394 1228
1797 1694
81 1790
1196 674
413 877
678 444
763 1441
1686 1163
1633 1407
1044 1360
1742 940
194 640
1723 1388
1920 1680
1621 311
1883 1219
1119 663
258 1642
143 1496
1025 503
251 62
1311 1246
1124 347
923 1441
860 1968
1864 1466
1059 685
1340 1913
1178 7
316 1018
1328 736
463 1969
1437 1119
1598 117
1364 853
1156 1672
802 53
1405 1220
1733 1882
1744 568
1675 1442
1887 1340
950 1314
1213 1111
528 1552
712 1217
1328 513
1436 237
1467 1742
1627 595
1131 919
264 1082
293 1918
634 1280
84 325
532 1113
1847 1586
1967 971
954 928
1867 1614
338 177
740 798
149 1604
900 1912
311 652
1329 1280
66 1746
544 273
1813 799
1764 1921
732 245
240 323
1081 150
1266 263
1190 286
992 1853
1314 84
1629 522
1566 321
195 1080
484 1775
1555 1557
893 603
1331 482
803 1189
1463 1804
197 1342
949 528
2 789
1017 1292
119 4
1785 200
1472 796
25 946
909 1585
672 692
1634 293
1132 1123
355 877
697 950
1719 64
465 1432
864 281
1376 1713
1553 1134
758 1959
1102 344
536 713
701 1288
259 1625
110 1030
1982 1990
644 719
921 736
294 206
51 1779
567 1013
16 377
219 120
572 889
57 462
1966 607
742 1671
1798 766
1228 729
1755 570
416 1776
197 552
1042 1863
1195 1917
1572 1393
1246 167
122 1995
873 1070
639 1374
914 1054
67 1900
213 1613
1893 271
1246 1157
1943 775
893 1290
277 112
1480 216
1777 934
48 552
1862 159
782 1660
580 540
390 394
1780 835
1108 1976
151 162
162 1846
1496 923
849 1546
300 226
1820 1727
1318 1109
1683 1201
1768 1208
1594 1799
562 1304
447 1408
1991 1749
24 1785
972 740
154 1611
964 1147
1436 553
309 239
736 1604
440 913
1084 290
749 310
959 122
1079 87
1937 1142
1538 1331
14 954
683 37
921 461
724 1178
438 611
1971 141
1365 425
985 890
1480 1931
930 1124
1686 826
79 1698
1286 1491
1303 1529
1733 1339
348 381
422 1523
1122 1490
1502 495
1907 107
1554 1196
688 1382
608 1569
354 277
358 311
1316 141
617 888
589 653
1177 143
850 546
988 1200
1935 1120
292 626
27 738
1442 1185
1043 236
1513 497
1631 523
1013 393
1304 470
604 1910
1623 703
1384 364
1349 1125
93 718
720 450
997 780
787 821
1806 858
645 651
1687 603
89 227
1187 1162
1581 977
1248 78
1144 568
432 441
601 1923
927 30
400 1603
784 1984
1537 333
1567 176
1158 1770
401 1061
1392 1473
1434 1909
1172 904
499 197
783 376
1135 771
1161 937
540 322
924 661
901 1553
1462 1757
1069 530
1633 1408
1101 404
1869 1135
978 1946
1080 193
1270 1463
1117 1550
924 293
600 1547
1381 1790
1506 1331
442 578
1543 1720
419 565
670 863
986 775
1765 879
1089 504
1842 602
1285 678
219 1997
381 1146
304 754
1403 1327
1348 1979
406 1578
333 1475
630 17
1969 95
1563 1758
793 533
1926 780
1478 1621
1367 1766
1994 1605
490 102
247 537
353 1125
1150 414
304 318
287 1900
1368 1570
1165 1123
557 1591
1321 112
1853 1527
1853 1713
1197 909
1602 453
1177 207
325 1701
654 838
1392 40
1673 529
755 1487
363 1889
1284 1964
752 888
1968 813
1925 1821
1332 291
1857 386
927 1391
1326 1283
1809 565
128 1992
1630 1002
1328 975
1363 218
1340 34
1414 1818
533 1206
1222 1270
957 582
947 1393
1584 452
1706 333
398 1739
285 1515
1695 1218
10 1107
789 716
315 395
179 648
1380 700
852 869
1116 1971
830 24
714 856
1846 73
1128 333
1107 339
291 1613
1771 1656
250 75
892 1239
1425 890
1121 176
835 1130
272 1095
1698 373
353 993
124 263
1414 361
1478 736
1504 71
1230 1718
1681 1165
761 192
1185 1249
1715 151
1606 770
769 614
1701 159
1892 203
1507 1666
454 895
124 506
1043 1646
112 1799
1851 470
1587 1265
1274 1463
1093 1486
1737 638
1751 655
1689 1401
991 1803
1742 970
1450 561
1061 1872
1874 202
1008 797
765 1717
1019 1511
1877 1625
55 358
531 1711
1232 555
1944 656
400 688
1661 1067
451 1831
1767 1688
501 1019
1067 885
1302 115
1230 520
1746 470
798 1303
484 519
6 895
1178 1841
1736 115
565 1352
631 791
763 1949
727 998
1750 240
106 94
1310 1265
1791 552
394 1916
580 744
217 340
1950 979
1464 164
1412 1751
26 1395
1001 1402
1558 25
846 667
481 616
772 97
1750 1945
183 1144
971 1860
188 831
241 1865
1331 485
1686 10
1119 600
914 1773
1204 570
651 399
704 872
1146 1654
959 420
779 1211
237 1721
861 67
1673 450
542 1540
655 800
609 1130
1464 1106
1728 174
1486 1956
1654 270
497 99
965 1060
507 32
1488 1190
365 1189
1065 1868
1740 221
747 1629
599 1083
1635 243
157 1112
1984 1677
291 499
1736 1966
1548 431
222 1850
265 323
932 695
437 833
590 1176
1073 996
295 1686
59 1114
1173 1793
132 1391
454 241
1130 1474
259 1643
421 1889
1137 1985
728 1117
1303 399
1112 37
696 948
1844 348
1114 1779
179 966
422 1115
22 575
1195 363
1193 1417
1998 1755
132 1472
1380 32
1273 1094
787 234
1872 855
1369 764
535 67
1355 1422
1296 56
714 1292
1031 1538
881 1099
568 986
1255 841
1918 573
1062 615
1884 13
163 765
1603 1410
532 758
862 1640
1539 633
1927 600
1222 106
540 919
618 521
882 1469
1847 782
1634 4
892 103
194 1851
1095 624
734 108
678 1558
175 1380
1712 142
1162 185
1490 248
673 1425
326 389
914 93
807 1806
940 970
1147 327
171 757
396 833
606 469
994 1118
271 1190
76 1564
712 1301
1243 1904
1412 70
941 1486
469 1249
709 138
1330 478
379 86
1745 46
811 356
498 1189
1587 1574
1535 1039
621 407
1683 433
1404 324
878 1632
1975 816
358 784
1890 689
206 1259
1153 741
494 1618
1515 8
1112 1137
475 1875
856 754
20 253
1861 1413
41 1606
1389 40
687 1068
1278 1625
392 554
1241 1138
1814 1130
1038 859
687 684
830 661
748 93
878 591
819 395
606 1215
820 514
777 1290
1727 1760
960 666
545 1299
1552 478
530 451
104 1821
1540 197
1579 46
912 1659
1595 708
1918 1015
802 1847
1639 1446
1205 1980
1315 205
666 797
1225 244
3 1556
1122 1539
929 150
666 1929
377 1244
1666 638
217 419
812 1922
628 475
1674 1885
1054 321
1298 1347
1470 762
183 1619
1109 1340
1025 1624
957 1481
1518 1787
1640 1032
276 550
1164 1962
397 170
1843 432
432 1344
1726 564
1145 1175
1723 520
539 1075
275 989
1225 1796
1361 711
1565 1698
684 805
581 1357
732 1304
1992 804
1909 1737
1429 845
725 694
981 1949
166 1184
1571 647
1153 797
1250 1422
564 1894
1933 1086
218 1080
1884 649
369 931
1684 1792
160 820
1240 375
1656 945
177 1856
1887 1913
544 1757
772 596
1298 881
1334 456
1644 1936
467 1265
105 1074
711 1389
1489 476
1148 24
773 710
322 685
1647 1415
1136 368
478 1179
1754 1178
534 1577
1078 4
630 125
329 20
1652 1579
693 188
951 1543
928 327
1124 1307
1811 1727
571 665
4 1916
545 1006
912 1518
781 839
219 1364
475 909
1107 826
1789 18
303 1847
607 652
1491 238
1779 68
428 1805
1246 597
157 1048
641 655
2000 654
1882 555
138 1380
513 1894
868 1267
1756 157
495 214
916 271
1156 547
1979 801
955 760
1358 1172
1023 449
1503 634
1727 1353
1348 425
772 301
911 23
1480 1953
999 1877
1055 646
105 511
1601 94
1470 443
1717 155
1180 307
1156 1125
1090 1831
1324 866
856 1713
1587 1481
308 643
387 595
887 1792
896 271
28 344
1493 1458
508 1803
1083 1281
654 1590
1932 261
55 528
450 1046
352 743
233 910
121 267
525 730
104 566
1190 939
1838 128
121 360
268 1979
280 1772
997 1050
830 1061
1750 839
690 959
1525 1918
814 538
1343 47
709 1227
1006 521
1195 1933
1522 786
199 1110
479 273
1901 1450
1355 1494
955 1313
497 1095
180 1825
649 1766
548 934
154 285
675 1118
762 1069
607 1023
1846 632
92 293
1667 1024
509 557
511 544
1006 530
10 1140
486 752
1008 411
284 715
549 1970
976 1995
1439 542
1815 1507
232 1953
514 7
1838 853
767 638
1889 1714
891 1497
451 612
126 850
578 220
1647 278
175 1744
1659 67
1622 980
1478 887
195 270
960 1993
1168 632
416 882
79 1606
511 1478
1458 1240
719 671
517 947
1248 1459
1319 430
493 1042
111 724
403 1604
1961 1202
248 759
1465 320
138 1959
1151 174
279 319
457 1217
134 1307
1757 1090
1965 1012
1915 1222
761 1373
1093 1477
386 972
1027 1330
638 806
74 1963
523 138
1634 998
815 12
1767 1148
1053 1493
592 964
1565 638
1275 1622
1617 427
73 790
340 242
1491 374
1372 741
968 1010
1590 558
1388 242
1136 202
107 1483
65 1019
624 262
156 1550
127 1143
1354 1906
269 919
1214 1051
1881 142
1952 433
1648 1307
207 169
354 990
1166 3
1591 1016
620 1552
824 736
250 1653
446 1560
1390 1728
318 754
299 1116
1672 323
129 1222
1660 1077
808 1579
917 1003
536 1646
1348 1875
1197 1693
445 1911
903 1305
897 431
1368 1661
1455 583
138 1124
1130 402
1395 41
851 350
1315 1478
1472 1101
1289 403
508 140
1670 1794
761 15
226 577
717 990
415 746
1548 1127
1549 725
1367 1155
1002 55
679 1557
1537 1623
716 172
1143 734
809 489
1252 1084
526 1904
223 1162
1020 1339
502 155
1317 534
1465 118
225 1092
23 1305
423 21
1419 1022
1106 1738
474 1020
1055 1804
563 157
1826 1382
1252 880
602 565
1358 524
1820 198
1461 1082
48 1247
1161 1037
1885 1281
1356 1858
332 1325
1221 1817
1158 622
290 302
1971 243
1247 552
1451 1681
1298 288
881 1347
5 543
1453 1393
1191 1641
323 386
229 394
1235 534
1986 88
1695 1570
668 731
303 591
1561 735
1131 506
907 1479
1203 982
1084 251
594 1244
1020 1153
1657 835
684 1837
1529 981
1001 1852
209 1871
967 1448
40 1385
479 1353
1860 911
155 1836
1195 58
847 1583
1373 1614
1546 182
1077 1551
1122 107
1241 367
1475 159
939 118
1698 1903
1774 890
1496 954
1092 711
1012 1395
672 986
1773 1455
1860 1858
1621 1730
376 151
1379 734
1621 1915
611 279
519 272
812 574
423 1675
1398 363
1269 1758
238 375
204 384
653 1381
161 649
995 436
1648 48
991 264
1062 1800
463 1984
54 243
1582 1337
1796 244
1203 369
1341 1898
298 1363
1902 812
267 1568
933 1347
207 1021
1176 1090
778 266
44 290
1934 345
876 116
1174 175
1322 1253
1049 1278
1316 505
67 1739
1792 803
330 211
863 1262
503 1822
1826 336
455 802
1480 252
827 1630
1444 1631
395 443
1756 652
103 1506
1140 779
156 1154
608 1526
312 455
228 1795
1778 1406
424 979
1472 1649
1293 187
1955 57
515 1507
568 1309
667 549
469 1215
164 779
1286 1866
42 910
875 281
859 658
434 731
1342 1058
1212 1071
253 1057
1678 201
543 619
1243 1386
1214 125
1660 1424
592 312
1444 1957
245 1990
1536 758
1858 33
624 1113
1500 1305
1673 1794
1934 584
59 899
1105 321
1292 1207
363 862
697 1578
871 941
187 1438
1370 1141
363 428
1060 888
1986 1940
1932 410
1886 1114
439 475
1580 1361
1425 1709
62 290
1890 1468
1053 1362
1788 1658
1987 1142
1594 1671
629 356
1302 36
217 227
279 1804
966 1387
476 306
1816 1662
280 471
159 1398
399 1168
507 1479
1216 1519
1088 841
429 1418
1722 636
1855 1440
664 95
928 455
1561 271
1544 203
422 850
1097 1865
1480 830
1646 1088
385 1273
130 1041
323 1830
240 1054
695 335
973 517
1748 539
970 698
1531 480
1371 1837
1905 1263
1149 1962
783 791
189 1443
33 911
1532 1843
773 1333
1011 137
1611 1281
1920 54
859 1655
1941 880
439 1072
676 1397
72 1452
939 468
1943 83
1170 223
577 253
57 1968
406 1495
1490 1912
1952 1882
232 267
311 1610
153 1280
833 621
854 1914
1650 1035
266 907
301 498
801 282
1835 1374
126 1227
833 1231
47 622
1048 397
1336 1018
352 1272
1739 657
908 1206
1491 1790
269 1641
842 1634
1214 1994
29 1386
1990 904
846 843
861 1009
1786 907
1366 1139
1814 693
1987 1099
1521 1443
102 498
1611 988
382 548
588 623
512 78
1111 305
862 1920
1976 1990
1895 866
1144 728
1524 1243
1289 772
1197 691
1530 1624
1988 976
1252 1592
1140 1870
1637 1332
643 818
1911 1407
1387 1133
658 1384
1638 628
1991 1126
576 658
1814 1724
1485 27
1687 893
173 131
1181 447
140 679
1351 809
699 1084
203 1299
635 655
1841 1075
1726 1734
1186 1487
1807 1595
1990 65
186 1456
1492 77
1647 208
1152 1494
1808 280
201 342
394 1193
174 136
1435 821
1730 1053
560 762
938 1791
1364 107
1845 189
1915 852
1230 667
1256 410
583 1337
93 1054
33 1356
846 1911
652 76
837 1259
963 1901
1323 1011
1743 227
160 1024
427 344
1387 1610
668 1335
1757 1299
1995 1515
1733 1193
1501 1279
347 1219
433 1535
778 1166
732 555
1233 1081
643 871
685 1469
1642 165
550 220
1690 1007
1849 1951
1077 749
454 1536
499 994
1787 3
867 638
1272 1046
139 1266
974 1015
1207 637
1087 1504
1591 969
1650 104
1506 1532
224 925
1725 820
760 872
241 1830
295 1516
152 1922
1855 1835
492 1875
1473 1175
1213 1889
722 104
273 563
1662 459
218 1763
143 1065
938 702
783 488
298 1676
1789 1902
1298 1120
654 573
453 1705
332 1127
1761 850
1802 1602
1594 209
920 69
69 625
685 1168
1385 554
339 1439
1887 1383
905 1843
1589 1035
325 215
780 701
884 210
1222 268
1993 1185
295 676
1 1682
1990 947
510 1534
582 966
1359 851
836 255
1950 123
251 1893
421 1637
697 679
793 409
1570 1635
875 700
1242 1948
894 1498
413 481
1156 1854
1458 442
212 1599
1320 1091
1891 1336
1933 703
1778 324
1185 1542
1761 1545
1369 1127
1684 777
816 1702
692 1657
795 381
1553 290
280 1977
1210 1838
1594 851
1339 474
289 1052
782 487
232 1946
84 1701
1769 170
506 298
1168 34
438 1403
1284 1335
928 1188
1545 709
887 1403
1332 1922
50 1503
913 1372
1225 1135
1901 1090
622 848
278 756
976 1802
1911 1635
163 1836
1037 1169
140 627
1005 441
157 884
1057 1435
1465 1951
1104 582
1202 638
51 124
1065 246
237 1984
972 839
1504 423
1899 1954
1678 95
492 1319
976 774
670 296
1798 31
830 859
340 640
1899 1241
1169 203
1315 342
1650 1843
1237 289
1806 686
1038 235
226 183
373 1884
554 1607
440 300
834 798
1604 760
1303 857
16 1938
359 1748
350 737
1908 124
698 1046
740 1090
234 1057
291 1028
1802 1834
1801 1978
1244 164
616 1071
1984 570
1113 1308
441 543
1124 1350
491 1841
1940 1175
1174 621
1151 1549
1000 1243
1707 687
999 1898
1125 467
80 1275
1228 1393
101 605
1071 275
1333 1680
1780 1897
20 643
106 1684
1065 97
1042 449
1691 1914
174 22
1201 61
1601 877
1274 866
397 653
1181 1809
72 214
791 1636
1393 117
505 477
1769 1756
257 858
1289 22
1350 1455
172 1670
328 1482
1926 572
1947 794
160 179
1850 259
480 866
1394 1646
98 1983
1343 1510
387 1063
1347 1338
1686 1762
772 47
1767 303
1974 1157
737 1007
1830 1409
647 501 1918 1292 81 1348 1249 1513 31 899 61 716 526 1433 1414 12 1689 906 1689 988 344 550 498 1116 934 87 702 162 1860 1580 530 1433 504 569 32 702 7 1643 1458 1515 1445 12 21 43 48 527 121 898 576 228 487 1438 1478 1918 304 802 1557 1818 1785 1557 16 192 12 8 473 666 1130 487 211 39 344 1116 569 1043 1274 252 121 478 317 1127 33 1580 1518 1474 549 1689 344 1511 21 834 12 1478 447 377 550 1843 162 43 722 1515 74 162 1262 745 9 492 1465 716 1133 1030 605 906 615 241 702 31 1843 1030 1458 1347 1297 1900 649 415 1689 32 1135 1465 25 1474 815 1580 1515 934 515 1414 274 1399 530 377 226 439 162 1588 16 145 16 515 527 228 757 1274 228 1348 1557 815 252 454 1474 583 1843 757 1557 847 39 815 1805 1824 510 252 7 847 252 1414 673 16 31 967 716 1038 32 1013 673 1442 501 344 363 1860 1274 145 802 1414 549 461 528 1458 1442 605 1511 1116 1413 19 1438 646 649 15 510 1458 1456 9 18 204 1689 1116 1689 917 549 1130 1347 340 61 10 501 1013 815 1154 21 583 1297 1599 415 1478 12 1823 722 1249 1358 33 1580 490 1130 549 775 473 1526 162 1442 1301 25 1274 77 984 988 45 32 599 1154 39 43 526 1518 1599 415 377 490 1918 1478 25 1249 528 815 722 204 1413 917 340 906 1751 278 617 15 25 8 599 1348 647 228 45 344 77 1689 1445 1478 15 957 1358 317 415 492 1154 162 77 1347 1805 1518 945 898 1818 1580 12 25 1280 45 1452 21 18 9 1805 278 815 447 609 490 1751 1474 716 1280 10 988 18 340 1348 454 478 930 1557 9 31 899 549 1851 1413 1671 162 145 498 515 528 87 363 1456 1038 609 906 510 9 48 25 1453 1297 599 1433 1818 745 492 799 311 278 1127 569 377 427 526 61 87 757 847 454 1689 967 528 1504 439 646 18 8 21 1478 716 43 363 1413 1452 906 21 930 252 1116 1526 1557 585 1513 447 1851 340 647 917 1843 9 1588 8 1297 510 501 1116 43 1297 617 241 1324 1785 10 7 1133 1043 811 1843 1818 585 1557 802 1262 1399 439 834 74 775 344 170 605 81 331 21 1643 775 24 461 9 1297 1038 1900 1518 646 1130 1280 1465 344 528 967 12 15 1135 917 780 957 19 1135 1030 9 666 363 1438 1433 8 170 945 831 278 599 226 510 1274 746 722 1262 340 1414 1361 1297 162 1453 1557 1458 1806 1116 1358 722 162 1689 1881 473 1526 48 1433 226 415 1433 377 262 10 9 478 811 1249 802 730 1526 80 722 1824 1900 1700 1413 1671 617 1824 647 304 1722 1900 427 1671 9 61 1130 1262 1442 9 1453 609 1785 1442 81 204 1671 32 609 1504 1851 340 1013 898 1438 1515 1399 10 730 74 1301 1900 1504 666 204 145 241 363 1116 673 7 716 21 10 121 1274 757 984 1154 331 1515 609 1133 716 456 145 1399 647 504 730 252 951 716 1280 745 847 81 162 1805 1280 615 48 1515 967 1116 576 74 9 74 1013 1513 9 576 1900 605 847 1518 510 31 1900 81 278 917 121 730 1599 211 1445 1526 170 9 1689 757 569 1301 228 802 262 1526 550 1361 87 12 775 1818 211 1824 61 1116 716 1843 162 1301 252 252 869 599 847 1116 984 1843 211 1526 1348 48 550 21 583 1824 12 447 1358 211 673 649 1413 815 957 170 815 647 7 12 9 7 1568 43 1504 1568 1557 1588 1116 530 673 1860 722 930 1297 647 599 77 15 585 234 709 9 1433 1116 934 77 32 1599 815 15 1262 1805 7 847 906 16 211 1038 7 1154 802 1800 1347 1689 1433 745 1568 617 439 1399 1038 716 831 811 988 702 439 192 8 1456 1038 609 1297 1116 1700 447 24 745 1504 340 1274 1805 930 1751 7 1722 1301 780 1414 1900 192 1580 1557 492 550 226 847 317 576 162 1599 77 1348 304 492 1918 550 439 490 1515 757 25 498 526 1823 15 847 569 757 16 9 12 528 1851 8 192 1568 599 25 1324 492 1806 1568 427 1154 527 967 898 9 1274 898 9 1526 1518 10 1818 1262 1135 1823 934 39 811 1671 899 377 487 501 984 1438 898 930 192 1513 32 15 1700 490 478 945 1292 1824 317 121 1824 1297 121 1013 32 1456 25 1465 834 1643 1805 311 1154 984 1557 1130 1818 1358 15 10 226 515 1038 615 847 427 780 1671 1172 15 31 510 834 1689 530 45 43 1297 9 1127 7 649 31 10 427 1568 1262 1116 1361 1348 815 1361 1361 1785 554 605 331 427 1249 1361 1751 1806 9 530 12 504 1130 605 447 1030 815 647 988 702 585 811 815 646 1478 1013 1518 1580 1280 228 811 1127 1262 234 1513 1785 262 7 234 501 15 427 599 1818 1785 930 934 1526 1297 304 1671 9 415 363 1433 780 745 145 10 1324 583 461 967 145 1280 87 716 19 1518 304 15 87 192 1526 24 811 733 522 1478 1133 1347 192 1438 716 311 241 673 7 1348 917 906 377 1881 609 1588 74 1280 439 1433 478 1800 12 304 647 7 81 1900 988 8 241 1518 274 1445 1438 811 7 304 1785 18 473 8 510 1453 599 583 48 377 317 1689 1751 1030 1700 1818 1805 1249 745 709 1456 583 709 74 1504 1458 1249 1038 228 1038 1438 252 492 498 274 344 331 447 61 12 1823 1643 43 31 585 1557 21 33 162 1474 1127 647 1900 1456 899 170 1280 9 1453 957 599 1292 204 1172 228 515 615 77 716 585 576 945 834 951 15 815 1599 18 722 340 585 615 80 61 1851 7 528 716 447 847 899 1526 363 1511 1518 7 1599 1785 10 492 211 1588 48 45 16 1301 1785 811 609 1588 1348 454 439 1513 415 1785 363 605 576 19 80 311 869 550 1643 16 1135 673 1511 528 1280 1347 16 501 1414 234 8 716 1843 609 1458 121 930 709 7 501 145 16 746 1918 780 569 1438 646 498 1671 1843 1478 1511 951 252 1800 278 898 461 490 1700 1511 456 1172 501 1918 492 492 32 780 274 709 1818 1413 530 487 304 1348 8 709 1127 716 899 9 1526 528 1700 1465 12 899 1785 967 9 1433 344 1292 811 204 522 25 1458 647 473 21 32 1722 16 1824 930 1130 934 9 61 304 344 1671 1414 87 311 1438 1800 847 934 1805 898 478 456 549 1751 576 1249 77 945 1588 12 24 15 898 1297 1358 1030 617 527 530 1038 439 204 162 649 1038 18 226 1127 1249 48 74 1324 228 615 722 241 317 1918 554 780 585 447 492 1751 1805 363 1599 16 802 799 45 1438 1013 15 702 192 666 498 1280 811 1599 1361 527 1805 1154 780 1671 649 226 61 363 1557 15 906 1249 274 599 1348 241 1413 811 228 317 1262 1689 1599 1465 12 18 456 45 8 1292 478 1643 61 1262 802 10 45 1043 492 811 1348 234 599 10 549 504 1133 1671 1456 1038 815 492 1130 1465 1043 528 1843 1127 1580 1643 1347 605 1116 1361 934 1881 1442 716 716 1433 33 1557 1301 745 1515 1860 317 549 815 1297 1580 1515 1722 1249 1445 81 957 1474 1442 869 1399 12 649 1751 204 1751 461 461 1130 1557 170 39 930 599 1751 930 274 585 1568 780 427 549 1458 1515 649 461 967 1785 121 716 834 957 1643 550 1823 1358 12 363 1442 1361 646 649 262 1413 478 19 834 170 340 1504 19 1116 1824 162 456 490 1038 331 1453 746 515 951 226 847 957 831 15 1588 43 780 716 1851 1580 1513 1474 847 1599 649 1806 984 145 10 1465 317 702 478 1172 74 945 1301 33 121 331 549 647 646 1568 569 487 498 1324 1358 228 775 599 1262 802 16 1643 61 12 1324 722 1881 1348 957 811 1918 1433 510 262 526 10 1800 121 1881 1881 799 192 48 226 1262 1722 10 709 1130 454 1700 1301 1442 1249 456 145 1438 32 1013 204 802 1414 515 45 278 605 1413 1133 1918 1154 815 1458 24 831 1399 204 252 317 831 439 427 1013 1127 1116 1722 615 527 649 498 61 647 527 815 522 456 1297 1518 530 1347 527 7 1135 869 304 869 21 1456 77 121 799 1843 204 1442 1038 733 1557 415 967 317 1515 1438 19 317 1348 934 1689 1116 80 1172 1843 1806 673 1172 25 1347 709 48 74 8 81 1818 1700 377 1413 834 461 1292 775 757 1135 170 19 1818 447 39 43 869 775 1249 1751 811 1851 745 234 527 487 528 984 930 673 799 1130 1515 1127 967 7 15 1358 802 10 530 454 847 1456 599 847 615 7 415 917 1413 454 1918 746 799 15 492 9 899 1116 1860 1399 988 834 226 811 81 1127 599 234 317 1445 605 1474 1518 666 33 811 234 1568 780 984 934 427 439 1881 1881 757 1348 1557 1824 8 145 1358 262 1824 1860 1116 145 599 1297 10 331 709 7 274 145 487 74 550 847 1116 61 1361 15 21 673 780 666 1511 1453 1348 490 599 1361 15 1800 716 252 951 204 1843 1438 32 722 1130 377 1689 1843 1347 478 252 121 930 722 456 427 722 43 1513 1751 487 1135 847 526 615 967 1116 1806 1918 799 1274 33 898 492 1843 847 583 473 81 492 1456 1557 522 733 377 226 1818 1154 311 746 461 19 599 1297 1568 1860 1588 967 709 605 39 605 745 18 427 1671 1038 1557 48 530 1671 1130 951 1452 487 733 1361 1557 1347 1465 984 1433 1453 967 1262 528 1274 569 1347 730 957 43 585 12 1881 609 1361 39 8 504 1043 504 930 1438 1818 831 585 554 1116 415 576 550 1456 1643 527 19 617 649 478 31 1474 649 439 1399 811 526 615 1785 1292 21 1785 1588 18 1438 77 549 262 33 1135 478 311 228 1504 1274 317 1824 1030 10 1465 415 550 576 775 554 1292 834 25 1292 1818 121 12 1918 377 1274 1515 569 745 716 226 492 522 647 1043 1588 1900 145 45 869 16 12 945 1511 530 121 1518 847 733 1478 12 1438 192 585 957 1399 984 311 1823 478 1413 1413 1722 31 344 16 1043 1513 527 74 16 1557 550 1851 775 649 8 1458 1518 1526 617 522 25 899 984 1526 473 917 80 1511 16 733 262 1526 1588 1154 456 967 1900 10 1860 716 1474 869
