2000 4000
1544 1166
230 452
1902 1692
1504 1378
1270 908
170 560
1614 1102
708 1880
133 1553
1899 521
517 1929
570 1606
1803 986
336 1305
446 599
1874 892
207 1792
1496 201
437 1502
551 868
1733 128
195 345
1365 1483
527 1764
40 497
601 424
1343 608
1256 248
973 334
1021 1679
138 584
1378 26
1595 1546
1434 523
212 1653
79 1985
1032 810
1774 1751
218 1037
1508 540
499 1784
1298 1205
64 1606
330 420
379 226
878 556
1926 1808
1807 1343
115 1716
690 1573
966 1387
1609 997
505 710
292 1934
1067 451
1866 1259
852 1847
1423 1695
1513 1637
1588 1120
336 516
525 639
1620 525
1855 567
1914 1602
298 783
1560 1663
1239 1417
116 428
1160 380
229 1205
1793 818
653 801
410 1956
675 508
329 399
1392 631
1009 42
1817 1921
1093 1312
1073 1417
1124 1233
1147 753
1945 711
1078 1264
764 474
1632 1443
196 579
1764 708
1133 126
1774 1911
1780 1619
1139 308
1832 494
44 1288
1754 592
286 318
349 1849
629 153
308 1919
1302 165
1856 1958
118 476
895 153
69 1670
215 1310
657 1866
184 1476
1936 1909
1653 1492
1553 365
881 808
99 1922
1771 940
416 967
1849 241
1452 594
1343 108
918 870
1375 828
618 1223
1222 728
499 997
95 1051
497 44
915 955
954 61
1308 784
1610 1029
1963 873
1692 84
218 440
650 1814
1832 116
96 1007
1097 1624
329 787
793 298
348 255
860 1618
543 1564
988 861
1460 212
802 336
861 1239
1491 1611
1406 1265
1658 783
1408 864
1985 610
1775 1877
105 265
1935 1661
538 1530
1792 955
7 819
464 1237
81 756
621 1279
555 904
899 328
545 1105
1240 281
217 1924
1132 564
510 1575
1928 1776
1032 638
1577 652
745 1520
1795 1091
81 1464
1933 514
292 1815
43 419
727 454
846 198
648 1213
741 1899
410 221
368 1043
1575 678
1626 288
106 1267
352 693
60 1355
1357 520
1233 166
695 1424
1920 1502
246 1561
1445 1913
454 608
331 1489
1736 510
1493 45
1991 1077
574 1915
1647 1322
760 186
550 1893
1010 1778
694 1222
140 405
1174 1390
1066 1176
975 90
791 648
837 1164
1254 149
412 641
783 1853
836 1840
1007 601
238 505
378 1590
155 1560
1162 710
1890 616
1777 1696
541 1289
617 240
1111 275
1207 275
615 1853
205 1147
645 297
598 227
1264 1990
649 31
602 1158
1158 471
806 1062
526 1479
870 910
1506 1397
1988 50
1319 749
1455 95
708 787
752 1681
1072 301
1163 938
320 776
1146 371
435 1405
54 891
557 1886
290 271
1267 711
651 1428
104 1206
920 1243
513 748
1882 1279
1691 1963
1543 1157
425 1067
322 348
985 1252
691 255
1167 1107
1588 710
1484 156
991 799
257 1061
287 1418
1726 1178
313 1231
535 1436
1285 49
1400 467
1453 831
420 216
859 341
1229 270
49 519
1982 1264
17 765
521 1337
328 1126
141 753
1342 1285
644 1422
1326 1464
926 1593
1952 811
1904 295
607 203
1221 18
406 487
1585 808
247 1609
1603 540
1663 313
1318 165
1957 1681
863 926
371 861
389 90
1399 416
1202 520
518 678
1971 689
259 637
1838 645
549 1980
301 1062
984 1716
379 411
1908 1528
18 232
1322 1838
250 675
402 1201
941 1302
1149 466
163 503
1936 432
344 1379
1505 1685
816 833
1106 1290
1447 1026
971 230
1369 174
141 1817
90 727
1425 1547
470 680
905 1479
1750 634
1395 902
1612 568
996 1028
1410 1331
1201 1524
377 952
1875 1116
1584 1256
600 568
653 794
457 482
919 1818
798 1491
1535 265
803 1436
985 16
1624 1525
957 1838
1142 1878
1078 425
910 1066
1089 1241
1635 1271
759 1662
1833 298
285 341
123 1154
183 687
1432 841
11 854
161 678
317 277
1816 82
1813 1220
1964 1475
1795 85
615 595
1535 8
1923 772
601 1099
1617 1536
1192 418
302 1549
1425 1735
942 1031
1670 434
573 1604
1599 1164
1034 405
318 1013
664 156
1042 895
230 778
919 316
446 922
1863 13
881 429
1401 1971
862 1615
1178 1675
514 1211
1326 1727
1695 767
368 711
1567 273
1355 1399
766 558
49 1123
1081 119
1828 1976
1189 592
1667 1124
161 753
765 12
1035 504
506 255
930 1715
1171 944
1335 710
1628 1246
524 89
91 1910
924 798
351 1745
1237 1402
1937 1799
1462 351
620 1477
1687 276
1559 1647
35 1256
1522 831
1649 1515
1465 478
512 706
1848 178
442 22
642 44
1758 1415
1223 1562
613 963
1282 690
1232 1406
757 751
397 574
588 1686
1766 1191
1193 1771
1558 910
174 689
329 1695
375 1915
1972 360
216 1826
839 1385
1064 553
1999 1473
729 42
1668 1112
763 1104
2 576
1597 331
1554 510
1117 1303
1591 1458
112 290
152 1756
188 1711
815 327
989 1694
572 1076
88 546
561 1021
1774 1510
730 988
1057 211
1726 1316
829 549
108 724
1731 60
1569 604
525 1249
737 1930
1901 1186
1802 293
812 594
1741 485
1168 556
1931 1432
1775 15
1355 1783
1722 638
168 276
374 1210
785 1879
490 631
405 1211
1938 1829
71 178
1319 1061
977 355
386 922
1219 1212
1623 313
961 816
346 1957
1770 941
1538 50
1546 444
1989 1136
1632 1377
1328 1991
1524 657
1617 1069
157 470
944 1262
1202 1648
1953 1018
1842 1169
1247 700
746 1016
1278 1753
1407 1377
289 1032
1731 723
186 1052
471 1157
204 107
1173 1985
1766 602
786 1813
682 1682
1538 1863
731 993
947 337
391 1343
1707 508
53 1297
661 111
1777 1443
203 1289
299 528
1463 198
1710 507
1651 1813
809 1274
220 1814
1886 1839
588 1744
1358 1606
576 457
1723 620
1439 1211
11 1718
1231 910
1146 1994
973 993
361 1873
1410 1121
1974 152
1282 1507
1699 1238
523 188
1314 1589
1795 416
392 1362
1533 342
527 1528
1301 1897
818 690
1688 1135
567 1878
775 414
685 50
88 1037
265 376
317 502
382 117
1364 273
1569 917
45 1494
509 1631
846 1513
782 1808
769 397
1276 533
613 463
1939 574
1872 1715
1083 600
473 1761
553 862
1367 1783
556 997
1752 1803
1086 1841
1358 1628
945 1998
1014 1919
1472 575
3 1497
1342 804
220 1907
701 1480
1714 1986
810 1510
651 129
1744 1268
1327 1409
477 1638
1988 614
1799 477
1902 265
1878 1761
1027 1454
1327 102
1869 450
45 220
1851 1315
889 234
903 751
652 690
1878 125
1828 1845
1415 235
385 1931
917 143
1762 1849
1116 1253
247 405
1057 1030
328 476
1702 1840
550 1123
1078 557
1684 1451
1123 1464
695 479
71 291
1854 989
281 355
1777 43
255 1114
884 648
1770 1306
577 1491
464 675
1774 1126
1134 1659
1099 1934
873 1640
1112 1093
749 1810
500 198
1591 635
675 1431
675 1405
684 562
515 1907
1065 1682
20 576
4 319
1613 600
107 603
1996 207
1394 994
1173 1689
1135 1305
266 175
245 529
1963 260
988 1976
1360 583
1820 1292
1016 1561
467 882
1841 771
426 776
840 654
1046 1527
62 1497
1683 553
1561 497
1101 481
189 1395
1891 1230
1186 1805
239 766
624 1931
1097 1452
411 1306
654 1038
482 674
1188 1148
888 418
307 1039
1156 1541
320 1523
1207 29
1483 1192
121 820
1703 605
1636 1701
106 26
1608 1584
1836 122
1671 1392
1248 1945
336 1548
863 1769
18 1838
958 605
199 82
1167 306
1588 1432
657 1595
973 825
1520 1574
841 144
193 469
1840 874
1712 1578
1948 627
1364 560
944 1355
1874 1235
315 1341
1080 1479
1870 1766
1317 718
656 1551
1075 1250
1299 788
840 1525
321 379
1895 379
124 829
843 1495
218 1713
852 1687
1260 793
1456 302
1152 1251
67 1697
493 1893
1713 1864
1327 1644
1449 1926
38 1051
419 219
1774 1337
1354 702
991 1202
244 60
865 893
1540 1205
511 839
549 140
68 1618
1136 1069
996 850
1768 300
1452 684
1812 951
1338 872
1747 806
684 776
685 1143
1819 1709
674 344
1218 1557
1586 1916
1390 793
521 897
939 872
293 553
421 1841
1324 200
424 342
1256 262
1620 1313
1197 971
1907 1904
82 685
579 1971
1033 1373
921 327
103 983
1900 657
166 1967
1940 1573
1245 957
378 1525
1534 84
1559 367
391 1550
1681 804
116 1385
1393 656
565 1204
789 7
599 1815
87 1716
1497 259
1057 111
1138 1094
2 1111
1922 1617
1988 1494
1031 791
500 933
1666 298
1602 1301
1514 1911
694 1420
921 1043
1371 1774
171 428
1276 1961
1338 1536
459 850
801 381
139 729
703 1710
1510 1737
830 173
71 716
356 647
924 1044
194 85
857 1442
848 1988
1580 92
307 877
470 1222
1183 1796
1921 1177
602 170
1060 153
819 1886
1068 922
133 1212
568 1506
435 719
1329 1060
1157 883
448 1222
1826 537
284 1910
886 437
749 570
1363 1065
379 1048
671 888
1590 28
321 110
826 346
911 1287
1402 524
1795 1612
1785 1461
978 607
1217 1813
1751 1477
819 200
1120 937
652 1308
1657 1807
1322 1272
962 644
21 1501
402 922
524 1960
1783 1243
1074 1057
963 185
238 33
301 240
651 1328
415 1105
254 1522
1056 50
1926 431
1209 1123
919 1810
1598 1111
1880 1397
194 1298
849 821
428 1483
897 805
578 296
1373 1288
1371 953
1331 1452
1126 1129
1106 245
873 1109
560 514
1758 159
932 513
1938 250
1024 1040
14 1877
658 1364
330 1118
790 345
654 1144
606 1200
1144 1545
39 1143
1220 746
449 940
340 514
951 1623
1419 109
361 1391
904 418
1495 1619
718 933
365 690
1340 292
1471 1012
1445 1534
687 1137
150 1998
1850 1917
320 357
850 1576
653 1694
1206 275
1197 256
310 1344
395 1767
69 445
105 1482
1026 1291
510 608
947 901
538 1108
1849 1455
75 1181
651 425
1665 717
1104 1098
1065 253
9 1210
853 1378
1739 569
1438 1507
1548 1903
1919 1397
1370 123
1610 364
1243 715
1634 616
1364 1321
1826 631
900 682
1868 1108
1430 260
1922 630
53 512
1691 412
1091 259
499 1676
464 1275
388 1725
795 146
930 790
64 263
894 869
1110 1066
1499 1515
518 919
255 1657
261 885
46 1858
1422 643
212 1222
1786 388
1461 1605
260 111
505 104
1429 117
280 185
1536 864
1483 234
1507 1083
1343 374
1623 810
164 1770
1084 1339
560 503
1458 575
890 1549
1382 1936
948 132
1775 1121
1779 1538
391 1166
669 468
1220 1161
533 672
1531 1004
1203 1024
1675 1025
738 652
808 1526
155 568
1029 610
1058 1514
1240 1203
1114 374
1977 1855
1275 1960
1814 1643
1569 1206
1524 392
1989 1553
321 1756
1001 770
1549 455
148 1361
1156 1651
1995 376
27 496
759 1924
371 1366
1843 1849
1269 1853
152 329
107 649
183 1091
1248 70
1240 1171
964 1542
1052 518
1885 1374
1527 109
879 1611
512 75
1880 439
481 865
1677 1625
531 760
1042 281
1849 1282
1880 121
1042 1806
125 1019
1354 1154
1057 718
1496 1421
528 220
1201 178
68 1418
1499 1354
1868 1674
351 828
1292 1061
399 1243
257 1616
1813 72
606 136
1638 799
857 184
536 861
698 828
1043 40
653 1422
14 134
464 661
358 1168
664 911
1190 618
614 1063
211 1176
347 1458
1059 604
1250 334
940 1792
495 1788
1053 8
598 304
1949 669
180 1451
5 1476
1777 937
1059 1300
1596 476
1020 1096
1932 1113
1327 896
1273 1831
1385 478
1848 1279
466 112
1210 1645
1433 168
774 1708
1254 1659
383 377
1712 553
994 1581
1599 1254
1536 234
1369 1476
1826 1562
660 132
1789 103
1821 267
1636 1400
1494 913
146 505
1737 1335
79 485
1732 481
1023 970
31 208
1637 1850
1004 1088
1974 281
188 1991
1765 887
1113 932
1760 1776
1119 558
1843 1186
1754 1124
607 218
935 1931
1945 1650
856 1308
1614 1668
332 71
1821 588
1694 127
358 1134
695 1382
891 565
1406 1538
491 172
1687 1293
1912 1310
102 1546
43 1548
1055 1013
253 757
226 629
1730 359
1888 1139
317 693
1376 1398
1515 1961
1698 1416
1390 1591
1825 795
1892 1234
935 311
51 1791
1810 1756
1335 1393
25 1421
68 877
1969 1341
1226 404
315 1382
1114 960
1375 694
833 1904
1484 1819
1195 698
82 673
1997 1325
1882 759
898 536
1827 435
297 1323
1157 1671
1497 1635
494 1850
686 992
1581 1680
1318 955
1948 755
334 577
1333 1511
324 146
233 1888
6 357
1359 1956
1500 1250
1196 1566
1160 925
345 941
36 622
556 1207
534 1655
1377 867
556 157
1019 1041
266 1721
1566 133
572 1353
1116 764
1749 315
278 853
1049 1939
394 480
1013 542
244 1141
206 636
1227 1147
860 458
1293 540
1226 1980
50 1332
497 1456
331 1376
24 1844
1727 1445
767 535
182 914
1151 1553
237 880
1253 779
478 1967
201 1486
177 1366
962 1206
1469 812
1019 1667
1343 1905
589 337
1270 1419
329 1271
75 682
1134 453
1735 230
1234 96
574 1604
1539 1743
1756 1983
813 697
588 1825
1555 597
1615 1948
1056 1127
1078 1197
1149 1954
1332 1863
1367 1363
879 1750
645 107
329 364
210 928
302 484
529 598
1179 249
127 708
1662 93
1055 1315
1221 118
1544 66
674 1843
644 1102
164 481
1460 1418
1318 1772
259 200
875 303
1808 501
413 661
616 1516
679 186
44 244
658 1742
512 822
680 969
1660 611
368 1238
1536 1657
1404 1136
519 1121
175 1151
46 1681
1427 1822
1305 117
991 151
1908 1448
292 146
79 41
256 1480
768 1039
824 105
724 1664
845 948
432 1636
425 196
480 77
1778 1849
380 1500
38 328
778 1041
955 446
199 1331
562 1475
699 851
589 595
1842 559
424 1656
692 1661
1568 1029
1779 64
264 476
1157 1346
846 1251
1989 830
844 1002
858 1325
28 162
387 1920
1828 748
447 1677
1600 374
1021 97
1809 1537
1374 635
929 1238
1348 1012
965 1318
60 526
512 766
643 133
1518 773
403 4
379 93
1817 1973
438 1321
353 422
711 408
1894 363
168 1625
1759 1202
1679 1703
1510 741
158 1236
1759 1927
783 1774
1721 15
1469 88
1342 228
1269 1395
1552 712
881 971
1914 1421
198 752
145 798
510 1109
1951 1394
1028 1288
309 1032
215 1249
1 1739
1698 1370
666 1328
1188 1472
1681 534
1923 1896
1412 1430
899 432
944 684
12 1541
903 1486
702 1730
1944 1066
94 866
635 1645
1752 267
629 718
1771 816
1572 426
1551 641
654 1390
1875 1851
1897 904
1215 1967
621 1646
88 257
486 1301
389 1872
1244 683
798 1223
2 250
664 1330
925 1807
1085 112
493 1383
1869 1695
1193 1248
1882 115
766 207
1984 449
66 1629
184 763
547 1681
1978 265
156 210
920 1946
1437 1208
1404 1128
28 1011
1979 1766
1903 692
1351 1396
250 508
1368 758
1154 721
1387 1669
511 1447
982 1191
1372 1005
1595 1316
73 1798
834 789
1041 154
1463 100
1920 414
1336 330
88 694
219 1757
180 1545
250 1155
195 83
921 1329
1698 1931
1175 1928
1052 839
70 813
567 1927
80 470
96 28
441 1304
281 911
1066 1743
399 1371
1168 1027
1400 1673
66 1392
1429 803
1972 576
408 907
1504 1367
308 1500
100 79
1738 597
593 1122
443 1207
1242 31
926 1916
473 288
1818 359
1769 481
1222 1713
1890 1363
329 1684
348 1856
1585 117
1617 1955
304 868
1037 1028
517 1980
22 1617
726 1254
1664 593
117 651
449 975
645 1159
1777 1870
398 1054
1597 647
732 1271
1498 1703
1480 934
1465 1153
1876 30
156 1307
1309 1803
1638 26
1945 1366
261 1817
1239 1568
1694 761
460 849
1614 672
1757 1626
81 970
1297 954
1615 1161
209 1844
122 8
1801 295
331 1944
131 970
898 1554
1636 1584
1709 743
905 119
115 992
545 1253
978 1090
900 915
1196 1200
32 1217
1678 749
455 1546
534 1581
44 1144
1705 324
676 291
690 676
1344 1553
1056 1166
1846 411
1011 768
876 174
1341 1284
1936 1003
1762 178
1863 170
351 246
416 798
593 738
1714 270
461 1742
289 576
1248 32
443 1630
925 1893
765 439
261 580
874 1957
888 1220
1136 494
1166 1266
181 1517
262 1248
1272 1299
580 782
87 1003
75 977
98 1731
163 1241
1778 969
583 296
1716 242
1283 395
633 255
1548 997
1016 1059
14 1515
27 272
1666 670
847 201
520 1431
385 1694
1380 1525
846 675
946 656
673 445
1905 313
1706 681
1436 107
515 838
1165 238
860 1493
1860 993
1775 1518
1891 484
1892 444
869 1818
1969 1521
806 1627
1953 1277
1146 729
718 1834
567 190
1099 1423
641 497
1903 434
602 866
1724 848
529 1392
1259 1434
430 905
996 864
874 1532
1485 607
758 881
422 1538
1725 1291
1924 531
1273 65
254 419
1077 319
112 1708
1669 735
1081 1133
1117 170
791 1283
838 1723
1565 15
224 942
1172 19
1183 645
1103 1245
797 183
1536 1470
915 1441
301 1969
1986 1339
282 1878
1836 1824
201 145
224 14
1782 750
1947 1925
593 463
1379 1526
705 1737
990 1273
378 237
362 981
380 939
755 182
1596 1111
473 1855
59 1174
728 511
1091 155
1448 144
69 1557
1815 1278
1991 1890
1047 97
1897 1817
182 142
65 1192
67 1669
1871 1718
279 286
1891 920
764 687
816 1498
980 310
1462 1703
466 1041
1447 1710
369 103
1292 130
211 1653
716 1982
1903 1080
594 1249
1577 885
1795 1641
372 1319
556 1529
1415 1097
334 151
563 819
1288 708
150 314
1582 1903
1054 12
1950 1819
1806 1645
206 262
1153 1190
693 328
1680 249
1151 1074
1063 9
1853 1481
1943 345
458 1145
1215 1243
1110 1087
1346 214
1742 549
1282 684
1972 1771
1228 132
159 202
190 137
646 577
1131 743
1267 241
327 920
107 1836
1334 810
719 1023
1871 1980
234 215
519 1830
346 619
1917 1718
763 674
763 769
1766 907
1921 1602
106 335
1161 544
1009 1687
1128 333
1290 956
791 669
68 1277
1995 1641
36 133
418 1429
1514 891
706 1048
1919 469
177 839
299 1849
1826 267
934 214
1882 609
322 853
274 132
656 975
207 664
902 1056
1738 24
1469 53
839 1916
662 482
1228 1443
1994 1204
1967 153
505 788
354 299
417 45
414 425
1923 1827
1820 1130
1116 61
56 555
984 1169
988 1389
1620 553
558 193
624 1482
1660 1390
1553 1198
861 1951
62 1998
535 378
1922 877
1082 1214
1175 1543
1411 832
1348 1923
216 410
1107 358
797 1124
338 490
758 231
1686 68
1685 1010
492 1908
1600 1667
791 246
621 1412
65 619
1575 994
1396 1483
1215 672
106 1579
1086 1968
199 1970
1657 1075
1582 1136
1837 234
1492 1937
1926 1756
512 1969
1034 222
1169 1208
870 1582
900 666
1503 689
1992 1788
903 442
1948 1991
1685 240
518 363
589 1284
1286 217
1166 275
350 1281
220 6
1807 340
544 1577
866 1454
403 1355
718 1224
1628 283
1058 1899
1995 807
943 262
41 371
1019 174
447 811
1789 1446
655 314
1126 676
301 1029
1905 171
1569 795
1244 1726
971 1837
1184 205
1643 991
454 1253
527 1590
671 462
1399 1360
1898 1671
1898 536
661 1005
357 1092
1877 132
1122 1179
1053 848
1509 1748
249 252
1925 1833
718 890
1010 1715
1731 749
896 1692
1951 619
609 1915
1809 572
790 60
364 392
1743 1178
1908 1598
180 797
636 66
1272 996
1504 1333
1896 1024
1227 1887
1025 1571
681 414
627 1916
414 1237
1843 1572
1776 415
534 49
527 119
755 792
1692 1586
1217 881
1286 242
1343 110
255 875
1869 1575
1032 310
82 219
1228 66
1303 1566
680 134
731 1394
1090 659
935 579
849 955
645 887
1825 1448
1783 1501
1558 1528
1210 1647
793 533
222 981
1021 1634
1837 258
1492 1215
902 371
579 1773
66 1103
1783 872
1895 1321
1183 1433
1815 212
1269 1518
1961 328
1291 1628
1460 1020
1137 264
1785 1976
1179 406
560 846
1378 548
1210 865
1210 1196
303 1284
649 1015
749 1991
1708 1940
1326 212
67 1795
559 995
340 171
587 1729
28 1645
529 756
1015 110
914 1968
1811 233
509 198
734 1154
1309 543
1178 1872
1387 1020
602 199
1791 1614
445 312
892 1107
883 1459
675 92
1194 1892
1319 86
251 354
1181 1528
800 698
400 289
1757 759
413 486
1002 460
1132 941
557 518
1846 27
984 103
199 1668
1427 228
760 1187
791 833
503 1542
1743 756
1773 1576
262 1311
1104 1556
238 1362
1360 270
550 1062
1222 1083
965 165
1421 1574
1488 1746
840 1368
708 1725
84 1065
1132 1869
1863 1465
570 1970
565 1229
716 948
668 1776
941 1456
1197 1404
273 1322
1179 605
260 1781
1788 1605
1488 64
145 1786
990 1760
939 1500
1526 1943
514 1641
1126 1776
1288 928
638 440
1607 1120
599 1774
1975 521
31 27
1161 1996
492 286
1515 1313
582 1795
343 1116
742 1374
1788 740
1900 822
187 1563
1350 179
1092 1165
735 280
6 1542
328 1897
1161 572
1764 809
1709 1976
1731 445
1875 359
1342 1887
148 1195
541 1841
1098 196
372 1226
714 3
780 1673
1024 1939
682 985
1628 1503
1049 1787
557 210
1790 835
1013 1466
1385 1172
934 135
1941 260
961 1519
1783 753
477 1875
607 420
1737 240
189 1348
1207 1157
140 395
492 283
113 181
659 1181
957 1474
577 672
1699 981
319 1901
25 1341
364 1461
777 120
798 117
1829 1550
335 898
1540 701
95 1644
1884 264
1783 904
1561 1684
55 1260
712 375
166 645
276 1835
363 912
194 1727
79 1571
1162 207
1418 1154
1345 532
106 360
1946 718
902 732
653 51
1418 808
1 700
667 993
454 1642
1825 1616
877 709
72 660
171 1800
1755 783
626 1796
645 956
558 1128
1697 1013
1311 129
1019 828
946 1700
1229 557
1800 1237
1444 820
1983 174
1444 1001
1028 69
1038 319
884 540
902 505
1434 444
1617 951
851 1176
1886 567
1900 219
690 579
1707 1861
329 40
1206 1563
299 1157
1144 505
1180 526
743 1782
1854 133
1752 1911
241 1746
643 455
409 1119
619 770
327 160
1224 422
994 41
452 536
1656 1079
549 886
1379 1535
638 1176
19 68
959 1409
330 1193
1327 206
1628 1057
395 1321
1830 1357
1285 668
871 258
879 169
13 100
855 1360
85 547
1635 1317
1041 1823
179 43
1466 86
485 118
1585 882
178 757
1662 1098
735 581
132 942
512 1682
146 1504
125 1901
990 33
562 618
1545 1033
202 1501
973 559
1214 808
902 298
877 838
349 1253
31 1739
1304 392
652 1246
157 1218
1148 1727
1129 627
515 1285
1766 1762
181 107
1153 1424
1881 979
978 383
1160 913
1247 371
1722 1081
989 74
341 178
733 1078
1252 1608
1737 1989
674 847
1870 985
957 1664
1633 1422
747 954
197 1632
1979 954
1184 231
565 1897
1609 16
981 758
513 1312
800 1337
217 1745
1353 119
552 162
1898 640
670 1251
1787 304
146 952
1705 280
1111 837
962 1754
1373 38
1669 1531
1618 988
395 663
1867 1515
31 1750
1572 1274
1347 49
823 275
1651 1524
94 1539
1799 107
1271 463
1854 747
1409 1995
1982 649
1164 140
987 573
278 828
1404 1097
638 951
1917 1848
1148 1720
593 1430
1980 812
1761 1030
703 536
289 4
1796 91
1501 252
252 633
1794 1182
773 390
1210 655
180 547
1256 1403
914 129
1416 615
1778 550
892 5
61 1397
707 1869
225 744
1433 998
499 450
392 584
716 1270
233 903
249 1041
1955 691
1246 565
767 54
744 999
494 258
1995 913
1923 518
560 919
864 57
19 264
1324 1825
1292 674
715 78
1400 1397
889 788
985 1496
1931 248
1855 1857
565 1826
241 797
1357 914
1712 1136
1641 1450
1070 1262
300 848
1100 955
1599 689
384 63
1747 1835
566 1524
721 632
634 1277
1673 560
1573 901
333 613
1038 924
1670 1185
249 1467
1376 934
355 589
150 370
770 375
1510 1850
1403 934
305 218
1899 561
1788 1960
846 1282
1167 1281
973 1959
745 1786
839 1620
1601 1145
1473 1910
577 855
1967 1497
1807 243
57 1523
1043 1377
1528 1413
892 706
1351 401
153 1287
186 120
1239 199
701 302
1521 545
150 75
1836 1345
1125 117
1606 1075
1442 1319
846 1288
1115 1100
801 463
420 488
118 585
245 1796
1073 631
179 169
368 1478
1383 1078
573 1021
1196 1635
263 1107
1669 434
678 1055
492 993
623 1416
1273 770
1996 843
672 547
1222 33
1251 527
1743 1423
624 241
159 527
976 1439
1974 1074
1739 509
1872 1485
912 1309
39 1479
799 515
1356 208
1075 1844
518 1974
792 667
638 1215
812 1745
1706 278
473 372
1062 905
768 322
1339 240
535 1289
184 506
388 27
1265 1197
1808 1412
600 846
661 187
1597 1530
1491 1250
1414 1472
293 445
1721 1543
892 760
1971 713
1777 464
1235 1839
1760 660
1405 1481
1035 1503
1891 1938
305 1675
1783 1249
754 118
1824 1550
1128 497
1447 488
527 1585
59 1918
1939 1243
1220 1751
145 1763
936 1440
1464 1711
1297 806
219 835
1097 1668
543 1650
1784 114
975 289
368 91
1256 1381
420 1111
1184 95
1088 1489
1618 1219
246 1281
755 1221
184 980
899 1151
1264 1722
695 546
1797 1553
854 452
928 1249
1917 642
1589 98
498 360
71 1038
245 629
293 914
665 890
361 535
1318 49
1921 216
912 453
1730 319
737 1039
449 962
1062 577
1254 107
415 1084
235 398
349 1979
1886 1041
1673 69
1816 1783
1013 1875
258 1098
155 594
13 760
1235 867
117 1652
1380 682
1834 551
271 1840
1898 1816
192 1214
1794 836
594 871
1049 1715
1293 36
99 837
985 312
1883 1499
329 1988
1977 1468
1612 476
13 1533
1500 176
446 1396
1509 337
947 1396
8 190
1108 674
1697 1662
1877 786
680 1553
1911 24
1198 1528
303 480
1771 599
1820 1234
714 1362
343 880
40 1544
1058 300
1819 224
1084 1809
103 715
282 1333
618 1644
1365 1597
1092 1393
937 157
1183 1387
840 919
1030 594
998 1447
600 943
97 443
1841 1470
1859 134
1767 70
1123 806
1710 1342
953 1428
733 1600
808 1979
505 470
1092 1231
771 1319
1020 6
1040 108
1920 1888
1144 1931
1900 419
986 1925
91 907
1135 819
1909 1355
400 1476
450 1005
1612 274
954 1672
1330 1606
1140 1663
1151 1332
169 1090
1228 98
644 1569
939 556
48 216
171 890
1524 1296
1609 1126
925 306
380 453
724 241
427 218
1643 1024
1698 716
1675 416
383 515
301 346
535 1614
322 962
1798 645
727 1869
1361 1455
1325 1549
312 306
1097 87
1445 696
916 1674
1190 1535
416 1456
838 917
1177 1777
718 324
889 965
1685 1081
524 299
556 910
1651 710
58 1247
1967 972
1760 951
575 982
1504 155
1259 1005
1962 1855
17 216
309 758
1071 1258
835 1620
926 1915
503 1585
1945 1492
1236 1163
389 1108
1904 115
587 1668
1123 1327
1555 738
1934 1954
392 1828
38 1692
383 546
1381 874
420 462
653 1427
786 1505
152 1458
522 1370
930 983
119 1637
881 484
422 1269
1906 1931
1233 19
217 1249
968 1490
1823 1816
372 928
1479 1315
373 195
1482 463
976 764
727 696
931 941
914 296
1970 549
139 65
1687 1572
572 1207
745 1972
1726 1142
253 1540
810 1832
1496 63
1016 1332
113 422
1849 1838
1863 1397
324 1131
1563 644
1008 783
1699 1364
1193 638
1201 279
1821 392
1847 575
1719 1705
862 969
1406 684
947 789
327 638
1664 1277
768 472
1553 836
210 834
1030 779
311 1468
1902 1544
60 3
1280 236
1811 316
1306 1329
384 478
972 988
1632 174
1297 417
1637 1922
5 1564
1028 967
1147 932
1182 837
1852 1738
1769 1116
1970 929
838 194
665 1659
1903 1264
384 621
1612 303
288 1293
1993 771
1225 1039
155 834
278 1015
1285 1393
1454 1251
640 730
1688 1819
1774 1476
564 521
1379 851
308 1006
77 1676
1381 245
89 1736
847 1968
1150 1533
390 514
369 1927
1794 1998
1801 1420
825 934
1241 908
1210 1822
1563 1275
1521 746
1863 1430
944 1186
765 1698
356 1161
253 157
1121 1399
946 346
764 1081
1254 1824
421 368
780 535
1403 1057
676 1720
934 542
1230 280
1573 295
1979 726
400 1487
650 1941
579 1605
709 1546
688 1142
109 1344
1906 1618
64 250
1487 954
1633 1064
150 392
1702 1314
1653 361
1863 224
1563 1828
1596 583
323 1128
325 1093
351 733
573 949
868 1224
1366 912
407 558
1289 550
142 43
1951 402
1185 583
1804 306
1667 1563
34 1233
117 268
833 1458
1191 1266
1370 1847
500 632
408 1131
929 1897
1293 1936
1563 428
553 1288
1018 535
900 1995
944 950
1716 433
58 878
465 1705
1804 1768
316 1866
1193 261
1716 954
590 240
754 1773
1407 891
1166 785
1457 1301
1350 541
388 915
1171 1021
1323 483
1265 485
612 1110
1563 504
689 1126
1518 515
1253 710
344 376
695 125
1871 1350
1031 835
471 1951
1569 939
1166 551
1804 1638
1606 991
163 222
68 1646
671 1660
75 1943
1116 957
605 1859
1979 117
1691 1393
1381 817
1658 44
195 118
498 1918
1171 907
640 1409
318 1037
1571 532
1715 76
376 777
987 1674
1623 1630
1965 128
621 1773
609 25
919 1952
1713 1263
739 257
301 1512
1000 1931
1322 1735
281 339
59 856
76 1157
1169 243
130 1212
35 1440
432 709
1358 1847
746 1869
1637 1160
1095 830
1132 813
757 1650
80 280
958 983
1218 388
384 1436
1828 212
1579 1146
791 1036
1719 792
1146 1901
1648 1459
548 665
263 819
335 163
972 1107
1256 432
1514 1936
462 213
1974 52
1645 1861
774 245
117 323
213 1792
439 887
1852 1129
709 1397
282 162
1609 117
997 124
220 1388
940 1575
160 459
977 453
1602 371
1975 1627
23 1434
496 1346
101 381
492 1599
1050 1341
632 1345
1477 1992
1607 1769
1400 1595
56 602
494 1854
1631 103
284 1066
529 1728
832 1793
1953 528
57 828
1920 1484
606 877
16 873
1469 25
1814 1410
848 68
34 1565
494 1337
459 1006
1829 389
163 1978
876 196
1700 904
654 326
1583 464
1540 297
997 670
1570 467
1349 570
752 1050
411 1430
1028 1237
381 1053
615 911
1357 1541
1167 1282
949 115
696 1441
1513 182
966 625
1000 489
864 654
1383 1108
1288 514
1463 645
1515 122
259 375
1970 1864
360 1200
53 1285
575 323
1752 621
77 1649
1534 813
1786 87
826 88
9 201
331 987
1848 1260
311 1042
934 261
1743 1497
160 836
1514 1325
45 315
962 1829
1996 556
1954 1032
1625 614
1143 1760
544 272
1256 1903
748 1832
250 245
1827 311
143 1983
167 1982
784 396
1661 1966
1046 1143
511 1675
79 1794
673 1706
337 19
1728 1419
1336 1831
643 1105
764 1384
707 508
563 1548
1081 135
530 1561
1977 1502
768 818
1022 1596
267 129
1102 645
298 94
1267 368
31 1626
1748 1489
702 1828
864 114
246 1778
1147 928
492 1641
1364 1336
1295 554
1985 1449
711 1871
94 663
798 422
24 1154
1877 1575
944 1205
1781 1792
994 1028
748 654
1415 1047
1974 1909
1208 1661
1373 988
417 1300
821 1851
1812 555
912 542
1291 1865
293 1477
209 839
626 701
1902 778
750 59
1964 65
505 638
1314 410
1060 1092
324 655
1037 786
151 1294
1815 1275
1131 1958
296 1867
1018 1837
1913 1425
719 1254
468 367
1975 446
1203 413
503 1255
1478 704
192 273
1524 596
244 963
1683 251
895 301
163 921
1675 1727
1591 1597
864 1343
1919 956
1731 229
726 333
806 1858
293 694
212 1930
1292 1142
744 1152
529 1828
1520 24
1696 218
65 107
1748 662
421 672
426 1862
1332 717
1563 8
768 1221
450 158
10 273
1290 1330
555 1170
982 1568
1793 1378
1624 1068
118 1783
934 1068
512 1307
1017 1504
545 1788
1291 795
1847 1576
52 1233
607 1487
868 1717
905 1449
781 1978
1438 1761
872 1179
1856 1772
1131 1959
1950 752
1337 641
527 38
8 1899
1516 568
1534 1864
483 680
952 1356
1209 788
1329 374
574 125
128 417
1639 606
426 785
1123 1295
1915 268
1901 1984
1974 1826
1084 794
1675 1674
1097 707
1606 463
12 30
201 628
565 1847
1968 455
143 1776
1215 167
139 1053
1121 1845
398 676
1678 1344
134 1050
1117 1299
3 1049
1752 944
420 1027
1306 1916
1135 1001
876 842
1889 59
669 874
107 1986
1699 325
1528 12
1089 708
1698 1259
1023 1420
1574 1049
1 360
456 406
1261 1061
1515 1436
622 990
314 401
1165 555
980 572
527 905
1913 390
599 921
12 1642
723 862
614 1943
225 1981
1626 136
570 1091
100 1087
518 715
1344 55
424 275
1321 974
1163 1306
828 36
7 1689
71 1570
847 1771
1718 1302
486 1236
695 363
1 1792
960 1979
243 1731
1203 535
334 1339
58 613
1622 1144
921 131
832 1907
1387 653
805 761
1385 388
844 1522
1869 47
1591 1502
860 792
1246 222
1338 503
1093 798
161 237
492 333
789 580
502 503
1334 1388
580 1316
445 85
1495 289
1375 1277
242 604
1526 574
1199 1225
1447 1443
647 335
345 1087
1805 107
578 583
64 37
1527 1285
1432 1257
1697 1021
1360 362
1018 364
266 13
139 1968
642 563
687 31
1166 1216
613 501
1856 546
1710 377
880 1876
1956 1839
718 1187
1208 1788
389 1503
904 545
715 1128
1635 1806
628 1121
1013 1687
1852 1590
696 1984
1434 720
1752 162
337 804
1280 695
191 1369
232 778
1333 485
1778 1886
356 18
215 1253
1171 1812
538 202
578 1223
10 90
1185 1738
128 457
1855 465
72 285
432 1978
1267 1769
785 359
1439 681
1612 329
1566 1705
1428 327
223 1629
379 1042
842 958
796 1768
1970 560
725 451
1502 1742
1077 1330
1662 171
215 1493
1551 1822
1950 501
651 1870
1632 24
1273 743
62 1063
87 1695
1627 1522
1595 906
1453 308
1033 201
370 1829
1534 1501
1852 1739
1141 949
571 200
1379 1672
54 1824
172 1021
1997 1382
598 1300
1548 843
1004 496
802 549
1217 1942
674 1802
923 170
1023 1986
1759 1355
850 327
148 613
1205 492
413 1608
540 1198
1168 1452
1506 1985
962 1751
995 1867
1833 457
1911 356
481 89
971 1893
1640 1075
264 1462
1612 1483
1837 139
782 260
310 366
1168 1505
1489 151
1606 19
1838 1904
44 1549
1794 1455
1957 641
598 459
548 750
1740 1501
1522 1409
1892 952
535 1332
1001 1801
63 91
797 1259
1529 881
168 1811
1529 1748
1922 101
524 1464
1164 545
1528 542
129 1883
605 1616
601 1116
1658 1735
216 825
467 1295
290 1455
160 1856
1208 1446
781 583
971 1708
1188 1071
1601 1118
1117 1326
1237 650
190 495
557 83
1391 647
730 63
1411 1970
644 974
1528 47
1439 209
1433 1624
1524 1492
1701 347
1401 1209
366 250
1879 841
1767 1766
1190 1885
691 360
1284 1916
1817 1169
698 1855
1788 1246
692 510
1240 1081
707 1466
1856 1558
1405 881
684 520
1631 981
1291 311
1260 891
611 1074
1914 1140
115 906
508 1641
309 1047
1791 1457
108 1532
1174 492
1045 107
1724 669
1942 1457
747 450
1940 1662
613 467
1645 876
1896 1032
567 827
346 390
1295 372
426 1934
628 1320
585 1592
1456 1680
655 1100
1962 418
258 1564
1133 1730
710 1359
1570 1476
1164 117
1971 546
850 1604
294 1503
1270 1483
350 938
27 774
369 1986
763 776
534 114
1718 875
1085 1215
279 1229
1472 1110
621 129
774 1762
1789 1352
1800 1540
318 551
1010 772
854 584
146 814
1668 687
763 1212
843 350
626 1617
1219 1307
1875 921
1249 294
320 1315
212 750
847 714
1429 1655
1755 1732
1303 966
1213 1988
1639 1720
1397 453
918 1402
600 385
579 349
21 680
502 133
286 450
559 1061
986 1762
1213 257
427 1998
1776 500
1241 1729
1490 1573
649 436
1517 1288
414 1545
1978 505
1937 30
1877 1139
269 699
83 37
63 269
1165 328
320 538
1144 464
1262 772
215 1613
737 757
1050 525
318 1776
953 1780
402 1606
775 1075
338 1819
158 1041
336 866
1247 607
1330 1412
2000 1251
934 1028
1028 798
1070 957
1259 1560
1096 1146
1606 1214
1215 1795
828 1509
1527 1866
1672 536
1375 1068
1964 767
1107 1253
1080 509
50 471
456 1563
936 1102
1622 1789
936 1699
522 1510
1179 904
1085 1431
1523 927
1487 830
645 1789
1950 7
1025 624
1913 393
1691 713
1753 1377
193 1690
1093 1441
1611 1632
1350 1813
1527 583
132 84
1959 291
1904 347
904 156
150 505
1077 98
615 715
1764 977
996 1575
1657 988
1009 1856
1283 344
1667 10
772 677
1333 961
412 1587
1158 1400
617 1211
244 472
1108 431
1507 1412
1756 305
722 1873
1894 151
77 1509
784 1734
471 1523
1679 1842
32 287
1541 1857
17 885
1537 1596
1653 1819
663 1578
1836 1182
1123 1074
1954 1280
1595 1441
1689 1869
759 589
1222 1205
752 1846
672 147
359 986
399 1760
1754 142
794 1981
1833 342
736 269
1008 1733
813 720
1321 1324
1693 745
299 296
933 781
74 978
478 1904
342 291
1237 751
1824 1659
1862 423
1300 43
1460 495
716 796
1967 1073
1668 779
144 1718
667 1011
450 1620
155 757
712 1144
292 1243
451 1369
1142 1971
1449 754
1473 1849
1651 1387
128 1843
895 848
1682 474
81 1139
1876 277
897 580
1856 317
1359 355
1324 629
717 941
523 1731
334 767
723 319
343 700
1297 1832
1772 6
1388 152
749 460
187 648
886 215
1199 330
172 1567
570 454
1356 171
1744 1381
1983 1686
1387 1657
59 1403
287 1848
1525 383
89 1323
1799 1876
1178 256
472 1900
1436 453
1943 500
1995 146
526 617
184 644
1332 1572
1189 238
1299 152
221 1854
999 117
1955 560
1619 894
13 1815
1578 955
1518 625
1306 1734
1814 757
766 1215
731 90
1059 1862
836 1859
1031 1959
805 183
180 701
1286 1008
1605 604
286 459
655 476
1739 1455
1654 1349
1251 229
1898 52
602 169
443 1115
1981 979
1080 1771
1144 897
767 1952
1708 1267
147 892
377 609
1439 1847
731 1087
88 1751
1695 1996
1744 1042
942 783
1908 1767
1580 220
775 524
1031 1466
159 176
979 500
1148 1339
34 1893
412 1436
487 308
288 1200
858 639
1953 603
1816 1635
266 1914
916 1820
503 1426
666 987
1606 1392
1397 190
743 701
687 869
1518 838
42 1495
149 867
447 593
1769 1482
108 1891
1203 775
810 1321
800 400
899 1761
238 201
151 121
1673 1382
1989 566
1612 1121
1377 75
527 939
1317 1272
1645 722
829 356
889 1041
324 1808
484 103
1629 1711
355 1247
1814 1431
1751 1111
1331 710
447 1249
1534 610
1471 179
1537 796
787 577
333 607
814 368
1967 1990
928 1244
209 244
507 59
707 1
425 1842
907 728
453 1970
465 1873
140 1617
722 23
817 1470
778 51
392 1646
720 1374
1614 1712
707 535
151 1287
86 1106
1988 1913
1210 178
657 1143
566 1128
642 1480
759 1594
1559 75
1171 1979
387 1056
589 280
1847 1032
481 215
1533 1924
1320 43
1061 873
1188 1107
97 1374
624 402
965 1393
1367 1775
941 1136
75 1603
1918 1309
1765 995
762 1402
59 420
506 1600
1471 776
1564 1040
1749 953
1953 1233
1161 548
1943 1897
1483 1258
615 317
1611 686
1216 1712
929 1268
149 666
1278 1852
724 824
553 1166
230 1683
745 635
347 192
744 327
863 1327
56 1886
1964 1184
716 388
824 1841
382 524
126 1632
901 1761
1873 926
893 1575
374 486
1328 1276
1987 1700
242 1292
1075 387
1736 634
1247 1932
1264 761
1033 10
1740 1958
1553 1525
971 477
1144 475
1464 991
949 749
249 551
1445 1997
270 1066
1774 122
126 1669
1861 486
514 1688
914 660
1162 1862
1915 1704
1022 736
852 1351
688 1681
714 1762
1285 1978
1006 1662
1264 1204
615 226
386 1929
1091 1624
1935 1708
1900 1513
889 115
733 31
997 1648
631 1560
306 1386
900 1360
1441 396
452 1151
1800 633
1892 1401
83 1319
741 1456
1003 1268
1312 1841
1237 1537
1142 1241
801 704
503 475
752 1285
390 574
278 1220
251 1252
1285 172
804 1127
812 1606
1644 986
597 1951
1175 1562
667 565
762 91
850 971
424 72
92 63
439 1185
435 662
230 1686
1501 1593
424 1947
1895 766
1065 675
1880 119
1724 702
1867 948
720 740
1854 1197
1643 185
1183 1143
1365 1139
862 1656
1723 830
1664 354
1327 1763
591 584
1020 1886
55 149
1579 943
1982 1963
1370 1984
693 17
1068 1655
1232 116
446 37
1409 1264
720 358
1857 1718
1069 1285
1893 1602
450 1346
1809 1342
459 1435
1744 1937
1291 956
985 947
668 1484
86 214
374 1984
452 1372
979 927
1646 886
1289 842
1082 247
921 504
1868 1536
492 786
580 1165
1366 598
203 1828
120 1495
1000 1809
653 27
172 886
586 297
1464 388
1374 851
703 182
330 1983
636 1157
1933 1689
1972 280
648 49
1511 1452
735 486
279 1602
949 1826
956 974
1869 1159
1174 714
406 1265
83 663
1816 1711
1026 1869
1952 142
1349 909
1493 1180
117 492
1257 1174
753 581
1054 1678
1036 1271
1117 184
1621 777
287 836
394 435
95 879
300 683
1849 1144
760 379
1436 1768
667 1143
816 796
236 1551
877 858
959 1703
499 756
1415 32
693 346
1774 975
1024 1440
1788 1955
911 1685
229 954
699 223
716 1703
1013 1150
1467 1448
1190 1081
1575 1829
1178 1683
221 1496
1036 182
1400 526
699 1499
198 1814
1336 1529
368 234
28 992
1017 169
1013 205
1728 1543
200 989
664 1778
1562 1759
274 1978
457 974
655 1686
1766 1068
567 1233
220 953
1654 1173
1138 577
421 1461
763 1512
1503 913
1108 530
669 1622
959 1985
537 978
908 268
1154 1322
377 508
1387 1838
1337 1521
1743 1209
987 1930
404 535
327 1019
1826 539
269 787
772 1845
56 22
671 1079
871 273 1129 8 1080 725 214 1464 1300 1049 1332 1373 505 661 630 1749 240 1686 1649 424 549 1234 176 1221 1428 1283 993 401 196 949 1591 1550 1831 391 28 1504 813 242 500 212 417 1709 473 784 75 23 1222 1316 4 1965 1230 432 1290 949 1257 397 417 1033 1625 1125 649 298 1294 1526 240 1484 211 1468 192 222 1496 474 1753 1305 1294 1424 100 1711 1402 1780 1644 1932 652 920 1370 950 1080 424 33 1925 995 24 431 1012 228 1137 937 1765 1397 1059 49 546 1004 938 1110 881 1673 1711 111 660 875 1691 1915 355 1064 1360 187 725 690 67 979 290 235 1022 1261 770 1423 1255 813 1806 1202 1333 1322 1509 1253 857 1468 462 1183 827 1734 1456 1920 241 1762 1201 937 875 1651 1453 1484 1159 105 1219 251 1633 1598 70 457 1993 596 1692 956 1067 28 1175 507 865 1563 516 1162 1965 1073 672 886 1814 1637 1241 1797 1192 1607 558 245 90 1915 1862 411 1249 1593 789 341 1609 514 1002 259 532 1263 446 98 870 1564 504 486 794 15 1708 747 1459 1057 955 1461 1395 1604 1948 753 1360 518 1202 1931 931 1064 1583 543 712 694 891 436 1696 292 1061 1409 32 1286 545 871 319 268 1118 1834 1818 652 782 944 159 1926 457 915 1347 1675 1339 878 719 976 1494 1548 1098 1611 1977 1884 317 427 854 615 661 1959 126 512 1959 1328 1338 1882 207 1891 1325 1902 602 580 650 1728 1783 1864 1471 995 1849 591 1040 355 372 1254 1134 541 1214 829 168 1206 290 440 1951 1470 630 664 1442 1935 1000 831 296 1870 865 259 873 226 1359 1167 760 69 1423 700 1023 585 621 877 1979 853 1241 57 1286 1553 1530 1777 1378 653 3 977 830 57 1632 1386 1306 1736 1148 569 1949 1076 375 590 1195 369 837 1562 1972 718 394 1897 522 1082 150 1132 1371 38 1479 630 1506 1182 1162 1825 1087 1331 1356 265 366 1183 1992 1736 782 1698 465 916 1591 86 1081 1516 962 1095 133 534 523 386 1982 17 1730 1472 29 852 636 298 1742 728 1153 1616 1888 232 564 259 124 1124 1235 225 1549 465 248 1233 428 852 1224 799 1342 875 638 607 1085 212 789 1982 1687 1305 1184 1811 91 1187 352 32 1562 1757 417 78 648 241 1682 1895 836 406 1860 1988 1509 201 391 526 283 685 915 1004 1683 132 1815 802 118 455 1787 1274 961 600 1486 739 171 17 1148 1428 1819 881 847 479 674 626 155 94 952 964 359 1465 551 193 272 1549 675 955 1111 1930 1973 601 1264 1084 390 1055 31 1186 132 1585 919 492 1550 1268 1200 606 879 54 56 1633 479 1329 1125 450 176 108 1663 1796 1100 1046 725 616 359 734 230 764 904 1787 1694 455 1514 641 1568 1605 1699 1800 926 853 1525 1040 1640 70 105 1042 157 1579 1031 959 1785 1163 748 612 1618 715 1790 1251 1376 780 231 1494 136 1828 1022 203 216 1264 1563 442 29 1257 1688 352 1160 1734 1800 825 994 537 1266 1626 174 376 620 1607 1805 1524 1776 1122 1292 259 282 374 1414 1816 1775 771 325 323 1581 1611 1327 623 664 9 66 1424 488 347 485 1060 542 1017 408 1410 993 1910 1819 1734 1474 526 1807 1806 266 1837 1924 432 678 1712 124 457 679 1992 169 40 282 945 594 705 1334 845 1947 173 851 176 205 534 1191 1690 1775 171 1971 1769 1045 846 836 650 1605 494 497 31 934 1677 1294 1172 800 1766 1532 1456 660 289 27 38 266 1622 497 437 1027 1267 441 543 1558 1051 142 1852 1131 1273 459 215 1255 903 1860 985 1766 318 1200 212 1446 1598 1519 1591 137 1561 1572 804 376 862 1358 1070 1324 1794 869 1540 685 1488 857 711 866 909 117 1640 840 59 1592 1071 1905 1324 1271 1789 1166 656 1183 1686 1930 4 594 1538 225 153 822 685 286 1168 536 1445 169 863 766 661 1897 1890 808 618 164 1069 529 84 218 887 665 1891 316 1596 1407 1528 810 1282 1721 826 1952 605 1959 1620 881 435 665 398 571 1444 1056 1058 1156 1809 411 775 759 749 84 546 43 433 1285 215 139 321 86 1587 1355 928 515 1849 1134 313 834 1834 1882 198 483 753 938 1330 1167 1481 896 1025 486 1334 1604 976 1231 1274 311 658 221 1850 1366 1461 434 568 1248 1690 1283 1396 1810 42 558 1593 124 201 873 1942 1307 271 1173 77 1723 1252 1176 1150 1134 1092 1198 729 1556 1249 1037 1605 1930 172 632 1443 1108 1052 1117 925 1539 261 780 1483 906 1143 1669 999 1131 1681 1076 1698 1743 1522 1051 686 526 682 799 528 1497 1099 693 1707 267 1841 1809 848 1723 1575 1730 1915 1180 727 413 1528 380 996 892 772 555 275 732 561 414 11 287 843 1292 607 709 1847 1018 1298 278 638 783 1072 546 778 700 1167 803 1695 1405 466 365 326 1986 595 1226 187 403 1053 535 1458 112 1602 1185 157 650 1690 1878 8 894 228 1717 1624 55 912 709 306 1914 1046 1348 115 1477 1647 1141 283 1789 867 1035 17 586 1203 1243 184 1561 1648 1512 219 1944 392 67 1182 1479 1173 1421 257 948 410 1741 1777 627 1062 329 1437 1187 777 522 1673 1726 1889 420 803 1207 45 1981 1967 208 899 227 667 456 816 1257 1096 452 1580 526 1683 197 1805 858 1799 1989 946 240 991 286 1463 1318 221 1418 945 1263 1391 185 152 1559 1372 316 1596 250 1106 9 264 1081 1295 240 51 244 964 915 1394 671 237 496 1872 1347 1809 1871 1515 1353 625 829 740 88 544 783 1268 1097 1470 1215 1001 1246 1134 472 232 634 1931 327 341 1544 1390 76 676 445 1714 1594 1981 1144 1702 1076 448 488 111 1082 1108 1844 554 641 1316 1002 1901 1900 1199 1531 664 1353 1054 1495 1067 1598 290 1155 1499 1137 1717 1188 188 1034 352 717 1782 229 1604 1834 1444 1687 836 1721 181 1299 1866 1000 1735 1699 1756 1428 797 833 1272 1636 404 1126 1160 1277 1186 1068 609 692 1682 897 443 914 653 458 1248 324 1861 1728 1473 1057 942 866 1744 436 1072 637 1146 1286 1087 1629 1813 692 1360 1400 695 972 1510 1370 834 1342 1878 608 1188 1721 1058 428 1148 312 1165 383 1284 459 1730 1957 784 650 1040 965 377 1120 461 1862 652 1018 28 1038 1417 127 1058 1649 644 1236 182 1773 1546 397 164 1757 1753 1546 1523 241 592 602 1749 1587 452 1021 938 1931 274 1686 609 1614 1039 1233 1096 1897 845 306 1245 1262 206 762 903 1530 1847 929 803 1276 1623 1582 92 821 516 576 575 922 1876 1253 1336 1300 1091 183 494 59 270 1071 234 1661 1313 577 1893 849 752 1327 1194 1030 840 1468 1625 1970 1403 1835 1272 112 1865 1005 540 677 1612 1844 86 1879 2 363 1539 32 943 1003 453 991 560 497 1147 812 1471 1376 1366 992 961 250 853 1720 168 694 1720 1999 1626 1677 202 1879 755 461 784 1812 1266 308 391 1653 966 1950 1854 1383 733 1437 1216 1635 1461 868 876 1336 1363 1623 1920 1339 1194 350 147 569 901 864 863 762 1936 635 454 305 942 1223 1046 1760 291 1975 1855 66 841 1668 1435 1006 923 1184 1602 427 619 77 1360 1691 587 1748 180 1191 752 1213 192 466 1906 76 23 339 784 763 1351 1176 1602 62 1232 92 1768 819 1310 1279 1526 1155 1445 798 534 107 1671 1287 1183 1440 346 1667 364 258 244 811 1211 1315 985 87 1369 883 763 1992 1207 1218 658 586 1884 1453 52 239 1983 993 1989 253 1487 1915 1733 1950 164 1007 642 1671 1595 42 1029 1454 281 381 48 526 1834 1242 447 691 1727 592 1271 692 479 470 52 1184 536 951 1908 1273 1449 1466 1493 627 303 1318 1542 900 240 1051 1761 1520 82 1140 449 1717 1979 557 488 1960 1146 240 926 1208 1908 590 499 58 1154 668 538 1286 512 1334 8 1385 265 1120 985 1155 1328 1893 329 576 1784 1636 1216 586 552 1162 1148 660 208 1621 602 1923 889 176 810 1684 290 1516 1499 445 1685 62 529 677 1257 1782 1420 1891 1007 1765 238 120 1776 649 985 1421 905 1114 1717 232 53 1428 1346 1193 1451 554 1842 554 914 450 664 124 1483 1303 393 1007 241 369 908 1971 1145 1660 931 1495 788 675 1411 1005 1643 1664 489 483 441 1430 669 1763 649 1040 1095 1007 569 1262 1710 591 1886 1814 503 377 1388 1285 510 524 1638 334 547 1660 1718 1972 821 1168 1623 378 1436 337 1471 285 670 1686 189 323 747 140 1892 1797 224 644 481 560 1538 1938 509 1344 65 82 261 1614 1131 1270 288 632 325 380 102 896 1808 644 1878 232 896 1039 88 1675 999 1639 1072 92 1723 652 1827 14 569 614 1785 1380 1582 471 1366 81 262 1459 841 1459 910 170 498 1497 820 304 1630 851 1217 1101 609 4 159 1905 652 1785 1761 1773 1517 550 864 432 603 1075 1691 1787 390 425 1613 1577 1816 457 1524 145 599 863 1979 1165 458 327 302 7 1546 1108 1492 1621 1548 482 1021 1651 1865 560 1002 747 1984 440 1086 1585 1352 1848 1167 609 1224 230 490 1376 1552 107 1555 40 1823 814 498 79 1707 1293 1198 1076 693 695 211 20 642 184 1874 1217 1896 772 1623 1890 654 1301 1025 360 1044 1435 1718 1285 1799 448 1543 150 885 689 1067 392 1389 249 1773 983 387 405 198 1384 321 192 394 536 969 1987 429 182 1610 519 1931 701 442 38 351 182 294 208 936 976 116 1233 1030 1629 1803 867 81 1067 967 1882 1700 1152 75 1706 1837 1747 1945 107 534 368 484 947 386 555 251 832 846 756 772 415 692 979 1223 696 1705 352 143 1656 907 312 993 1 82 1401 505 1013 1284 1209 1912 1214 1251 322 231 341 1634 1082 1358 530 1087 753 1699 1525 645 589 532 482 1079 1001 1449 1591 1022 617 658 1377 1115 1149 449 48 671 419 1674 895 1500 677 1486 1379 1715 1776 1652 753 844 1465 57 1053 112 463 1859 766 741 1600 103 820 879 1283 1516 104 1685 1249 1355 1295 216 350 106 604 1947 338 500 662 415 1931 1345 810 1914 1798 1324 1110 791 1300 211 1350 1728 651 1156 1506 1128 191 1861 1652 889 1176 56 1497 697 1443 1048 1091 379 1067 1349 708 554 56 86 430 1909 899 260 128 691 992 1691 128 803 1011 1826 592 1888 59 1523 1024 946 1794 779 1262 1237 1968 396 1225 1630 1576 827 95 374 1235 942 1428 1855 1270 11 1249 666 1674 997 1113
