540 1504
481 428
249 325
367 70
239 204
134 324
494 507
257 403
30 476
87 290
243 51
517 310
486 233
87 121
303 443
165 29
390 427
264 241
388 110
61 485
244 306
524 157
66 362
430 61
251 79
203 90
150 293
514 450
426 222
294 4
165 21
251 90
378 166
156 233
446 478
148 302
51 188
271 454
93 316
409 459
492 5
423 35
321 534
150 57
490 282
314 20
417 360
267 171
401 409
41 190
536 340
307 321
152 315
115 253
421 397
513 325
332 71
106 462
352 113
404 511
426 339
530 2
122 178
403 409
492 181
318 373
235 463
156 39
200 57
240 278
484 467
174 265
439 56
480 235
236 59
400 118
55 204
188 129
390 458
460 69
404 164
470 246
162 130
222 250
382 248
24 305
240 126
433 436
242 484
14 390
246 49
283 224
28 19
328 448
78 167
524 418
301 480
415 516
294 212
435 422
355 295
417 410
454 332
111 464
101 160
225 189
218 395
521 400
242 145
239 90
365 100
382 469
363 348
281 331
313 357
204 299
426 150
290 12
89 21
273 213
144 56
340 209
158 421
96 145
318 87
55 139
150 282
352 327
342 351
540 492
333 253
63 199
222 263
88 27
419 523
167 126
202 183
215 88
402 108
49 37
418 466
17 434
442 113
183 115
109 317
83 525
289 476
7 318
213 6
393 415
472 186
15 539
465 538
279 126
197 413
205 477
36 459
185 501
446 318
277 333
438 273
432 289
274 185
84 117
256 309
135 493
155 69
534 6
154 223
72 212
392 125
147 381
217 494
516 354
352 158
391 189
415 469
435 464
351 18
225 170
188 31
522 528
112 535
299 274
267 534
228 378
246 354
64 384
484 134
275 453
381 78
457 307
226 87
256 73
170 409
302 144
39 515
272 529
20 292
172 243
263 335
210 359
320 211
47 167
196 490
500 256
146 472
224 516
279 268
483 433
53 125
51 175
14 443
257 529
400 253
53 327
216 102
530 451
474 213
314 162
58 192
103 154
137 484
167 329
282 40
144 319
278 24
424 255
155 82
39 110
312 33
112 159
532 409
511 392
146 64
154 424
103 391
424 427
372 342
176 473
135 65
347 339
370 446
116 165
352 44
429 228
55 26
359 536
395 367
185 345
355 224
364 107
411 456
287 251
361 97
248 252
23 532
119 74
173 327
481 32
151 201
495 339
438 521
507 253
80 40
540 48
351 183
429 167
182 223
414 243
314 4
508 30
457 297
526 307
393 39
132 179
288 164
498 381
519 504
533 392
311 269
11 221
293 165
366 295
328 416
171 307
203 470
328 525
292 32
215 36
111 354
337 143
264 453
468 275
375 11
261 88
320 416
87 25
437 241
67 263
141 355
323 500
456 52
293 142
333 186
115 453
370 54
405 30
344 232
70 66
266 59
75 272
207 411
428 445
520 316
300 380
510 302
531 212
367 29
223 191
313 418
449 98
458 73
476 39
228 517
66 429
410 126
222 106
470 339
277 500
267 154
502 113
124 190
58 410
130 27
35 339
369 487
443 390
29 7
83 355
233 530
377 491
276 521
13 160
436 26
369 252
269 490
488 308
406 197
467 443
173 427
79 100
273 293
375 63
20 374
330 345
403 411
393 90
183 273
36 253
309 143
340 98
528 119
437 524
262 323
324 450
358 220
279 382
372 87
374 515
460 399
59 247
262 444
346 51
341 361
389 215
495 497
436 179
167 99
111 157
56 64
293 446
357 320
105 188
87 198
508 522
20 195
183 147
306 182
377 30
129 61
532 57
247 69
83 309
241 378
198 140
432 513
295 298
266 403
4 426
193 399
70 362
154 35
400 45
26 36
145 446
170 265
388 465
511 227
224 531
57 394
243 377
219 158
183 321
522 322
228 363
510 392
104 335
425 397
137 525
243 496
290 431
372 100
94 364
37 67
404 380
439 264
360 242
92 346
506 110
282 211
374 399
429 295
269 109
337 70
384 443
368 89
44 209
241 540
7 204
188 69
265 178
8 415
531 207
449 285
408 119
371 500
216 229
374 434
502 217
189 154
485 524
367 9
242 202
380 323
357 537
321 99
449 119
197 231
156 502
246 41
277 430
19 65
474 172
31 168
135 508
122 265
258 280
25 264
86 526
462 481
197 103
465 383
212 256
88 120
459 229
272 412
78 531
178 95
317 35
470 385
312 178
385 133
505 141
510 458
523 469
120 69
12 200
380 168
226 354
406 498
168 284
332 3
228 334
391 398
307 334
54 394
424 168
1 86
172 151
357 44
498 245
403 216
447 115
419 235
445 107
245 129
114 208
11 206
532 270
528 110
15 167
115 164
35 470
361 424
441 508
450 339
77 485
491 364
261 443
275 373
419 84
164 521
521 189
46 117
429 81
254 317
39 133
337 533
309 323
271 214
348 7
148 135
29 101
422 373
33 354
441 482
80 95
344 408
225 149
59 330
380 65
520 231
375 502
317 536
529 401
141 374
367 109
509 340
344 411
499 12
140 26
466 497
236 208
277 279
53 122
405 144
485 172
283 471
235 473
399 182
72 187
15 531
538 121
268 534
477 449
510 369
14 224
538 56
169 4
136 491
16 400
536 156
90 399
93 292
364 516
390 320
471 299
239 426
230 444
478 461
313 432
235 397
290 164
71 53
399 276
291 393
315 504
65 391
190 205
186 77
450 75
246 384
42 335
24 93
91 289
409 41
323 426
264 350
483 429
275 325
289 540
22 333
530 190
45 422
90 3
393 351
290 41
433 261
468 106
469 234
441 479
274 373
238 477
468 127
452 35
385 212
296 394
98 338
28 236
381 483
25 509
19 204
84 130
153 208
510 368
367 216
440 496
162 399
207 225
437 100
161 37
260 465
330 220
11 29
436 328
532 118
3 94
368 284
100 117
447 237
375 36
57 145
494 2
338 343
52 386
397 450
359 185
353 133
336 521
392 334
222 463
6 308
23 343
159 100
107 233
491 289
212 218
187 231
369 237
285 204
6 232
503 83
539 206
384 469
8 464
51 24
280 408
247 373
68 481
527 298
151 194
354 420
147 388
259 405
430 329
328 322
293 355
298 535
500 99
207 192
524 278
296 528
7 105
529 461
143 117
252 142
165 482
273 360
158 261
536 421
497 137
113 374
141 178
438 291
258 118
400 181
269 146
505 378
8 107
342 313
7 484
117 115
323 464
440 305
525 347
205 535
391 100
87 470
293 73
185 272
56 187
168 342
446 498
404 272
19 304
354 137
418 174
264 281
7 390
29 50
410 215
366 469
123 530
293 518
212 481
223 169
245 205
21 496
348 386
86 168
104 186
226 384
450 33
383 197
18 207
213 96
523 244
5 354
453 193
505 90
2 363
291 169
284 12
312 341
524 1
86 220
40 326
419 156
330 470
104 424
236 196
276 433
358 260
134 455
130 335
532 523
173 319
240 334
117 410
524 484
214 353
486 476
499 269
48 201
230 186
472 2
441 153
32 59
295 535
494 150
289 417
293 502
167 194
357 214
57 113
361 179
180 64
373 317
418 373
194 438
304 212
305 36
172 55
259 234
320 437
514 163
398 132
70 289
324 191
132 199
53 24
221 156
138 176
187 157
289 165
142 409
385 10
193 405
420 431
258 225
254 233
177 402
449 39
236 76
376 482
179 150
145 531
507 88
173 101
30 356
406 142
288 68
330 173
384 14
193 482
37 366
409 382
341 133
453 361
326 373
93 393
207 110
533 479
516 146
47 529
49 167
150 444
17 317
454 161
174 76
212 165
38 244
2 57
86 153
157 48
455 198
379 175
375 225
430 89
516 201
183 402
477 43
253 426
28 210
533 188
34 339
33 314
392 196
300 75
517 512
224 285
446 283
77 493
308 47
313 524
234 236
99 437
42 310
398 135
165 383
441 398
205 517
309 475
526 520
122 387
59 212
34 453
222 299
514 434
297 259
108 485
50 157
536 371
397 143
39 61
256 214
320 13
141 152
31 155
21 368
248 141
408 299
358 198
73 369
522 501
317 327
341 162
188 253
136 466
53 470
422 222
12 532
195 78
143 411
87 91
39 426
316 160
138 40
393 203
433 196
181 302
234 212
12 299
195 348
165 69
107 471
158 451
306 154
149 530
242 512
472 16
122 411
163 37
74 9
305 136
514 395
97 241
185 151
312 181
305 488
314 523
396 319
522 387
330 165
403 432
422 241
291 523
109 384
106 221
169 49
175 231
144 158
64 447
461 325
425 158
412 368
130 528
5 206
371 194
292 185
136 88
413 88
283 53
289 484
431 14
330 226
420 17
376 386
292 533
150 39
29 442
520 458
168 152
73 189
268 335
138 247
403 382
76 386
495 243
341 495
450 476
188 447
394 204
162 195
303 104
465 240
512 62
309 144
509 88
359 527
108 86
489 11
62 244
315 198
125 94
230 180
465 232
503 521
335 319
446 451
447 236
507 32
144 516
68 324
441 78
259 100
98 167
283 365
1 353
337 456
490 183
110 471
220 408
163 359
470 494
394 377
207 511
255 88
489 318
200 392
369 3
357 365
223 66
362 134
470 377
11 450
228 480
278 369
130 446
342 285
214 83
489 532
104 110
385 531
180 85
239 48
311 81
345 67
455 520
99 114
171 113
239 435
264 245
289 197
108 297
178 403
537 135
261 74
488 191
313 147
56 417
517 49
396 452
246 212
236 293
229 128
123 344
206 91
45 396
486 278
99 416
361 54
316 330
350 359
293 324
229 408
124 130
311 135
486 271
231 20
131 523
479 176
56 317
402 384
374 151
356 505
45 312
280 411
36 66
188 419
184 96
485 473
248 341
288 491
139 458
140 51
462 130
216 257
43 66
88 439
98 538
406 505
391 106
85 41
301 255
452 87
490 453
268 255
439 328
443 300
155 414
205 63
249 489
139 256
463 247
159 141
432 296
456 418
451 269
390 478
132 136
311 408
297 250
10 127
31 115
112 504
318 115
361 219
319 477
253 311
50 433
344 103
163 454
391 540
287 100
187 333
492 480
438 173
80 506
292 23
428 100
89 76
451 438
400 504
287 485
502 253
451 7
383 189
469 302
211 296
384 346
346 443
404 197
185 342
192 130
149 160
262 90
83 166
23 203
331 97
290 282
186 53
487 137
246 489
391 524
495 259
278 373
263 355
536 458
479 182
23 101
245 511
70 530
10 170
62 286
163 312
117 297
204 263
451 212
516 68
447 419
503 532
390 435
91 225
190 459
192 357
400 212
469 291
291 333
317 469
427 306
52 55
503 15
104 428
308 387
59 91
188 305
321 279
279 453
29 272
61 504
147 389
15 51
360 368
174 495
427 6
411 127
361 445
480 307
340 277
15 259
487 22
91 185
227 87
428 238
370 465
228 464
334 275
360 372
474 24
216 275
515 362
517 138
439 62
58 246
142 43
8 459
93 506
408 25
129 357
123 83
423 528
494 522
115 328
438 53
356 408
80 478
331 416
318 467
380 400
522 384
233 109
423 358
433 132
479 351
431 224
9 393
173 474
232 31
360 334
434 269
239 485
223 144
302 477
322 123
302 362
135 271
265 496
144 40
81 294
512 236
151 165
8 255
419 53
525 60
79 461
55 205
65 419
331 140
11 3
97 136
525 281
146 5
304 487
189 112
259 282
385 268
516 165
501 300
262 228
114 53
24 61
58 83
220 149
487 329
222 252
116 527
225 401
38 36
101 200
6 358
103 540
369 459
463 326
113 50
137 159
142 365
158 433
26 94
103 151
524 508
385 482
112 383
119 22
46 11
376 183
5 181
419 305
160 357
467 114
195 414
193 311
312 390
87 533
93 270
132 293
294 537
258 98
402 186
41 505
330 413
477 155
173 313
512 28
248 205
20 466
236 494
335 49
484 309
73 499
516 44
81 270
349 253
534 37
104 143
343 60
220 202
520 420
486 214
143 402
423 539
342 471
184 449
386 213
161 480
233 444
469 155
130 188
10 154
500 37
509 521
535 477
282 536
538 328
327 235
42 160
129 448
115 16
276 261
371 267
498 537
281 505
412 371
446 455
145 428
22 78
365 89
386 344
59 95
64 202
390 145
100 276
235 46
174 513
311 341
538 316
383 80
220 347
1 247
350 361
426 389
165 112
396 463
477 418
335 460
39 15
457 335
78 408
446 345
527 281
122 133
357 373
142 487
39 76
316 315
390 422
186 140
235 84
473 62
332 360
260 115
162 366
426 229
220 514
398 26
266 534
399 245
354 103
21 328
240 403
27 423
124 146
82 481
194 215
446 96
485 248
402 297
517 366
56 282
162 320
371 203
506 481
199 270
59 248
536 159
208 491
54 176
172 228
10 234
119 147
44 25
492 177
489 114
419 59
30 182
369 230
52 124
453 147
150 187
214 518
236 115
391 297
158 342
343 362
230 290
320 68
379 233
133 228
402 116
458 377
394 486
115 82
60 231
501 33
1 348
280 160
538 341
27 211
331 290
501 313
60 538
475 383
283 300
500 190
313 473
421 236
200 537
421 37
438 242
399 353
309 340
504 321
403 478
43 467
183 166
533 501
264 128
55 71
285 303
265 424
396 367
427 50
186 79
513 524
92 9
495 505
212 483
343 359
488 388
62 14
216 407
282 111
377 526
332 451
230 309
247 343
365 65
394 496
105 144
338 512
145 272
96 340
92 249
523 518
327 379
221 107
369 429
303 344
324 23
116 91
177 93
350 180
53 287
179 504
399 126
261 249
18 206
404 172
113 343
354 155
287 8
429 177
317 229
77 415
261 214
347 241
453 157
19 168
95 451
361 255
30 404
476 498
416 247
539 247
494 494 494 494 494 494 494 494 494 494 494 494 494 494 494 494 494 494 494 494 494 494 494 494 494 494 494 494 494 494 494 494 494 495 494 494 494 494 494 494 494 494 494 494 494 494 494 494 494 494 494 494 494 494 494 494 494 494 494 494 494 494 495 494 494 494 494 494 494 494 494 495 494 494 494 494 494 494 494 494 494 494 494 494 495 496 494 494 494 494 494 494 494 494 495 494 495 494 494 494 494 495 494 494 494 494 494 498 494 494 494 494 494 494 494 496 494 494 494 494 494 494 494 494 494 494 495 494 494 494 495 494 494 494 494 494 494 494 494 494 494 494 494 494 494 494 494 494 494 494 494 494 495 494 494 494 494 494 494 494 494 494 494 494 494 494 494 494 494 494 494 494 494 494 494 494 494 494 494 496 494 494 494 494 494 494 494 494 494 494 494 494 494 494 494 494 494 494 494 494 494 494 494 494 494 495 494 494 494 495 494 494 494 494 494 494 495 497 494 500 494 494 494 494 494 494 494 494 494 494 494 494 494 494 494 494 494 495 495 494 494 494 494 494 494 494 494 494 494 494 494 494 494 495 494 494 494 495 494 494 494 494 494 494 494 494 494 494 494 494 494 494 494 494 494 494 494 494 494 494 494 494 494 494 494 495 494 494 494 494 494 494 494 494 494 494 494 494 494 495 495 494 494 494 494 495 494 494 494 495 494 494 494 494 494 494 494 494 494 494 494 495 494 494 494 494 494 494 494 494 494 494 494 494 494 495 494 494 494 494 495 494 494 494 494 494 494 494 495 494 494 494 494 494 494 494 494 494 494 494 494 494 494 494 494 494 495 494 494 494 494 494 494 494 494 494 494 494 494 494 494 494 494 494 494 494 494 494 495 494 494 494 494 494 496 494 494 494 494 494 494 495 494 494 494 494 495 494 494 494 494 494 494 494 494 494 494 494 494 494 494 494 494 494 494 494 496 494 494 494 494 494 494 494 496 494 494 494 494 494 494 495 494 494 494 494 494 495 494 494 494 494 494 494 494 494 494 494 494 494 494 495 494 494 494 494 494 496 494 494 494 494 494 494 494 494 494 494 494 494 494 494 494 494 494 494 494 494 494 494 494 494 495 494 494 494 494 494 494 494 494 494 494 494 494 494 494 494 494 494 494 494 494 497 494 494 494 494 495 494 494 494 494 494 494 494 494 494 494 494 494 494 494 494 494 494 494 494 494 494
