2000 4000
1334 306
211 1345
892 1761
1076 1357
892 911
229 766
1804 1715
1021 1785
319 1420
213 214
35 644
690 1498
328 1887
692 617
587 51
256 1348
389 248
126 621
1505 42
379 1440
620 1392
187 1918
407 1714
1512 1322
945 45
744 1595
1948 1413
1435 1193
79 210
1705 1689
1045 1584
1020 770
1467 350
343 1071
1802 606
648 160
1264 1541
1994 336
395 1186
1223 47
1694 1471
1323 583
1853 353
923 1824
188 855
1811 1574
1863 809
390 165
457 1525
768 368
1611 1750
273 400
1384 1774
40 373
931 1841
537 355
1875 352
283 1717
824 82
93 1775
1298 759
980 1448
789 1285
1894 1962
139 936
291 1913
537 1241
52 958
843 584
1769 1001
324 1901
1089 534
1492 221
422 1177
532 439
760 1949
146 1415
934 1963
1434 1546
414 118
1376 97
1013 860
14 687
147 1702
185 1357
126 78
1604 599
1455 1464
916 428
280 1750
583 871
1466 440
42 744
1266 426
1204 932
14 1707
1213 1883
590 699
199 1770
481 1131
363 575
1274 1668
1422 1608
1933 1591
1296 1306
1416 644
1858 1394
1726 1302
1414 47
1958 1005
9 1250
642 1232
224 1292
1313 1312
1612 1629
211 1269
480 933
680 471
162 1344
609 1833
13 24
799 197
1615 1587
83 1965
895 1177
7 1611
1365 1210
1805 1362
550 771
355 1747
1959 1388
922 625
1990 274
330 853
1944 1603
1335 1211
1640 659
1136 1012
1589 662
1743 1759
1493 755
1553 215
242 370
1643 1700
1072 1010
1826 1392
582 1248
315 391
426 420
1957 1142
250 805
1466 1485
1528 1726
1475 763
92 1461
1148 734
1233 1832
909 1727
660 1542
40 650
1202 1657
723 1208
1322 1185
1007 1984
644 787
730 427
82 426
806 785
1295 1028
608 1610
1632 1556
624 901
600 504
1706 996
355 125
1991 1075
967 507
682 983
1425 1776
1960 1755
1518 553
1846 149
1089 966
387 1087
848 1761
967 770
1481 855
1396 1975
148 1280
885 678
1197 660
189 1468
1185 1264
1689 1930
858 101
654 1441
373 916
1661 1901
267 1377
549 614
828 693
353 1798
1761 1036
1104 1164
376 942
940 361
1030 452
1078 1622
894 1487
801 1400
1652 604
772 1220
1998 114
1171 1060
523 1332
964 402
1179 1651
649 1639
1625 22
1758 73
169 1041
581 1825
690 1269
507 934
671 726
1782 352
694 1316
1792 1789
1394 1881
1631 280
857 4
735 1076
783 1498
782 1212
1264 537
775 1114
1447 1819
153 1215
1008 1959
1232 1780
971 1143
645 1498
717 1502
342 1778
1674 1735
1628 642
1464 3
1382 1509
471 715
495 1572
951 778
41 1698
1189 1526
1024 1780
1771 1027
951 1122
1962 130
699 272
1691 588
402 179
1599 1249
1443 1290
635 875
1805 1684
1477 1122
271 1941
605 1068
339 183
1926 1367
826 1646
453 236
427 515
1993 1865
425 1461
1236 253
1517 1688
1828 1430
1413 27
298 1145
1 595
899 432
719 618
796 1164
1140 611
1572 509
969 1501
1244 444
1114 988
425 1551
1039 679
985 304
1097 536
727 331
1570 381
1296 1029
1595 50
768 1671
93 203
975 1223
1406 954
1447 866
288 519
1187 937
737 1760
1630 914
1559 1953
1508 1232
1530 36
1215 486
1917 1647
15 702
550 36
1481 835
583 1706
1803 334
901 1278
1685 336
1968 1964
1198 1713
1327 226
1201 355
1874 1522
1084 1657
1713 18
1105 259
1630 457
50 619
1975 119
269 1574
133 820
1483 292
1845 1385
4 1102
609 1609
1459 684
597 1675
929 1675
43 1951
143 1857
1205 1733
454 173
1483 1249
906 432
636 548
349 1401
156 1214
356 686
739 1827
564 382
978 805
647 1990
615 483
491 704
1279 228
1784 1894
1668 1230
1174 1956
491 1850
128 1771
794 556
88 68
362 1048
648 963
1975 850
312 555
1072 1589
1478 1273
1748 1473
66 1876
757 836
1832 314
8 503
561 891
1945 792
1496 1632
1205 1085
1168 797
482 266
842 961
1935 771
964 95
1800 1851
1737 927
470 432
1306 1875
530 323
1682 29
647 164
1670 1336
1225 661
1823 1752
1885 1220
1141 1366
247 556
1223 560
970 247
573 276
1403 101
1297 131
1823 414
623 688
887 191
1145 1438
1442 491
939 324
15 641
375 1588
255 1735
1532 766
1238 1987
928 1395
1692 263
1009 447
1252 661
570 1922
1809 1944
1417 1066
1102 1374
1146 1545
604 565
675 1311
1856 557
1838 1300
182 1272
650 1353
1873 1488
823 1396
626 1425
1919 1263
1908 1206
94 243
1842 1982
1368 1682
1815 12
290 23
721 318
1294 304
983 1924
1471 449
1024 572
293 1630
602 437
1173 1454
813 418
1183 171
1722 306
977 178
1489 1795
871 982
807 1811
983 1660
1409 294
1306 575
1664 421
985 1691
806 25
350 1762
560 146
1374 1868
276 1061
400 155
1202 638
768 291
642 1002
1361 68
1807 1781
1763 1835
1032 583
1980 1308
240 876
1657 357
1819 843
1284 1218
33 524
1753 1335
320 1050
1130 866
758 1168
816 1856
1901 288
979 771
692 1456
1308 602
166 1372
1437 970
1019 790
588 224
673 1204
667 977
1062 544
1505 979
1506 543
159 1400
374 1686
1898 864
1268 656
972 1348
1065 1513
1440 829
1441 35
730 1095
782 1974
499 681
307 1374
1023 1382
1891 892
1741 1200
455 166
28 422
902 997
1773 280
408 1793
162 52
1629 93
1472 1486
1731 652
1231 1426
158 1718
646 1396
996 617
1195 674
1487 762
1856 1047
1897 922
1216 78
681 1299
1419 688
1593 1974
704 650
1392 1718
1885 350
1029 1412
186 1532
633 1126
909 1281
993 500
1313 518
13 1819
506 1858
1438 1517
1381 1720
1519 1596
312 1981
1196 625
299 1667
1198 1953
951 1904
356 1992
1038 765
636 233
1081 953
231 1644
77 1557
1435 785
571 1457
1469 1218
948 254
115 806
353 888
394 1531
811 343
1591 397
459 836
167 158
1321 1426
1121 1617
211 114
1736 637
909 1266
606 1599
1027 720
759 1194
1541 326
1621 1363
1406 23
1898 531
1647 853
866 1480
1571 1981
1894 765
1051 1915
936 1820
1622 1121
271 524
878 280
1083 191
860 1959
889 1478
1626 389
858 1660
194 1677
1216 625
85 1523
987 964
506 416
1129 365
494 742
1267 632
1893 1088
1301 1977
22 599
1977 290
487 1471
314 1270
691 1668
994 54
1455 288
683 863
629 1878
1819 971
201 32
1788 48
1157 1079
1469 1159
1815 170
1215 1509
561 489
1621 140
24 1506
851 1328
1299 1376
670 1570
1097 105
63 1991
710 1653
647 826
977 827
1809 968
894 1378
471 994
55 913
1564 628
1975 1409
1097 37
1127 838
1356 373
1869 1310
130 939
479 1423
1674 270
1562 1211
450 596
186 1880
1848 1171
90 1763
559 297
1591 1236
1896 993
1309 1220
1234 123
1241 142
1868 1158
1324 326
1008 668
1357 804
1679 1654
1796 37
363 1738
1569 966
333 444
317 1035
787 918
1893 147
273 1455
154 548
1349 36
327 1949
1434 1704
1585 1008
1625 707
1501 1033
1220 89
109 1213
1028 1039
717 884
220 628
188 560
1367 404
676 1122
786 49
754 457
324 1124
1192 120
110 1824
719 1032
20 1700
1919 1615
189 842
1466 951
1247 182
1567 581
184 241
801 179
558 1885
449 1918
48 598
371 67
1834 793
1342 1542
1789 214
9 602
324 716
1147 257
1968 667
306 728
1020 787
319 1690
690 1626
1091 950
433 1640
1422 1996
850 1212
1002 418
1023 952
1777 247
1862 1294
1027 1678
1236 196
1141 243
530 1111
1544 258
1463 1775
1032 850
1211 1798
1569 958
1351 1472
448 1778
457 153
112 604
1994 1159
387 160
417 1906
1102 899
1957 1323
1049 204
1479 1221
22 223
196 946
1 1873
1301 1403
1162 1533
487 1013
1258 801
934 832
1757 1404
997 630
957 1807
1648 272
341 1159
1134 916
720 1554
834 1172
1176 1721
570 1664
1240 1591
802 1536
392 905
1506 1520
1907 446
278 684
1430 776
623 1660
1872 653
1959 1289
33 780
739 342
39 793
1964 314
90 641
725 1156
1945 48
20 381
366 786
1206 1381
1199 204
533 1481
1613 683
1519 1088
1825 137
1837 1788
808 250
427 1492
1331 81
827 625
1184 604
1497 1394
1489 212
1626 1905
856 1503
228 1450
1927 1825
240 616
1149 1304
1978 858
1487 956
503 1004
1006 1861
769 799
1002 1192
1270 1300
65 1986
1502 1424
1371 162
995 1274
696 374
1204 1825
577 1620
1457 1512
273 574
559 1245
833 1880
1622 1778
1350 1850
320 533
860 276
218 281
1843 220
538 1001
223 55
1760 1846
633 1956
1768 110
774 1557
373 1141
1717 1319
508 1910
962 1945
1406 860
630 973
1226 545
967 1987
579 219
1120 1947
1885 888
1561 1691
1661 1236
441 1720
407 1029
1928 1280
1771 1551
1603 1781
48 1352
911 46
145 1545
918 43
557 1121
1759 1113
1982 1378
1332 1823
763 780
787 1946
953 240
1154 1862
577 1039
622 1665
314 1018
1706 1807
505 174
679 1778
1856 1461
685 87
1239 1364
1599 865
1633 1168
454 1617
201 979
1430 98
1496 1573
229 1764
309 44
1849 532
653 1238
1848 1982
1438 1867
598 137
1043 1115
25 1124
652 1941
1681 1838
1013 1876
1063 1301
48 1133
193 1853
416 1300
1446 1920
1125 1386
1768 406
608 333
100 1321
1190 1311
190 1194
8 1247
1912 434
523 584
753 1228
1466 1248
350 192
1233 17
723 406
1246 1649
509 1204
1850 1440
728 845
267 101
770 1421
1848 893
1750 1742
42 1630
1403 439
156 1996
573 504
159 1692
176 514
698 705
119 807
172 230
1733 1777
148 379
396 1378
254 496
511 1654
1505 1945
78 1295
1317 191
670 1827
809 664
922 975
698 702
1058 1430
505 247
1133 969
1081 1795
210 961
1735 135
650 256
909 1286
1853 431
1863 1084
992 1018
455 1755
1177 1624
777 765
1572 1668
1128 1917
179 758
1259 664
987 1717
63 366
1767 488
171 1196
319 646
1512 294
747 499
722 640
1470 1041
1758 210
554 873
1793 1702
1497 210
1644 826
1472 1924
140 1076
1593 1397
603 1339
928 369
1470 962
826 389
1362 672
138 602
83 1143
1473 1933
1095 898
1096 432
222 162
170 1655
626 1155
850 1716
782 1438
480 1862
808 1816
992 1340
1239 1116
734 1723
197 1620
1564 1296
387 819
1613 1357
1269 1213
1735 1107
463 572
1491 1976
1993 1693
216 1241
1566 723
1501 1360
1835 547
1923 1930
193 622
1564 1844
1416 239
1012 543
567 735
1994 813
758 1246
411 1011
1849 1733
933 1902
1378 478
888 538
114 1880
27 1719
1928 1820
1358 1011
292 1517
1782 399
325 1950
355 518
1865 1387
1447 451
607 56
743 1587
1309 1956
711 1646
428 1647
328 1526
673 605
1355 948
869 1706
196 142
1302 559
1010 246
332 1322
1048 1929
1800 1918
805 1278
604 658
1977 1385
1284 382
831 225
1307 341
986 91
1780 59
1302 324
960 982
1080 62
257 1086
1284 1227
1441 312
1123 1120
1855 1166
1052 837
585 979
804 1589
1031 1634
1707 1475
1527 1724
1232 1992
1018 1997
1435 731
990 390
1806 30
848 1476
853 1683
17 1438
805 460
1877 481
1257 1400
1168 1532
12 276
437 547
1169 248
1446 663
1824 130
1831 1208
140 1691
262 1834
1567 688
1159 723
1840 1676
64 260
485 920
1758 360
8 780
199 1181
189 1618
1130 975
422 631
141 66
623 1951
121 519
1633 46
1426 1326
254 1996
1259 96
1458 1021
1159 1269
1533 468
130 1118
734 969
838 1212
955 913
937 1435
289 1272
29 1387
1641 1633
1678 1692
1800 1065
667 1856
790 1693
240 696
1558 474
651 472
953 1161
1235 1288
1996 1779
1133 1182
106 1027
1119 96
206 215
850 372
496 1648
588 871
1270 464
1865 711
621 548
1053 1541
1728 275
1500 1338
1050 965
1351 646
1672 1700
1324 556
1358 997
1220 203
1535 1789
71 948
1843 407
1393 261
1552 1
1876 571
1605 1777
1926 1234
28 630
18 598
765 1104
696 1999
668 864
1057 626
190 169
632 1653
71 102
1894 278
1573 1481
1825 1077
364 229
1265 1471
378 1244
413 1464
1300 543
1926 433
161 1288
940 831
951 465
689 1500
175 183
1109 1394
712 1156
1004 1377
987 1290
704 248
202 783
407 1168
1706 359
1206 1452
26 1047
585 1108
936 1354
1378 548
1613 1804
169 71
1580 1653
340 1169
415 1649
1876 346
1226 380
1783 1822
1781 1203
163 1960
1849 1273
983 146
415 1887
946 1287
301 1469
545 1843
432 821
1691 494
200 248
467 313
1967 1431
1260 805
168 1705
476 497
1233 752
718 1321
1784 674
1166 902
1943 1904
1048 103
1312 1831
179 791
687 1995
195 252
940 1239
1624 1632
1794 1124
1199 1224
801 367
203 1541
1550 1411
618 8
1392 947
701 303
353 265
1957 1069
1426 1951
1708 1163
1472 765
1750 979
1606 532
1011 1240
1071 854
1967 310
973 1609
1943 532
727 1339
1117 1171
314 839
396 321
1642 1565
216 682
40 1411
260 1028
275 1293
901 1442
392 439
349 1811
1694 1833
866 998
624 3
1143 1201
158 973
787 585
1638 1912
1430 1339
1495 836
806 489
784 143
1977 1299
616 421
1352 1727
5 247
1417 411
505 1552
1937 1752
1981 561
1551 363
680 1733
572 1638
1970 46
124 508
1496 1835
229 1344
1795 1835
1754 1810
1405 1268
103 1358
1232 263
426 1037
1601 1056
1166 1398
152 1484
188 1637
23 1287
490 947
1741 438
1377 522
917 911
1508 489
393 678
612 1495
634 935
595 311
1220 1897
425 1798
681 456
1127 1053
1209 688
457 632
756 952
189 199
1299 317
1106 1741
1675 1462
1640 1844
843 848
1341 1865
231 342
998 1401
1567 842
1750 215
195 729
241 1967
679 1022
1360 446
705 1411
958 816
1158 871
985 1325
1647 1448
1804 235
687 1916
1567 378
1515 81
1236 788
1165 1784
856 1760
1200 993
473 895
565 1842
73 270
425 1457
685 1357
208 1197
207 1090
1056 1089
355 1388
1547 313
864 1976
1474 604
1736 209
1302 1174
1626 1043
444 224
690 341
1329 358
97 245
1765 151
1138 552
717 1749
1503 1623
481 1187
1746 1482
792 1118
1066 657
244 829
596 986
1193 89
585 888
74 1575
1559 208
1030 990
720 962
958 1507
667 1320
1948 1129
646 1990
280 1430
290 858
1672 1576
1959 190
1070 156
580 516
963 88
1938 655
630 833
1227 1426
279 1923
1091 951
222 146
1214 872
355 554
106 1481
177 1099
1186 1476
933 683
831 168
1255 302
1534 1356
867 2000
592 888
447 514
1557 1253
1051 1427
1290 732
265 324
1182 1103
1809 1776
658 401
1832 1100
1384 347
1273 1434
1908 1907
1473 1354
1019 413
1142 445
1305 1700
1193 310
1689 201
1068 294
187 1221
1603 1158
962 499
1501 361
1903 501
921 243
756 754
684 635
790 528
322 399
1383 208
1391 1476
1729 1068
364 957
769 339
1255 1131
724 1170
1215 1501
26 1051
833 1548
304 302
1098 1409
1734 840
1815 107
632 191
1768 1909
432 1139
1452 573
214 1491
146 751
1930 1410
926 1629
955 931
778 570
1513 1435
1313 146
387 408
514 787
13 36
436 1616
1156 1304
1549 104
790 1487
1695 587
813 614
724 1286
588 1523
629 1619
1715 707
1870 61
1719 1373
226 108
907 408
833 329
1287 669
1943 1282
849 1777
1173 1815
1786 1080
1063 1093
1783 1482
1890 994
1527 986
845 202
1175 1340
1638 165
1912 1105
546 306
407 298
1758 927
1293 1879
243 332
25 1289
1900 668
1385 958
542 1479
1928 368
874 710
918 746
1016 399
1577 548
1772 926
869 655
817 1243
1888 495
1835 1104
92 51
250 1067
1784 620
179 1286
965 590
459 1084
1820 1123
483 1480
541 1056
602 901
121 1809
314 1974
536 1490
1830 690
1233 1293
1660 1088
668 303
1339 3
344 1821
222 680
1068 1298
321 1016
502 221
1476 500
288 1974
886 184
1989 624
553 1283
924 1018
1608 1274
1334 539
503 586
1918 992
20 1349
485 726
945 582
1913 725
113 1411
1266 1873
1824 916
1972 298
1641 1832
972 625
132 613
348 553
1135 1252
954 1274
1530 1802
1288 75
1890 1733
1889 842
16 1015
1822 1085
1168 734
1484 1580
1355 1195
463 455
739 1926
474 1597
336 300
994 533
817 1836
447 1896
868 498
1739 208
884 502
1970 1300
1965 524
1928 593
1675 862
1320 66
1284 1522
733 1942
870 137
346 748
675 1894
798 1035
378 1836
653 1118
443 642
1647 1486
46 1230
1481 837
115 1602
1369 975
1284 865
1176 470
701 1123
1307 1546
772 283
559 592
75 551
1767 1368
1402 63
834 1159
374 699
25 679
432 1465
266 1214
517 518
341 1153
1427 1351
1241 1927
1343 1960
1466 1682
1786 55
1021 1764
977 1968
1132 815
1410 1335
1915 1958
278 1129
505 1478
1664 496
227 1734
819 616
187 1197
1939 460
1868 1982
1961 750
1870 1102
1964 1399
883 1245
1868 1220
126 1980
243 856
1071 302
252 411
987 596
457 979
1313 314
608 1977
1560 1894
669 158
1254 1197
1667 71
1371 1816
1936 719
888 1643
1583 495
1440 1373
1862 267
1979 1848
1476 1615
384 764
235 800
547 434
1591 405
1752 1402
375 671
463 1625
1809 915
1675 1077
555 1135
437 98
506 1205
1205 400
522 1793
1667 1490
1132 816
1887 1850
1088 314
1587 740
659 541
1866 1134
1947 8
1177 1386
656 1992
619 537
738 514
919 164
493 137
695 305
1468 1342
1866 1184
779 200
230 908
1269 1419
145 1150
1047 1111
225 1668
1733 1970
1424 1537
1339 1639
276 815
74 1353
838 444
1735 1251
1053 935
563 917
409 1782
855 1313
1735 941
69 1329
810 1267
1172 1819
1308 695
1082 1698
1027 1912
1192 467
33 1427
1036 314
1705 1511
1316 244
108 447
277 469
991 189
489 1160
1257 1041
22 1527
1107 774
1457 1006
623 1094
1213 787
451 1516
1215 1345
1847 346
1101 899
930 250
52 1508
325 661
1748 512
547 1139
52 1028
655 1539
282 1122
743 1424
157 759
724 1626
1787 468
1922 360
425 1872
1382 1758
1360 1037
1498 790
603 1575
585 503
1425 1762
1838 1928
1223 425
1273 72
863 1016
1956 1477
1962 1478
1207 40
333 78
393 1978
1178 180
401 938
233 144
893 1274
620 1007
1473 1905
474 1370
1984 12
46 767
410 48
872 1059
239 217
464 1388
1067 627
871 1305
1690 951
1434 1627
1108 159
1066 1836
598 585
144 834
1326 862
289 1072
58 358
979 1119
585 1286
1432 482
129 453
798 248
202 273
1815 1939
1879 1717
537 1208
88 105
1109 122
1068 1643
1612 1085
1266 209
635 1842
96 1031
88 5
142 604
177 437
1840 840
640 1936
408 1837
1362 1118
1953 737
352 1229
1424 1084
1861 385
1420 908
1235 1586
1780 1210
1541 1291
888 486
1322 1318
246 147
1300 937
522 1625
362 14
1911 895
1018 838
37 522
788 331
1627 1989
1220 416
321 1478
818 756
561 1667
25 822
1637 1261
1148 1668
1204 1689
1980 52
1454 1032
1447 1150
529 1471
486 1895
812 682
1007 192
1197 1545
905 1254
38 623
46 288
336 1892
1152 196
1695 1444
1220 32
1488 407
861 1887
8 1125
499 1855
1874 1776
722 1059
114 278
1653 27
1 930
207 1221
922 777
1315 1837
1559 1707
1896 1836
1383 416
182 573
162 43
1282 1457
1907 1957
358 138
633 996
519 1904
1070 1738
1101 850
201 889
1490 405
1334 1564
231 241
1395 1052
682 750
218 31
1295 1072
847 42
171 668
1991 1179
833 354
916 1033
1285 791
687 1987
1151 1331
371 1371
1618 222
691 1656
1680 172
377 259
1126 1502
311 1353
487 1234
32 1128
858 429
1015 1829
1908 715
888 1691
467 559
808 683
765 1094
1590 320
278 1334
1949 150
23 1750
1623 1338
1383 1199
449 1546
1222 756
1544 1511
346 1508
301 618
1530 761
340 1425
297 1764
884 254
1453 1466
218 1978
562 1396
1878 563
880 728
1180 1482
711 764
925 418
1582 168
1030 1586
1365 607
144 1576
1315 1633
1520 57
1631 7
1268 1235
637 1413
1639 207
205 289
115 1164
133 1422
1897 726
1945 436
1033 1740
1137 1712
1341 1894
1120 362
438 238
677 1196
1399 1419
1690 1801
352 69
266 864
1136 202
236 1789
626 530
365 1112
73 1422
1963 89
1673 952
922 869
1862 1271
422 1206
791 1423
1662 1439
826 1425
1756 1355
1834 135
318 1803
1595 31
1400 356
408 1060
870 1294
1769 1213
1057 500
495 783
1193 1906
487 937
151 752
1502 213
172 1775
1777 2000
570 40
932 963
168 1317
585 1619
1620 1544
975 702
1264 1110
503 172
366 1912
1560 1293
1709 755
990 1283
383 1511
409 685
1396 499
453 615
1163 1190
386 1670
1934 133
385 370
545 249
796 1647
511 1628
479 1383
1619 1042
169 1578
872 1805
1337 429
1766 413
1433 753
1100 997
315 1503
1368 1811
256 1663
1196 1564
1522 152
200 1793
1674 895
566 1529
1441 724
896 1067
807 1806
207 63
150 1237
927 1127
1223 1115
238 642
398 990
1104 1414
1213 544
180 1880
1637 531
947 1560
292 1488
500 157
84 1774
1036 1806
123 661
1461 160
411 1414
765 1802
1934 1259
51 1004
1640 677
1143 674
286 1816
1769 793
1558 1513
33 1500
1540 143
1812 1183
794 285
1938 623
456 278
636 213
1611 1557
1248 724
1436 236
1339 1476
1256 834
326 832
942 196
1092 1192
775 303
1471 486
979 277
1605 741
1336 1286
333 128
1816 1483
588 6
1788 591
163 1788
819 1885
1594 519
1849 160
1746 1864
533 1953
927 1706
1578 1595
1640 411
1751 1064
748 1687
205 1438
1093 775
1755 193
1993 67
1898 824
881 4
12 1490
86 1807
1587 1873
1348 232
916 1403
28 1601
549 1063
1261 175
1692 850
526 201
1854 1997
859 1374
1608 954
1375 1713
652 432
1750 1733
540 1144
670 1579
1512 1213
970 410
202 622
615 248
514 1335
1492 1023
1506 1719
953 557
91 1501
767 724
759 504
1484 95
186 1769
1014 1195
1132 617
141 857
72 1610
1163 1695
992 1911
622 1689
1465 1153
1364 560
785 1139
1404 648
514 1677
990 1413
191 1338
1660 648
778 120
469 372
143 609
1696 550
1225 1613
1468 1711
998 635
421 1562
797 328
1629 1482
881 19
1129 672
130 1852
1980 854
46 1572
1425 1464
134 769
287 1981
1064 484
42 48
361 466
1918 236
1597 737
536 1996
1186 1289
1682 607
486 1036
972 785
1349 594
1977 735
360 1904
973 1606
168 568
1423 403
1591 1581
379 1951
1108 637
267 503
12 818
433 1511
1749 1936
1345 1633
763 864
1332 63
876 2000
502 714
549 155
1121 351
490 227
1642 344
1828 1087
59 1084
1974 267
1563 1503
1633 228
115 1404
137 467
38 1453
1357 1369
427 352
1301 1593
1875 874
1059 565
659 772
1224 129
1052 1134
310 1287
1201 730
284 469
667 833
321 431
1900 1374
1276 1050
803 1754
1200 47
1572 1439
577 518
1956 758
1023 740
1179 1437
84 703
1250 1440
743 1817
1005 599
419 125
1419 992
578 1271
1032 1248
102 61
1175 1675
332 1191
1206 1338
723 1750
836 1435
1699 1902
1960 1801
649 379
963 184
1717 1860
1359 895
1386 840
1409 639
1464 1966
1332 1297
589 1711
573 1768
1158 561
337 1489
379 1785
1243 176
754 273
620 748
932 952
262 1107
1884 1105
421 331
38 44
622 524
1906 766
1659 1948
387 382
1832 1711
398 1476
1242 155
287 1115
1295 345
1296 1188
162 1084
640 160
429 931
1757 47
734 260
644 1755
171 733
658 1343
216 1210
843 1814
19 168
402 1646
385 984
171 1727
728 1148
181 1679
1647 870
1294 1696
1560 191
608 917
799 741
566 370
569 117
1793 197
778 1321
1345 330
42 919
1654 1244
1871 715
1695 1603
1361 413
1138 1722
1064 1629
1507 430
1715 602
1896 727
1269 1607
549 846
1786 991
1936 1165
1504 1511
1604 575
1643 1888
1628 16
118 1062
291 569
1536 708
773 846
601 51
1248 964
212 1824
172 680
1893 749
537 66
1422 732
106 1776
183 603
1773 1515
761 727
720 1903
935 1126
1319 1678
185 944
387 1389
382 1950
1335 545
1302 992
1985 724
113 78
1472 31
483 1010
1102 115
1753 328
474 727
1390 693
10 1091
19 1587
1243 904
209 1271
1344 1594
277 159
725 1246
1697 970
969 1590
1964 1509
594 1951
1839 1299
548 615
1511 1271
826 456
1333 838
762 137
1859 876
1409 1320
1769 1859
1899 227
1068 625
1388 92
1564 415
1420 1467
1562 1483
272 1894
1524 1602
241 223
1109 1057
1652 1976
662 766
783 1684
1824 1510
8 387
632 36
972 87
675 775
1313 1839
1148 1919
1940 227
1238 934
562 336
799 566
133 264
372 1725
343 1759
410 674
1449 1417
603 493
789 909
482 1763
945 1869
1967 357
135 314
1491 3
485 1338
826 311
672 500
1466 1786
795 59
509 1038
1782 1643
1701 1839
950 958
1052 818
882 802
1813 941
570 1181
983 583
1576 622
1802 1946
1856 316
1274 1116
172 794
88 427
61 257
1758 1691
1553 1134
1997 1632
933 1016
314 1647
791 411
52 1599
1613 163
313 378
935 1070
118 1103
81 202
848 1752
548 108
1106 26
1238 1143
1444 1727
1501 1005
97 1942
825 1586
97 1231
1082 161
1873 884
966 1484
1820 1587
1369 327
1624 878
588 1842
748 69
1899 952
1936 1021
1677 163
241 458
388 1326
1093 678
75 934
535 58
554 85
3 657
425 132
988 872
1720 541
766 811
1360 315
1065 1504
99 611
34 496
846 1159
1266 637
1995 738
1519 1676
1577 1917
318 1513
1251 59
1710 398
565 1478
1353 1448
982 319
1949 786
1134 1124
1331 424
948 857
1174 1301
14 1012
1843 1952
354 626
498 1452
1602 1537
49 1067
527 895
1686 10
1184 1871
850 881
380 1122
444 1671
1930 18
1894 775
1365 489
663 870
812 441
1988 1911
899 518
1700 391
816 1421
1743 1485
1157 331
1586 979
1499 1202
51 691
697 1442
1821 1885
464 1845
216 509
1241 1097
198 1965
670 655
1020 231
215 1498
954 1783
941 328
51 1972
1345 48
207 779
1613 657
1846 1536
1237 1127
1661 1531
1347 1754
1998 1749
1468 1059
1874 1824
1822 1532
1153 245
1725 1973
66 169
201 1815
1697 456
1789 817
431 1509
610 636
717 1541
1370 1001
1042 1414
622 585
858 1771
804 765
253 874
1102 554
1894 1551
117 773
539 301
187 1789
412 366
825 1840
979 1894
666 583
346 1234
61 1603
609 1327
1080 415
1269 755
99 1131
801 320
1875 1029
1894 982
774 500
1978 242
705 1541
1674 1474
30 779
1596 91
347 442
612 1571
968 283
768 547
1472 1042
1198 1515
432 1635
612 283
1277 372
1665 266
1283 770
1061 1939
1089 698
446 1579
1661 491
1529 990
1812 1684
1390 516
246 847
1005 1036
802 1326
752 830
115 525
768 1926
435 242
278 638
1045 98
731 164
1386 1309
1953 1660
136 122
1221 316
1608 305
1684 142
550 1817
47 754
1882 286
418 1207
91 211
1596 520
777 121
256 272
193 425
613 369
722 1438
1203 1220
1136 918
1356 1793
714 1964
815 1752
1755 1558
438 638
731 1108
62 819
988 577
1285 1025
221 866
1146 131
1104 67
969 945
1266 879
278 70
1645 48
598 1691
551 1886
1750 866
788 991
1239 511
289 352
616 158
1268 1128
611 1530
1933 1300
408 1745
1258 114
1236 1
492 398
1661 1182
727 885
1377 669
765 1355
528 1474
93 996
1180 1824
1429 199
1658 427
1466 1854
1209 365
292 1823
1917 1856
659 537
1424 61
1604 1439
222 1934
313 788
806 144
1283 868
1594 1276
674 328
1230 815
1945 1136
505 1204
583 1066
1746 1719
1696 1311
1718 1869
601 1467
1702 525
10 1129
809 1953
254 181
867 1431
1750 139
618 935
1948 1532
235 387
284 1930
779 590
1408 926
172 949
1229 1158
1553 91
1450 1587
1708 8
673 1930
926 477
1622 1062
652 582
357 313
387 150
818 137
237 1463
872 698
320 454
94 1816
733 904
1047 1624
1609 1327
1644 864
1714 1928
1797 966
1843 1425
324 242
282 1502
1709 745
1234 1190
1009 708
1901 1476
599 232
490 839
1544 865
579 953
511 185
1471 362
1404 400
282 877
1706 853
1184 458
661 1706
236 1808
1655 1432
1072 1070
460 380
176 198
1286 408
440 438
1780 41
39 1924
1675 1490
594 1464
406 914
1058 167
348 520
1732 277
1416 413
952 1631
1400 53
1863 154
524 805
770 1331
1416 1192
371 349
1039 78
756 1338
1303 1221
988 216
1700 1972
389 1971
1448 1598
1151 1128
624 1399
495 920
2 991
1286 1476
265 327
267 798
1757 1281
1840 1709
503 1016
1390 362
915 103
1906 1922
107 1059
1226 371
1781 472
1118 1417
1433 1133
120 963
834 1643
1606 1260
1033 730
941 543
106 1505
1253 1288
905 1370
952 1688
1635 1990
97 1994
1613 546
1260 532
1225 827
713 195
1486 635
949 1173
1504 345
1129 665
954 1335
903 72
1637 1943
250 680
1651 610
1574 1159
272 1882
231 345
1227 130
167 952
1515 74
1809 463
953 1557
58 1585
1493 216
381 1050
1823 709
814 633
1893 1733
1824 1302
1303 1361
825 3
1238 187
898 106
1976 702
688 401
1056 1666
858 745
1395 618
314 1534
703 737
586 989
136 10
840 1861
1365 343
1700 1344
1584 340
1824 274
367 871
800 1300
266 830
480 1664
585 110
960 202
1346 438
160 1741
1149 333
267 588
1561 1375
1429 1488
1064 1195
1412 521
873 1368
1494 1298
1210 620
921 155
1409 761
1085 679
1531 521
1590 1889
1144 585
1293 568
1869 1790
1791 1776
1662 839
831 245
1764 769
1842 1460
155 81
1298 1191
1168 116
660 494
238 821
471 849
911 745
342 1562
96 517
92 716
1064 1549
1611 1280
1493 855
1162 486
1587 653
64 1660
820 1371
1113 329
1610 1048
129 1035
1513 456
743 122
654 516
1545 979
425 9
1731 1036
508 5
921 302
513 1646
644 45
352 1016
1792 1481
1892 524
1374 1963
1451 432
289 681
551 787
701 1157
495 545
413 1693
959 1771
1595 316
616 577
1224 782
1222 385
1893 252
1536 1556
1304 713
1278 197
1957 98
1054 1287
604 1644
921 1009
1016 710
1961 1553
391 941
691 1396
969 1815
1144 502
362 172
191 599
812 1323
70 858
340 1306
1588 1948
1478 974
1192 1698
1075 1842
1260 773
509 672
168 530
1290 391
1015 1024
1520 1064
229 243
483 22
192 1501
703 1434
145 5
1678 670
519 322
1017 834
1167 1296
325 1403
1163 1088
1272 1006
564 1784
1074 1520
1330 475
1538 1923
870 1930
1798 154
1531 506
1380 1906
968 247
1592 650
1048 1636
1846 1840
299 822
1927 1575
1648 1768
177 1596
1264 1010
1924 1405
1252 144
796 47
1284 1894
203 237
1003 302
1605 1547
823 1978
465 1275
1619 805
1731 306
133 1859
267 1979
620 772
197 886
1955 886
1716 900
1404 1838
949 1649
1104 1032
1795 567
775 567
1098 285
834 1799
874 1281
420 321
29 1046
43 60
646 1536
748 947
230 536
579 582
731 154
977 1686
1396 943
414 589
1484 1239
677 978
1819 1544
369 569
484 1055
1543 986
170 1305
1475 575
1730 1599
548 941
932 1427
588 88
803 852
1016 854
1551 1380
624 470
935 1167
841 1815
386 805
1130 1670
1237 366
753 1043
1359 874
986 1217
81 833
104 1232
1873 642
1986 1560
1857 11
602 521
1007 1116
80 1699
731 1657
644 1953
1133 491
1398 467
1787 802
796 167
991 1466
1583 465
1861 1350
629 1707
650 1768
642 11
1280 1440
1676 1565
1159 186
888 1576
1823 98
1957 241
1788 1654
813 1476
1778 1294
1268 1377
1521 1411
143 219
113 1807
1092 300
606 1233
1554 1854
86 802
1232 1174
1109 808
1572 1287
1101 228
1923 1915
1983 1687
1376 1795
1945 736
626 1844
1949 1086
401 1882
813 1152
475 1875
1242 1738
860 1022
1166 23
1869 1662
401 395
1656 820
1133 169
914 149
159 1355
1970 1155
535 1395
1506 348
1078 630
1531 1957
776 665
1880 1971
869 334
890 533
178 769
834 20
160 17
1556 185
462 203
23 1840
1443 755
1755 1272
1744 967
1787 18
727 122
623 1850
347 963
401 332
493 1940
1375 624
1463 1504
482 154
844 1673
355 1142
802 1342
336 119
217 1380
1285 910
251 1613
723 1996
1033 1034
326 1442
1483 228
1061 1576
28 1606
979 220
33 59
1548 1947
432 1363
215 1255
942 100
437 730
92 1796
1229 465
1528 1935
1901 754
1073 1996
1592 1372
515 42
866 316
1024 622
1771 864
105 1844
1823 1087
44 213
1741 1805
685 379
1290 123
1213 1960
909 573
1655 1127
727 1582
1774 747
1954 1018
1796 1152
1528 1830
1494 934
837 1263
1933 1756
1286 1873
1788 1269
181 538
645 1279
134 1714
788 398
1624 401
171 1287
1585 513
100 269
1598 1232
449 1603
1839 1098
1155 1335
995 1095
1750 660
1576 1147
1166 299
312 880
1264 743
1462 1155
1008 769
1850 1473
1574 1312
1658 1731
1676 315
1155 338
500 164
1149 523
1188 70
1994 933
525 749
612 1547
1778 247
835 859
1299 1785
1026 698
571 76
1251 1669
463 826
999 509
1346 1577
912 543
1498 654
1891 105
1201 589
116 1615
393 1912
1233 1088
500 651
1483 896
136 706
1971 102
1261 1130
744 1390
1735 1869
234 142
399 1149
1475 404
1044 1862
1260 713
1196 1922
1447 293
1413 868
214 538
1206 1260
696 808
557 1716
1734 1347
1354 1888
587 1908
1348 669
717 1715
1874 1082
277 34
1544 432
1372 1329
1614 96
478 752
936 623
562 1484
1733 103
1051 470
1444 626
180 1476
1678 631
1475 961
115 1399
1225 618
867 748
1905 1701
248 1428
1379 1793
1488 719
1931 923
265 1639
1133 759
202 1217
230 347
180 1632
570 1444
757 101
1742 134
270 419
309 466
1036 659
1854 1543
2000 3
82 218
1381 1656
361 1359
1669 1679
457 679
252 633
1690 339
799 1873
139 321
1630 1757
1823 1395
1988 134
324 1201
1395 1937
642 1737
144 899
1024 767
1314 346
546 1691
1434 1427
38 925
1148 1103
852 1812
154 1896
1907 1995
1433 778
674 1161
1670 31
892 411
871 45
1001 1432
1741 1407
1312 504
117 1933
907 1918
241 1489
1155 1460
976 1540
1417 1973
1844 1899
479 589
323 1248
345 730
1310 1987
1065 57
1132 1236
277 1208
735 1262
1178 1473
453 673
1305 1513
159 603
1944 1060
1181 1696
1337 1210
469 1073
1810 1624
1302 763
1260 261
194 333
256 1914
911 118
1772 376
57 816
1035 1878
1530 796
654 1117
1834 201
1159 656
1601 1830
1304 38
1275 945
1196 457
1221 48
700 1324
353 185
306 643
613 1697
778 84
1979 1395
563 960
1196 1305
963 1230
3 1324
1660 723
1846 779
268 314
1770 333
186 193
1788 1141
1702 178
384 1400
494 1946
1018 1932
754 1191
33 1651
1330 1522
313 1050
1249 838
155 1609
1499 1879
660 906
1729 1168
183 1489
1910 457
848 793
220 468
775 903
1910 1747
1737 1307
74 1755
329 1683
1013 846
967 848
190 1715
78 1951
259 1640
1823 946
1143 541
344 1886
1642 1121
1615 620
197 13
275 913
1906 497
1841 125
713 1888
238 563
551 17
655 579
1297 1329
1953 1460
1073 754
1806 1129
995 362
526 1653
393 605
123 815
940 108
892 944
1108 391
856 152
1627 946
1587 667
1301 877
1436 1746
1229 1016
1616 860
625 1591
525 926
300 1812
1598 148
862 1967
1940 808
1650 1396
150 403
1016 886
1054 1673
723 1024
1213 685
1664 1855
646 263
521 1574
784 1065
805 92
1721 174
135 1972
1697 77
433 1076
1829 1498
1035 224
556 829
1712 1438
1067 1265
1694 314
1427 135
1706 705
146 692
1132 598
567 1659
1703 1233
1894 710
1545 1732
164 1259
1190 662
410 1082
1181 1459
479 1192
91 1376
127 1519
1559 1527
1068 49
1186 1413
89 1332
770 959
1610 637
606 1071
1062 1625
1791 807
1756 1450
1576 891
264 323
364 1921
415 1702
1734 1954
492 598
337 1383
55 1399
413 1370
400 1771
1722 1448
841 690
227 822
794 919
1942 313
1302 1090
1123 1644
188 1344
1949 909
1169 363
1636 829
828 1213
1545 65
620 1400
294 1707
224 198
1040 1218
768 569
563 1681
1204 899
659 62
1817 672
789 956
384 1651
1178 413
85 1088
1221 537
740 1629
1240 364
1456 179
1725 587
187 848
530 1984
1530 1382
497 1775
1348 698
286 1514
1172 716
640 1332
440 1953
1675 1922
1032 357
1453 50
465 909
378 1588
1285 783
241 1182
623 521
668 363
1883 1391
149 257
532 1242
461 983
35 1076
425 1902
974 510
955 1183
836 375
620 1745
706 263
1065 174
172 223
964 1968
755 1650
1224 1095
1953 836
575 1826
259 566
1605 1993
167 806
924 1764
114 661
514 426
1069 295
1328 517
370 938
1446 503
309 1573
747 57
1670 615
1473 1631
575 278
1606 82
1976 698
237 432
1114 1653
429 442
1122 1680
65 1802
84 1804
1859 577
1690 1254
1717 1280
1759 1949
809 440
633 1613
542 1598
452 91
157 1074
1300 1983
1823 944
1042 1281
1536 1251
1089 1162
63 1785
954 601
1253 1896
1516 533
522 1209
78 376
1965 1246
1688 645
696 1422
1755 762
1713 1535
699 1765
114 567
718 75
1170 695
1942 1589
558 850
1568 805
1926 1680
545 1598
1582 11
1111 1442
587 915
115 30
552 1715
317 1298
1806 1155
1057 867
933 1055
662 292
389 955
1476 1346
726 1254
191 1782
1527 1604
878 566
966 1408
664 837
890 563
1730 1605
1860 32
28 1548
440 442
73 671
1387 297
682 679
999 1440
470 1811
633 984
133 1235
720 1954
1156 232
1968 934
708 1097
1044 1601
1929 312
1228 1420
226 1821
1694 1665
1249 432
1932 740
414 654
1647 267
723 565
1409 993
424 1316
740 1477
696 1921
781 69
88 886
874 1016
869 1217
523 917
1548 1750
1754 423
121 1953
1144 1945
1661 420
60 1265
10 1875
1495 1624
228 1596
477 1714
264 1789
852 245
1775 67
1211 981
867 1612
433 1832
825 585
1692 750
1031 256
809 243
462 883
1038 609
1210 248
1332 630
1355 1268
1798 683
1319 1300
1508 1452
216 325
880 1820
214 1579
1555 1651
347 988
436 1855
1850 902
289 1437
78 613
1818 1106
1000 1824
1426 1243
1821 1221
154 1747
1664 1347
461 909
1188 991
1666 315
895 1256
839 611
1920 407
443 1846
265 1824
597 1824
1445 1442
1146 1973
1586 335
218 1237
1752 334
1810 1157
756 1160
1498 867
537 1035
1346 404
70 418
1259 1510
500 803
41 1620
1080 48
1297 308
598 1706
1417 1453
651 84
895 1369
103 1420
1219 440
216 1408
1929 95
928 918
120 1267
448 715
13 1330
1014 446
527 1102
1400 165
1819 1513
316 143
79 1405
1459 413
1288 553
765 1122
1842 231
850 457
643 1972
916 1410
547 524
879 679
1638 155
241 1587
1305 578
294 431
886 917
1546 1584
60 874
1169 1321
1169 296
1425 821
998 1107
513 21
1341 522
329 459
1052 337
1108 744
256 1074
22 1667
439 851
1607 175
1226 336
764 1893
188 1452
327 174
1759 1458
828 732
1160 1147
808 1780
1739 1861
224 1565
966 266
1785 797
348 1887
224 931
1639 1802
717 1422
1094 1107
140 513
580 450
42 1570
1057 1980
289 891
305 334
156 1118
1027 949
1843 281
1655 404
721 245
1182 926
524 1675
575 236
1905 1690
1061 450
1154 500
1519 1316
428 1464
474 1846
536 166
1281 1925
773 583
11 76
1971 1867
360 1940
240 32
111 372
1635 1894
1958 1015
1512 1781
1868 1919
1535 1254
775 588
1500 580
288 1492
95 435
1010 1088
1283 521
1908 819
1254 1972
1055 1622
1329 1286
1953 1886
1144 1563
611 206
726 915
1244 763
854 712
1168 1999
1379 1820
1912 401
512 1679
979 941
1730 1146
1630 899
632 287
1535 640
604 1204
1414 996
1321 1960
1000 1486
1921 1632
7 445
911 1417
40 138
64 178
1534 964
1967 1778
241 1783
1686 1692
313 1764
336 636
647 582
308 117
1836 1603
1376 550
1958 1997
1106 625
1925 249
1572 1062
986 533
1079 633
891 877
1768 709
1051 1347
1833 223
1956 675
1488 1017
1266 830
16 1467
1695 1846
1013 796
219 1305
1607 1393
993 1354
897 1295
159 947
1524 486
148 1836
864 1383
414 744
931 978
144 1302
1722 216
1048 86
18 1058
1423 232
1241 990
67 1799
1974 569
1854 568
1877 1538
470 1145
924 1016
1768 1571
477 179
1330 988
279 480
1483 137
1743 1845
1885 877
300 798
663 762
1944 67
1922 871
677 325
1635 1449
60 1240
1550 389
392 164
1407 329
887 118
438 1322
1193 548
1621 1980
465 902
1580 838
1477 1616
392 1103
1418 585
597 216
1545 1877
949 507
576 560
1235 107
1607 1255
1263 246
1847 406
1295 1462
1056 267
1989 1128
1960 918
1390 1579
323 702
613 404
1533 1896
789 171
512 1056
1903 1339
1853 251
1576 812
1155 272
1028 1305
958 1996
1751 525
705 1375
466 1823
1592 1183
512 1918
873 1487
1844 1242
1295 577
31 778
602 1360
62 162
1952 394
1762 1531
843 1580
1687 1425
501 1281
1702 1567
2 1532
187 1468
1197 1600
75 259
1938 196
1826 1842
721 111
18 1502
1893 1095
1015 1438
1126 656
1771 1228
1967 1654
789 1572
465 1692
351 1194
1891 1285
1165 1955
1969 1609
496 782
1163 981
334 1765
487 339
456 894
440 1361
976 1943
12 1809
250 747
1409 183
1171 671
1658 985
861 1935
1353 299
1734 1642
476 759
1533 110
951 245
118 1788
99 1324
999 580
505 1164
1432 470
1011 923
671 422
1182 1088
24 566
1862 664
701 1788
476 1493
1363 1003
1788 291
145 667
2000 2000 2000 2000 2000 2000 2000 2000 2000 2000 2000 2000 2000 2000 2000 2000 2000 2000 2000 2000 2000 2000 2000 2000 2000 2000 2000 2000 2000 2000 2000 2000 2000 2000 2000 2000 2000 2000 2000 2000 2000 2000 2000 2000 2000 2000 2000 2000 2000 2000 2000 2000 2000 2000 2000 2000 2000 2000 2000 2000 2000 2000 2000 2000 2000 2000 2000 2000 2000 2000 2000 2000 2000 2000 2000 2000 2000 2000 2000 2000 2000 2000 2000 2000 2000 2000 2000 2000 2000 2000 2000 2000 2000 2000 2000 2000 2000 2000 2000 2000 2000 2000 2000 2000 2000 2000 2000 2000 2000 2000 2000 2000 2000 2000 2000 2000 2000 2000 2000 2000 2000 2000 2000 2000 2000 2000 2000 2000 2000 2000 2000 2000 2000 2000 2000 2000 2000 2000 2000 2000 2000 2000 2000 2000 2000 2000 2000 2000 2000 2000 2000 2000 2000 2000 2000 2000 2000 2000 2000 2000 2000 2000 2000 2000 2000 2000 2000 2000 2000 2000 2000 2000 2000 2000 2000 2000 2000 2000 2000 2000 2000 2000 2000 2000 2000 2000 2000 2000 2000 2000 2000 2000 2000 2000 2000 2000 2000 2000 2000 2000 2000 2000 2000 2000 2000 2000 2000 2000 2000 2000 2000 2000 2000 2000 2000 2000 2000 2000 2000 2000 2000 2000 2000 2000 2000 2000 2000 2000 2000 2000 2000 2000 2000 2000 2000 2000 2000 2000 2000 2000 2000 2000 2000 2000 2000 2000 2000 2000 2000 2000 2000 2000 2000 2000 2000 2000 2000 2000 2000 2000 2000 2000 2000 2000 2000 2000 2000 2000 2000 2000 2000 2000 2000 2000 2000 2000 2000 2000 2000 2000 2000 2000 2000 2000 2000 2000 2000 2000 2000 2000 2000 2000 2000 2000 2000 2000 2000 2000 2000 2000 2000 2000 2000 2000 2000 2000 2000 2000 2000 2000 2000 2000 2000 2000 2000 2000 2000 2000 2000 2000 2000 2000 2000 2000 2000 2000 2000 2000 2000 2000 2000 2000 2000 2000 2000 2000 2000 2000 2000 2000 2000 2000 2000 2000 2000 2000 2000 2000 2000 2000 2000 2000 2000 2000 2000 2000 2000 2000 2000 2000 2000 2000 2000 2000 2000 2000 2000 2000 2000 2000 2000 2000 2000 2000 2000 2000 2000 2000 2000 2000 2000 2000 2000 2000 2000 2000 2000 2000 2000 2000 2000 2000 2000 2000 2000 2000 2000 2000 2000 2000 2000 2000 2000 2000 2000 2000 2000 2000 2000 2000 2000 2000 2000 2000 2000 2000 2000 2000 2000 2000 2000 2000 2000 2000 2000 2000 2000 2000 2000 2000 2000 2000 2000 2000 2000 2000 2000 2000 2000 2000 2000 2000 2000 2000 2000 2000 2000 2000 2000 2000 2000 2000 2000 2000 2000 2000 2000 2000 2000 2000 2000 2000 2000 2000 2000 2000 2000 2000 2000 2000 2000 2000 2000 2000 2000 2000 2000 2000 2000 2000 2000 2000 2000 2000 2000 2000 2000 2000 2000 2000 2000 2000 2000 2000 2000 2000 2000 2000 2000 2000 2000 2000 2000 2000 2000 2000 2000 2000 2000 2000 2000 2000 2000 2000 2000 2000 2000 2000 2000 2000 2000 2000 2000 2000 2000 2000 2000 2000 2000 2000 2000 2000 2000 2000 2000 2000 2000 2000 2000 2000 2000 2000 2000 2000 2000 2000 2000 2000 2000 2000 2000 2000 2000 2000 2000 2000 2000 2000 2000 2000 2000 2000 2000 2000 2000 2000 2000 2000 2000 2000 2000 2000 2000 2000 2000 2000 2000 2000 2000 2000 2000 2000 2000 2000 2000 2000 2000 2000 2000 2000 2000 2000 2000 2000 2000 2000 2000 2000 2000 2000 2000 2000 2000 2000 2000 2000 2000 2000 2000 2000 2000 2000 2000 2000 2000 2000 2000 2000 2000 2000 2000 2000 2000 2000 2000 2000 2000 2000 2000 2000 2000 2000 2000 2000 2000 2000 2000 2000 2000 2000 2000 2000 2000 2000 2000 2000 2000 2000 2000 2000 2000 2000 2000 2000 2000 2000 2000 2000 2000 2000 2000 2000 2000 2000 2000 2000 2000 2000 2000 2000 2000 2000 2000 2000 2000 2000 2000 2000 2000 2000 2000 2000 2000 2000 2000 2000 2000 2000 2000 2000 2000 2000 2000 2000 2000 2000 2000 2000 2000 2000 2000 2000 2000 2000 2000 2000 2000 2000 2000 2000 2000 2000 2000 2000 2000 2000 2000 2000 2000 2000 2000 2000 2000 2000 2000 2000 2000 2000 2000 2000 2000 2000 2000 2000 2000 2000 2000 2000 2000 2000 2000 2000 2000 2000 2000 2000 2000 2000 2000 2000 2000 2000 2000 2000 2000 2000 2000 2000 2000 2000 2000 2000 2000 2000 2000 2000 2000 2000 2000 2000 2000 2000 2000 2000 2000 2000 2000 2000 2000 2000 2000 2000 2000 2000 2000 2000 2000 2000 2000 2000 2000 2000 2000 2000 2000 2000 2000 2000 2000 2000 2000 2000 2000 2000 2000 2000 2000 2000 2000 2000 2000 2000 2000 2000 2000 2000 2000 2000 2000 2000 2000 2000 2000 2000 2000 2000 2000 2000 2000 2000 2000 2000 2000 2000 2000 2000 2000 2000 2000 2000 2000 2000 2000 2000 2000 2000 2000 2000 2000 2000 2000 2000 2000 2000 2000 2000 2000 2000 2000 2000 2000 2000 2000 2000 2000 2000 2000 2000 2000 2000 2000 2000 2000 2000 2000 2000 2000 2000 2000 2000 2000 2000 2000 2000 2000 2000 2000 2000 2000 2000 2000 2000 2000 2000 2000 2000 2000 2000 2000 2000 2000 2000 2000 2000 2000 2000 2000 2000 2000 2000 2000 2000 2000 2000 2000 2000 2000 2000 2000 2000 2000 2000 2000 2000 2000 2000 2000 2000 2000 2000 2000 2000 2000 2000 2000 2000 2000 2000 2000 2000 2000 2000 2000 2000 2000 2000 2000 2000 2000 2000 2000 2000 2000 2000 2000 2000 2000 2000 2000 2000 2000 2000 2000 2000 2000 2000 2000 2000 2000 2000 2000 2000 2000 2000 2000 2000 2000 2000 2000 2000 2000 2000 2000 2000 2000 2000 2000 2000 2000 2000 2000 2000 2000 2000 2000 2000 2000 2000 2000 2000 2000 2000 2000 2000 2000 2000 2000 2000 2000 2000 2000 2000 2000 2000 2000 2000 2000 2000 2000 2000 2000 2000 2000 2000 2000 2000 2000 2000 2000 2000 2000 2000 2000 2000 2000 2000 2000 2000 2000 2000 2000 2000 2000 2000 2000 2000 2000 2000 2000 2000 2000 2000 2000 2000 2000 2000 2000 2000 2000 2000 2000 2000 2000 2000 2000 2000 2000 2000 2000 2000 2000 2000 2000 2000 2000 2000 2000 2000 2000 2000 2000 2000 2000 2000 2000 2000 2000 2000 2000 2000 2000 2000 2000 2000 2000 2000 2000 2000 2000 2000 2000 2000 2000 2000 2000 2000 2000 2000 2000 2000 2000 2000 2000 2000 2000 2000 2000 2000 2000 2000 2000 2000 2000 2000 2000 2000 2000 2000 2000 2000 2000 2000 2000 2000 2000 2000 2000 2000 2000 2000 2000 2000 2000 2000 2000 2000 2000 2000 2000 2000 2000 2000 2000 2000 2000 2000 2000 2000 2000 2000 2000 2000 2000 2000 2000 2000 2000 2000 2000 2000 2000 2000 2000 2000 2000 2000 2000 2000 2000 2000 2000 2000 2000 2000 2000 2000 2000 2000 2000 2000 2000 2000 2000 2000 2000 2000 2000 2000 2000 2000 2000 2000 2000 2000 2000 2000 2000 2000 2000 2000 2000 2000 2000 2000 2000 2000 2000 2000 2000 2000 2000 2000 2000 2000 2000 2000 2000 2000 2000 2000 2000 2000 2000 2000 2000 2000 2000 2000 2000 2000 2000 2000 2000 2000 2000 2000 2000 2000 2000 2000 2000 2000 2000 2000 2000 2000 2000 2000 2000 2000 2000 2000 2000 2000 2000 2000 2000 2000 2000 2000 2000 2000 2000 2000 2000 2000 2000 2000 2000 2000 2000 2000 2000 2000 2000 2000 2000 2000 2000 2000 2000 2000 2000 2000 2000 2000 2000 2000 2000 2000 2000 2000 2000 2000 2000 2000 2000 2000 2000 2000 2000 2000 2000 2000 2000 2000 2000 2000 2000 2000 2000 2000 2000 2000 2000 2000 2000 2000 2000 2000 2000 2000 2000 2000 2000 2000 2000 2000 2000 2000 2000 2000 2000 2000 2000 2000 2000 2000 2000 2000 2000 2000 2000 2000 2000 2000 2000 2000 2000 2000 2000 2000 2000 2000 2000 2000 2000 2000 2000 2000 2000 2000 2000 2000 2000 2000 2000 2000 2000 2000 2000 2000 2000 2000 2000 2000 2000 2000 2000 2000 2000 2000 2000 2000 2000 2000 2000 2000 2000 2000 2000 2000 2000 2000 2000 2000 2000 2000 2000 2000 2000 2000 2000 2000 2000 2000 2000 2000 2000 2000 2000 2000 2000 2000 2000 2000 2000 2000 2000 2000 2000 2000 2000 2000 2000 2000 2000 2000 2000 2000 2000 2000 2000 2000 2000 2000 2000 2000 2000 2000 2000 2000 2000 2000 2000 2000 2000 2000 2000 2000 2000 2000 2000 2000 2000 2000 2000 2000 2000 2000 2000 2000 2000 2000 2000 2000 2000 2000 2000 2000 2000 2000 2000 2000 2000 2000 2000 2000 2000 2000 2000 2000 2000 2000 2000 2000 2000 2000 2000 2000 2000 2000 2000 2000 2000 2000 2000 2000 2000 2000 2000 2000 2000 2000 2000 2000 2000 2000 2000 2000 2000 2000 2000 2000 2000 2000 2000 2000 2000 2000 2000 2000 2000 2000 2000 2000 2000 2000 2000 2000 2000 2000 2000 2000 2000 2000 2000 2000 2000 2000 2000 2000 2000 2000 2000 2000 2000 2000 2000 2000 2000 2000 2000 2000 2000 2000 2000 2000 2000 2000 2000 2000 2000 2000 2000 2000 2000 2000 2000 2000 2000 2000 2000 2000 2000 2000 2000 2000 2000 2000 2000 2000 2000 2000 2000 2000 2000 2000 2000 2000 2000 2000 2000 2000 2000 2000 2000 2000 2000 2000 2000 2000 2000 2000 2000 2000 2000 2000 2000 2000 2000 2000 2000 2000 2000 2000 2000 2000 2000 2000 2000 2000 2000 2000 2000 2000 2000 2000 2000 2000 2000 2000 2000 2000 2000 2000 2000 2000 2000 2000 2000 2000 2000 2000 2000 2000 2000 2000 2000 2000 2000 2000 2000 2000 2000 2000 2000 2000 2000 2000 2000 2000 2000 2000 2000 2000 2000 2000 2000 2000 2000 2000 2000 2000 2000 2000 2000 2000 2000 2000 2000 2000 2000 2000 2000 2000 2000 2000 2000 2000 2000 2000 2000 2000 2000 2000 2000 2000 2000 2000 2000 2000 2000 2000 2000 2000 2000 2000 2000 2000 2000 2000 2000 2000 2000 2000 2000 2000 2000 2000 2000 2000 2000 2000 2000 2000 2000 2000 2000 2000 2000 2000 2000 2000 2000 2000 2000 2000 2000 2000 2000 2000 2000 2000 2000 2000 2000 2000 2000 2000 2000 2000 2000 2000 2000 2000 2000 2000 2000 2000 2000 2000 2000 2000 2000 2000 2000 2000 2000 2000 2000 2000 2000 2000 2000 2000 2000 2000 2000 2000 2000 2000 2000 2000 2000 2000 2000 2000 2000 2000 2000 2000 2000 2000 2000 2000 2000 2000 2000 2000 2000 2000 2000 2000 2000 2000 2000 2000 2000 2000 2000 2000 2000 2000 2000 2000 2000 2000 2000 2000 2000 2000 2000 2000 2000 2000 2000 2000 2000 2000 2000 2000 2000 2000 2000 2000 2000 2000 2000 2000 2000 2000 2000 2000 2000 2000 2000 2000 2000 2000 2000 2000 2000 2000 2000 2000 2000 2000 2000 2000 2000 2000 2000 2000 2000 2000 2000 2000 2000 2000 2000 2000 2000 2000 2000 2000 2000 2000 2000 2000 2000 2000 2000 2000 2000 2000 2000 2000 2000 2000 2000 2000 2000 2000 2000 2000 2000 2000 2000 2000 2000 2000 2000 2000 2000 2000 2000 2000 2000 2000 2000 2000 2000 2000 2000 2000 2000 2000 2000 2000 2000 2000 2000 2000 2000 2000 2000 2000 2000 2000 2000 2000 2000 2000 2000 2000 2000 2000 2000 2000 2000 2000 2000 2000 2000 2000 2000 2000 2000 2000 2000 2000 2000 2000 2000 2000 2000 2000 2000 2000 2000 2000 2000 2000 2000 2000 2000 2000 2000 2000 2000 2000 2000 2000 2000 2000 2000 2000 2000 2000 2000 2000 2000 2000 2000 2000 2000 2000 2000 2000
