1999 2997
346 1252
1518 444
916 565
1621 636
626 874
528 1902
1611 60
1282 657
77 448
759 557
1965 1642
1199 1632
1985 1557
844 1683
1528 1541
1636 1367
1276 1999
1952 1709
706 588
709 1134
230 538
93 904
1210 1466
1214 1394
1116 890
101 197
48 1869
432 84
637 1054
1051 1979
977 1312
244 1392
396 415
598 1165
1280 1425
175 1016
1073 1716
177 1231
1022 502
330 1332
1207 313
696 1457
786 1801
958 1800
1546 1448
358 234
1127 589
416 1083
1284 1604
383 986
849 1914
753 1702
663 1924
1942 697
1331 1445
1932 1798
1909 371
350 1262
1845 1358
1399 1031
510 1260
237 152
1887 862
1126 186
1259 1236
1788 19
1325 1123
578 1180
103 419
515 1215
937 715
272 757
500 1902
1828 12
850 1636
746 1040
664 557
523 1758
128 682
641 376
1017 934
1750 483
71 1959
1151 690
1915 1714
1497 1698
580 1318
1652 540
737 1078
757 861
1279 1425
1913 95
1398 1799
1389 1992
1109 416
1345 1502
247 406
1428 57
678 974
40 961
38 1756
1450 1559
1100 1968
393 249
926 1001
1380 706
997 1627
1753 782
494 986
1228 1207
1991 1746
1754 1109
1549 160
1126 1453
646 977
1309 1610
1223 1303
253 131
587 882
605 330
1981 858
1051 1483
721 342
1257 875
318 1181
956 803
1465 90
1978 83
286 1860
1311 101
1107 1618
105 1672
1755 244
1868 1701
1883 1340
829 137
921 1283
122 1919
763 1555
1788 1304
236 513
617 1563
1566 190
863 316
233 1814
397 1891
356 247
227 320
1156 1948
1712 769
255 527
568 782
1969 1637
5 250
1351 180
22 607
1721 247
724 1079
1202 293
178 946
1357 1424
960 1510
414 893
809 691
1218 379
1976 1973
918 496
1785 1482
1711 1436
534 1358
1566 64
1267 226
422 933
1614 1561
1080 155
1005 536
1717 1114
1496 1403
1508 543
323 72
653 1428
791 516
900 367
1168 1070
1430 281
361 1861
610 673
614 635
1191 639
1882 647
1622 771
973 948
519 747
957 1704
852 851
1811 1263
8 397
174 1863
1991 1818
1131 1986
1503 163
855 1794
610 1747
339 831
1908 1072
1085 990
1767 1607
1487 978
447 518
676 428
1269 1812
1778 349
713 1800
1177 1699
517 301
211 563
293 1288
431 1049
461 228
610 718
925 1860
1793 1448
1798 995
1268 1536
55 1463
1508 618
1795 1261
1091 1190
798 264
516 1213
1044 478
1293 302
1833 528
1970 592
1785 1512
60 484
651 1032
840 541
25 644
1090 744
656 1662
693 1554
1720 1622
507 1681
432 909
75 731
705 1821
1624 858
857 103
1193 761
460 1748
39 1879
1019 1838
662 1102
1861 549
1657 1305
804 1618
1074 23
237 393
1493 1331
220 1389
696 708
1979 422
1759 499
1266 1379
318 1095
132 1746
900 1708
1805 1494
1099 1739
676 1855
1264 1124
939 1745
779 18
1533 1573
650 820
90 804
1995 256
814 1137
1689 959
961 971
1327 457
1264 5
1629 1217
1523 1364
1140 847
1948 1597
129 1532
1043 85
1166 1465
1437 201
927 1255
1290 341
1789 193
1763 1538
998 374
1278 983
579 1000
1805 1385
1455 1928
87 360
176 208
173 1382
360 585
1404 1899
1578 1489
53 993
1193 1967
146 968
1727 617
413 1125
864 332
119 358
1971 945
124 807
262 1177
1722 1514
497 1539
278 1478
1884 1129
1592 1781
817 722
1760 22
1672 1186
340 1249
111 121
1731 1333
826 1528
1413 1885
553 597
1028 304
431 1064
269 325
1851 227
310 1528
1605 66
1344 1738
1476 1929
1287 1631
1646 201
1331 1574
758 1737
957 1644
489 99
979 1277
809 438
1148 803
898 305
1162 653
242 747
1843 946
1096 136
1773 429
218 40
781 1740
1679 435
944 1230
1324 1182
927 1154
874 1382
187 1180
1660 855
1616 1150
461 887
151 1456
526 1365
902 1398
976 264
1406 1987
1641 364
539 1486
1739 253
98 349
1465 1880
321 421
338 1937
106 1520
1787 126
1302 786
1076 1256
824 1211
150 698
207 655
1864 1848
372 262
1000 1762
265 1137
1010 584
1497 1313
376 407
328 789
944 762
1047 1529
557 471
453 451
596 1081
410 1570
1392 1339
398 307
1950 188
1146 1756
1459 1455
172 1999
1854 1125
109 696
614 1669
273 648
669 833
1112 1387
463 441
1812 667
742 1722
538 935
1571 1484
96 718
877 449
688 469
1830 1651
1840 289
848 1492
1335 1789
246 468
1489 919
1248 410
1573 1033
1683 1203
1803 365
312 1949
899 935
1122 560
1449 315
210 726
822 1926
574 483
723 386
889 1866
547 792
863 553
1415 1550
1312 646
944 606
1800 1440
57 171
793 1155
1378 904
1113 439
461 1315
1048 726
1058 1692
398 921
971 40
132 1422
1375 287
1868 1873
873 820
19 606
585 628
1950 913
1743 1411
337 654
1140 1956
375 1183
135 316
1042 1908
989 926
817 216
992 493
142 433
775 1
80 215
263 1524
1566 1842
505 774
1045 1040
391 68
1057 1373
106 457
1362 1288
583 577
1456 1879
1099 253
1440 713
1217 1037
841 1054
1965 487
473 293
637 357
191 28
600 1426
1966 1330
116 943
1736 1377
1894 1633
1988 815
1891 428
866 633
1782 864
879 223
476 362
1418 1611
756 726
825 816
1025 1718
591 613
166 924
1979 933
1372 605
837 781
1289 1418
792 1982
212 1625
500 1132
423 621
1973 942
91 1367
1695 579
1965 75
1946 747
194 79
551 1507
702 865
1288 590
264 1547
1237 1182
896 16
355 854
115 371
1112 843
1224 1249
920 1813
418 81
1811 616
996 1173
1614 450
674 1901
184 203
554 14
1857 350
725 1030
851 1533
654 1227
1972 1232
852 1338
1664 801
610 1915
137 260
482 1697
195 1106
1896 1899
448 559
1832 459
1911 1385
1373 1167
490 416
1669 1647
935 972
387 818
130 1088
1108 1647
808 463
1815 145
2 287
1030 1410
1391 759
1033 56
732 653
1070 1548
531 1856
827 411
1312 257
175 1799
599 1992
252 1204
1561 315
327 1100
1272 677
312 1535
130 1150
636 1591
149 539
1695 226
667 1269
1341 423
1077 1847
1293 1009
1741 714
1775 1205
663 1047
923 1890
946 1598
748 28
1624 952
1346 1874
1917 1780
139 1361
1236 1801
1764 1744
660 262
1405 49
477 124
1345 346
642 1559
1158 820
145 1717
600 1804
1875 741
1514 818
1769 1112
569 95
1011 1594
1917 1918
552 110
1570 486
308 267
1399 1359
1724 720
279 828
1935 1588
1969 1001
1243 1301
1575 1116
1542 1404
1905 1258
379 1499
1115 991
80 377
227 912
1169 1296
59 784
685 163
569 23
906 970
1415 821
1871 382
700 1251
674 1208
1579 1000
1390 1162
1349 582
1365 1914
1013 648
1164 1593
1783 1934
434 1445
351 1565
1712 1006
243 1674
77 675
234 258
675 448
166 1517
1028 465
520 600
1229 1469
1183 1780
1652 1878
887 1315
743 613
1809 42
500 561
640 1666
1666 1299
61 1277
1174 1114
590 293
1052 999
932 857
767 494
1608 908
1933 1429
906 1462
982 356
1091 612
1801 290
564 576
734 62
236 1275
11 1127
1406 1937
1931 949
1439 1106
1887 127
938 1379
614 1703
125 592
1671 315
1508 741
1659 1346
1627 1382
793 1002
1161 1998
1906 1536
1514 742
1114 586
891 678
981 1758
1298 1506
1921 1181
1419 643
1732 1899
1871 1836
1220 381
1388 178
221 349
11 1702
1624 1155
1869 566
388 37
288 701
1767 1396
1124 5
1786 285
503 254
613 1796
604 803
237 167
1851 320
297 458
884 1197
1911 1725
1149 76
1329 886
99 1629
1673 292
1535 283
1766 615
685 1667
52 1676
1011 172
886 1881
474 1091
1552 1371
1688 837
1096 1779
402 1368
1450 1583
458 730
1752 1288
490 76
407 341
972 899
1583 581
1344 1129
1036 244
138 889
513 202
1441 1903
657 1941
1858 1111
628 495
975 302
265 420
105 1186
1433 573
445 1003
553 329
480 1973
240 241
954 289
572 448
600 1549
1132 561
1988 816
339 1360
1829 1878
1335 1055
1097 65
281 892
1219 1926
1297 371
790 1176
476 515
1343 502
355 507
1708 1074
44 1527
182 1424
1798 784
287 940
1469 885
1954 912
1494 1470
1092 1417
1332 506
677 1240
87 1081
1071 286
197 1311
123 354
54 1334
337 689
64 1105
117 555
1225 436
352 1178
866 1311
674 640
380 568
1458 660
1012 1085
1556 1688
1233 1894
759 1101
1293 399
18 627
1152 1497
1376 1962
724 150
956 86
682 268
868 659
1254 1045
1141 1105
1091 270
743 1726
1623 1731
141 1985
509 1933
1774 638
255 296
669 1841
357 1883
1926 326
1463 1218
1707 1702
547 1982
1128 120
1171 1997
1818 1375
1907 1386
400 1704
331 469
1328 1813
100 1621
43 977
965 350
1278 969
1776 1374
1831 312
118 550
431 678
1742 785
1557 1238
640 92
316 184
1340 148
662 1244
27 515
35 440
481 522
1808 582
4 436
210 756
1958 841
833 1862
1123 1159
1884 1861
523 32
532 1196
583 394
587 1432
21 105
485 1503
446 288
1241 1588
1591 1220
35 1548
1738 1129
26 648
1584 769
531 125
1449 1671
334 1409
1494 905
269 1800
317 5
1237 1164
1446 1763
1042 716
1762 1075
1909 115
558 1241
729 1173
27 1215
1477 1945
1379 1483
192 1258
338 1898
757 980
1741 1281
791 1213
1103 1538
1335 1080
273 1013
468 351
1051 1983
464 611
743 1796
1257 1791
36 1136
225 1577
1893 276
835 896
1892 893
556 639
59 1830
1939 1816
417 1597
1761 1115
957 78
1646 1648
1606 939
1700 33
891 1955
1857 1989
1456 1562
1584 1712
1425 930
617 1273
467 1652
1400 1804
72 939
510 1149
93 1378
1487 733
1573 704
1659 1370
1988 1207
1916 902
1989 1888
1709 1066
1126 619
694 1493
802 1024
795 6
1177 1676
710 276
166 248
68 204
1852 1866
1827 581
903 1049
1143 551
995 784
976 1547
102 636
977 740
1338 851
1479 1441
1682 485
251 1181
1023 1152
1300 858
505 144
1723 1232
361 549
745 1721
907 537
118 1352
1347 1152
1200 1985
321 766
639 1898
237 41
1361 352
1202 473
1023 1726
736 680
925 899
1104 513
1716 1110
442 1416
1713 819
1875 1508
1945 1706
1460 68
892 862
1329 215
506 330
1795 1006
568 1063
847 542
12 1157
1152 1568
129 159
1198 223
91 1636
1904 12
681 846
1432 1923
1397 1719
353 1454
169 1621
1817 1443
883 21
1189 216
641 602
1592 1301
1430 937
188 438
836 46
945 1166
1885 1384
1161 1670
126 668
1752 1538
1404 511
1898 666
1766 1161
1980 1835
1972 1723
1521 1281
209 1869
863 1596
1355 696
785 534
1357 1765
1334 177
1643 941
1778 147
770 438
1810 1342
1160 572
1628 1486
857 128
162 1305
1155 1002
140 844
1398 1015
153 1830
1856 125
787 69
1898 1937
1040 871
1893 403
1292 1814
1274 1809
1938 120
1266 1483
1102 1244
1995 1459
1296 544
743 1023
33 1877
395 1625
950 688
880 1797
1822 1419
40 1551
1894 537
73 655
675 1817
1058 1809
306 1062
934 493
30 1873
501 421
842 1771
564 984
1052 1206
109 1540
1551 218
1151 196
1872 134
1363 1734
753 1151
1254 1512
710 1986
758 369
498 1104
1639 1866
1807 1180
1525 50
913 1545
32 867
524 1873
1538 1446
1966 1284
1198 1656
763 205
931 132
1653 347
1158 437
1329 1576
1223 453
1691 1586
1292 499
645 807
170 223
266 937
1185 560
955 348
802 460
1617 1708
1939 944
147 1002
113 1709
241 1421
1053 653
1632 826
1659 711
207 1641
260 614
491 1962
1884 390
1937 1987
11 303
936 512
840 480
1901 1189
1586 295
113 1066
631 1324
968 1162
1932 69
539 1710
133 259
1451 297
1779 896
1007 1813
1184 1941
591 232
1958 1054
235 668
1784 1402
1689 1710
865 626
405 714
1650 1403
1919 555
1280 1069
1715 236
1003 162
564 1489
876 85
1340 1035
71 1184
1170 632
395 915
394 577
688 918
1698 1313
578 811
1175 1551
1518 1004
1732 1142
527 296
1123 475
1733 1106
1825 1339
495 279
459 1071
1382 997
1158 650
756 1151
17 1415
1010 698
18 943
1525 79
1250 6
1062 749
1654 867
657 1184
987 717
379 1422
1615 460
236 546
1794 1660
326 21
1258 647
951 215
392 409
1178 408
1481 45
369 1222
48 1572
1162 732
1420 78
1295 1260
1673 703
271 1205
1504 1086
174 765
368 190
1625 717
1034 1068
14 291
1618 34
10 1886
1088 1480
824 1975
783 1269
1148 324
1436 395
679 906
945 1668
912 1138
1327 847
643 1207
1994 552
1229 1131
391 204
1133 1930
138 1352
145 1749
1963 1003
546 1275
113 1590
1985 1853
537 1537
1902 454
1397 464
1737 82
242 1826
1297 1928
571 742
369 1751
1650 475
1587 37
718 966
1820 1608
433 681
797 1159
1539 1518
914 533
206 335
801 1195
1685 1934
1613 809
1871 1279
1062 514
1144 586
499 1814
512 1417
1419 322
226 1407
1589 288
428 397
368 721
831 1552
795 1278
181 1316
667 1846
1994 110
1240 1291
494 1342
1283 1084
838 1444
751 1271
1404 1337
45 1405
1218 55
920 269
1600 979
1416 385
789 299
1252 744
1890 1510
299 328
1329 1881
1481 746
112 1920
1809 1692
227 1138
1516 1604
1168 1239
1098 1971
704 1033
331 1974
1078 440
1928 371
128 268
1237 1324
337 788
1709 683
1059 481
1780 1918
147 813
1797 1164
1773 1940
1078 1640
31 1534
1249 1925
837 1556
3 1380
1807 1645
1440 563
1209 1378
729 1613
336 1245
1693 1475
1116 1854
277 76
176 1577
45 49
1078 1563
25 111
518 1838
1693 877
1246 85
1595 1257
870 758
1727 1273
152 41
1947 233
836 1638
1084 1931
1864 1540
443 1687
1585 1773
738 308
1411 796
765 1199
1831 1949
413 1854
1728 1018
1643 1582
1081 360
974 891
1383 1092
1186 418
1473 1901
1897 144
1386 1636
1686 771
647 28
352 408
1310 1908
1328 1734
955 1977
434 479
127 862
535 1246
541 480
1761 991
274 1248
317 250
1697 1341
1625 915
1428 171
1082 1938
1179 1930
776 692
1336 734
1136 978
1267 492
95 1394
917 1704
1355 742
766 9
597 329
1345 622
1211 463
379 132
352 139
680 631
720 1135
1034 661
1678 292
444 1097
1866 7
370 1466
12 1881
136 1858
1423 680
1355 571
170 879
1354 1756
105 883
661 1821
1374 1381
1461 152
488 1877
557 1391
967 113
430 1477
333 1199
1320 1296
181 1247
1953 197
647 748
1381 1776
106 183
308 1289
1577 989
577 263
1828 1904
339 1552
758 1910
252 61
863 1677
1960 1278
384 1393
1407 1267
868 1118
1799 947
69 1798
684 1915
1012 800
649 64
1720 1892
844 1630
112 567
1334 1231
960 1097
1325 475
245 993
817 89
672 436
374 1369
1023 1347
192 1905
1536 289
175 275
447 1838
934 1581
829 1250
1180 1645
593 94
1930 791
931 1746
455 1784
232 110
659 1567
1226 56
668 328
562 1143
1104 66
1083 490
1285 1999
1194 1413
1485 398
856 955
497 1637
778 516
1827 1434
1962 657
1893 710
975 876
1867 1629
1597 663
536 707
506 50
1359 344
454 500
1188 830
1952 1460
147 994
606 1675
1187 586
1480 1232
1786 1306
896 1349
828 495
80 951
865 1844
1079 1667
538 755
1499 1218
1224 1925
335 51
19 1304
1118 659
165 1270
224 1546
901 112
800 1557
574 1146
1003 823
1282 1962
1691 1859
661 1068
1517 1701
795 1250
4 1225
1040 1254
1248 460
1938 415
1361 492
108 1919
1406 403
1366 78
1136 1060
838 1567
1917 693
1029 1773
724 1667
1493 1648
1104 202
1034 1531
320 358
1459 1626
1916 1547
356 1777
1905 1765
1655 1967
1449 1436
577 1524
1137 420
420 781
854 329
24 910
1929 335
1931 1283
389 1884
206 1456
1080 120
1588 156
771 895
1135 1346
1386 1590
1058 1433
844 1680
1308 529
366 929
33 754
1924 1597
1869 1336
1072 1310
466 763
1168 812
159 1957
401 297
901 71
929 699
916 1403
231 1105
602 1056
206 151
1950 438
1394 1848
304 1095
336 8
284 1293
1810 494
1098 945
170 476
1872 1126
573 1847
819 798
1785 1254
1284 1330
1018 17
806 1504
989 1515
94 750
187 578
34 1598
799 842
1832 656
1466 1120
554 228
1571 859
1961 386
1105 1421
152 1471
1027 1978
1021 545
189 638
1495 257
419 1678
401 182
672 1401
1268 1281
897 1092
1355 1457
1665 1813
70 34
432 1479
1612 509
1022 1343
1056 1351
867 1245
396 1657
1319 957
917 400
969 1960
717 491
1817 598
1922 842
1947 1814
1073 1993
1450 642
1333 1623
1005 1225
219 1921
905 1732
1167 956
1345 1252
1102 759
1202 747
717 212
1296 565
1564 1518
755 39
1259 1964
738 1289
1287 1859
404 388
765 1863
1303 108
1648 694
1393 536
1974 469
843 775
1974 67
178 1619
955 895
1392 1755
1502 622
1390 968
1967 1414
1892 1622
1029 625
1153 136
1453 1718
715 541
375 1204
1171 179
849 1389
779 1050
948 1118
678 1064
1130 1042
1953 891
924 248
609 1115
38 1146
620 1608
929 1320
1831 1826
989 1001
121 354
1169 565
273 1448
1399 563
1353 662
1728 595
419 794
307 1485
285 1306
902 1547
548 1377
701 1589
1321 665
1543 437
74 84
1209 792
1978 1020
1811 1170
962 54
507 424
97 1173
812 44
761 1242
1951 1500
397 336
1878 1127
343 1333
825 527
564 1578
1808 261
1253 1060
1758 32
1704 1319
1323 864
1251 1772
1490 1689
445 608
1633 1560
1631 1859
908 1820
1106 1500
100 1086
602 376
796 709
1669 1703
214 56
43 740
587 1822
792 1172
1363 1328
1065 628
1428 1053
1423 736
365 1784
725 973
1144 287
259 1745
1449 1511
1019 314
1764 852
241 73
1294 1676
1580 402
464 392
263 422
1905 1357
1186 229
1032 1073
1754 416
645 124
131 1314
635 260
834 1592
9 1758
1863 1784
555 29
1019 601
439 1413
1375 1834
1412 1761
1417 897
1420 1309
522 1059
117 562
1237 1593
489 1052
1119 1951
1701 166
803 324
278 1490
1684 14
519 1202
769 1415
1133 1179
1556 364
1146 670
1519 729
525 609
1777 1713
755 1879
185 1975
922 110
642 203
505 806
1637 1539
733 978
196 753
916 1496
525 24
128 932
1873 1280
89 106
1754 928
1789 1055
428 1855
665 1972
1014 1996
1437 1298
790 1736
22 382
1501 1860
1751 1039
1416 1542
1004 444
1039 1322
699 268
36 978
1526 71
1554 1917
1716 342
1265 1522
634 496
1114 145
1774 1687
372 660
1633 1233
1749 1815
1089 332
127 1737
1133 261
754 763
1124 1877
722 89
1090 300
409 413
1637 1001
1635 1370
278 472
62 1336
177 608
773 234
1127 1163
120 853
726 1856
548 1736
1633 427
1649 1469
1189 817
205 1555
1261 1492
820 971
395 1711
322 1822
740 485
1155 952
1039 81
510 1295
922 232
1346 711
1769 1387
135 184
155 1335
427 1393
839 1970
1029 1731
1263 1148
266 715
906 969
1472 1276
1256 1806
652 1491
829 810
1156 689
681 660
1299 1484
1808 1133
1560 427
1536 872
323 939
1718 249
1908 716
1541 1111
1823 1050
777 1085
291 1466
1067 1783
483 1772
453 938
1315 1008
885 1649
1030 973
509 1944
37 165
1944 1827
343 284
126 970
702 1326
229 418
1847 772
648 1600
963 1276
1595 462
301 323
1370 695
1057 1167
1699 262
98 123
1465 804
1579 579
885 561
1051 739
1549 520
299 1670
1166 1880
1519 1173
1294 1177
940 1375
213 537
756 690
851 1573
1775 1767
246 351
95 1216
790 1658
971 873
404 1306
1027 54
750 1730
664 380
193 598
295 1912
69 1645
832 263
588 80
1927 224
1016 712
502 314
1033 1226
1606 1745
1957 692
370 291
1983 1483
1377 671
1414 140
1844 702
161 1999
1705 925
880 181
250 1387
189 1308
920 1007
532 1862
899 881
1419 239
129 1656
1243 13
623 1595
13 1301
1885 551
620 629
1130 841
92 674
860 150
1283 398
1615 1248
1630 140
1830 1890
1889 1060
1823 1188
1311 633
58 1364
1600 1277
1558 1945
589 1878
1601 741
112 1770
1740 420
159 692
1369 341
855 709
1039 418
84 1188
876 302
149 1486
919 1742
1922 1400
1543 1158
963 1408
1620 1423
1379 1286
1246 1487
1471 1461
439 671
1639 1442
779 627
215 1576
1479 909
284 399
737 440
357 1054
509 768
214 1273
941 1582
1821 1687
1492 1544
1841 833
1786 1383
785 1790
877 599
700 300
341 374
1272 1240
247 745
1843 1598
870 1737
200 1594
302 1009
1044 1839
254 1212
260 829
1443 675
645 630
568 664
929 268
761 1819
1903 1664
533 1997
941 178
1200 1853
988 949
381 254
1728 17
162 1657
1611 760
1612 1933
1395 138
1836 382
1833 1902
282 358
990 1030
981 9
436 1401
505 1897
1249 148
875 575
1350 1570
415 1657
116 88
656 1405
1780 375
1371 1980
404 869
1936 1806
946 1388
255 1696
1089 294
522 1970
1324 680
1087 309
827 966
1399 344
1849 350
911 411
1061 1760
888 300
1042 841
1719 464
973 1118
407 1290
1251 300
1317 1077
280 243
1421 240
476 894
1529 347
1718 393
1838 601
1120 450
1599 1219
390 1861
1103 1752
1468 1047
1934 1505
1833 845
348 856
1008 24
752 771
1777 982
85 535
544 1320
866 1676
1423 1401
998 997
58 487
461 554
928 363
250 1147
818 719
465 304
877 1475
1622 1686
1852 889
318 304
1356 1307
1436 1511
970 679
1116 1766
1467 54
245 836
10 1964
1766 890
639 666
168 970
487 1509
1968 327
1903 801
415 1082
1093 1670
814 701
1242 1846
208 1321
1708 23
880 1164
1326 734
1818 1746
1385 1725
1477 1845
1041 1951
1016 435
1620 1401
559 572
1828 244
421 766
1366 1420
1553 837
563 1031
1539 1564
1725 351
745 1411
1655 1414
1113 1413
1521 1741
1815 1833
1431 1678
362 170
538 1661
243 353
1973 412
1190 474
1486 1476
1439 1500
1190 654
1431 292
806 658
1806 1802
1352 1395
68 1952
1900 1198
1897 720
1953 1955
1160 652
775 1112
1789 598
769 821
511 1542
1205 134
1322 1751
1482 1397
223 1900
328 235
53 532
7 1639
278 386
251 1921
489 1206
1452 154
908 13
938 1286
638 1687
642 184
225 176
1890 153
664 471
1010 319
954 764
213 1894
1403 475
1845 430
1555 1837
48 1776
1144 2
15 1944
1120 1210
526 28
1926 21
167 393
1759 540
1993 1032
1241 858
552 1098
1323 1761
1211 808
74 432
148 1035
805 109
512 801
540 499
779 1513
677 1516
1788 383
348 1555
469 950
996 97
1318 1768
599 449
575 437
190 1842
158 291
164 1822
1472 963
356 406
63 1839
898 634
1768 1990
1099 435
602 1351
1663 138
1250 810
1447 197
1661 755
1865 1933
417 1948
232 613
1239 812
375 252
1336 566
1085 20
1166 1668
195 1733
1923 1895
1154 31
1389 599
1398 947
923 1510
1853 426
1184 1526
508 402
354 425
486 1350
198 130
1171 83
1609 25
82 127
774 806
1735 1594
862 281
1788 986
484 1087
1451 458
1271 1062
621 1341
507 1996
1134 855
1523 58
1870 1012
521 1378
289 1906
275 1799
689 1948
1349 1808
1537 907
1621 687
1279 238
1037 47
480 412
1357 182
1685 1197
967 1590
669 1291
508 1506
1238 800
410 274
1367 66
874 173
1580 508
625 1731
1522 1360
1299 640
1241 1300
1038 365
84 830
1365 1943
1816 828
861 980
914 811
1019 502
332 1782
1271 1302
1602 996
1377 439
1829 1652
1776 1572
444 65
256 288
1170 616
1438 1528
1716 721
426 1768
754 624
543 695
1920 441
1996 1940
1744 852
1373 345
442 1542
76 510
705 661
1352 550
731 1582
1540 805
765 333
1234 1697
115 782
539 1689
622 1100
186 1872
1520 457
1635 1659
1450 581
1943 526
1022 802
171 780
440 1548
150 1010
514 306
1131 710
1131 1469
369 1910
1275 1876
1425 1069
1966 1444
1984 1474
1459 1928
1421 231
23 1569
545 529
1277 252
1145 885
619 1453
990 20
37 404
1426 1804
1144 1187
1824 88
345 1825
1348 1360
1862 878
529 1235
969 1462
1871 238
628 360
681 1458
1775 1192
104 1119
1262 1762
1897 1724
1461 1408
1781 194
31 1976
1912 1032
1760 1558
298 307
1301 834
1289 1611
1673 254
1161 615
347 1545
1968 1185
871 746
89 183
757 735
1872 1205
907 1865
1893 1406
1452 94
861 818
158 14
459 286
94 1730
554 1684
257 479
1565 1725
190 721
332 294
1047 347
1194 1885
1522 1348
1157 1881
1728 1794
658 1504
1783 1549
1368 270
578 914
168 126
1653 1545
1268 872
527 816
1738 1409
1581 493
392 611
1269 1121
999 319
1670 1998
1498 34
1251 483
311 575
772 573
1868 1850
596 1089
422 832
1298 201
204 1488
1685 884
323 517
773 1253
1050 1188
1674 280
1221 59
604 956
735 1975
156 1935
1494 1385
530 256
1108 1634
800 1870
1566 649
622 199
749 1271
1743 745
1801 1302
1849 1262
452 479
1321 1972
381 503
556 1839
194 1525
1178 1463
860 724
1770 901
394 477
1302 751
1678 794
636 169
1828 1036
299 1093
684 385
1862 1196
1863 455
387 861
1442 1274
790 1314
911 1374
1364 1696
928 157
13 1139
1865 1429
46 1094
1500 1041
529 1021
1698 222
9 114
1337 1899
129 1198
1373 1825
1234 576
1594 172
381 1591
1837 348
242 1946
1098 1792
1541 1438
116 18
1393 707
1821 443
1598 1498
1211 1975
1414 378
1061 22
1048 1856
267 1309
1464 1281
848 1316
221 1778
1845 534
100 687
1175 1942
30 1868
927 1554
1478 1490
1667 163
1601 1888
1931 953
1490 959
1935 630
104 1951
594 689
330 1372
309 1059
1140 542
1303 1919
1850 1701
1029 1585
521 1209
177 445
1121 783
1473 1189
284 1333
1315 24
1944 768
242 1831
1037 560
735 185
1995 1626
309 1117
270 612
1735 200
1108 478
576 984
1534 1976
848 181
1386 850
1732 1896
1174 586
1214 1848
1397 1785
1396 1607
335 1476
411 966
1665 1328
433 283
142 283
172 161
866 52
1203 104
1886 1474
815 816
1128 1080
1020 1027
1380 588
1476 1628
478 1839
1308 638
125 1970
782 1063
44 1531
1145 561
522 839
569 1913
1307 204
1258 1882
1715 513
1577 1515
111 1609
373 53
1510 1097
329 355
378 140
1613 570
96 966
217 246
316 1677
1680 1683
1505 1685
1741 405
1416 684
1374 411
1076 1159
1163 11
1530 916
1197 1275
1170 1396
1367 1605
1256 1159
1953 1447
1587 165
1405 1662
1100 199
386 472
524 1280
493 1984
985 130
697 783
1255 1554
1956 259
209 48
1427 907
686 541
1372 305
552 1792
1747 1915
1591 102
1331 434
1094 836
1690 423
1320 366
1115 525
1247 880
1448 224
826 1199
495 1065
857 419
1748 802
133 1745
1552 1980
277 490
506 1525
773 1060
1046 1762
1002 994
1107 804
1907 1590
1470 905
1693 146
160 1783
354 111
1553 781
1819 1242
606 1230
309 484
1349 16
292 703
1562 1879
588 377
1143 1507
1645 787
1025 1453
1137 701
662 280
424 355
1603 353
1927 93
1855 842
47 1217
219 1021
656 459
1787 668
45 746
248 1265
1984 1886
425 123
1920 463
1964 1886
1990 1318
735 272
560 1968
1618 70
1853 1768
901 1959
1877 1700
1952 683
44 1034
1920 567
1613 691
1600 26
280 1353
33 624
1354 714
1858 1541
1147 1387
1219 1287
1586 1912
1192 1767
1967 761
708 109
663 1468
456 534
996 447
1588 558
1038 217
1452 593
1705 1860
1754 157
297 182
141 1557
15 1827
1268 1464
1303 453
51 206
715 686
1966 838
1396 632
1965 727
550 353
246 1038
445 1963
389 1129
849 220
282 320
1874 1135
1995 530
1624 1981
935 230
269 958
910 525
1694 479
645 1935
423 1982
1744 1452
1638 245
556 1191
1964 1236
673 718
270 402
938 451
1487 107
1417 936
410 1435
1101 1102
1088 985
894 515
677 470
1570 1435
607 382
1000 1075
487 1642
741 1888
42 1274
791 603
903 764
1697 576
819 1777
1527 812
307 334
435 712
53 245
1616 1077
1563 1640
912 1947
136 1779
201 1648
654 788
898 1372
1165 1817
1936 1295
1201 1463
867 336
257 1694
1172 1209
1857 1888
1360 1729
1614 315
1273 56
1550 17
122 555
727 75
1092 1786
1342 1974
148 340
1136 1889
1791 1595
1227 1190
728 720
954 903
784 1221
1979 739
1314 1176
1673 1212
990 1410
1384 551
986 767
1922 799
822 1219
1208 1901
1270 623
692 400
1619 941
1641 655
702 734
754 466
569 1569
1052 319
1467 1027
427 384
644 301
413 392
908 1139
1461 963
623 165
1892 414
1940 1014
1236 290
1942 1551
1921 1021
1922 1804
154 1744
1110 1073
1108 1669
778 486
574 1750
667 1242
1026 318
484 504
1432 1895
1028 928
1201 1178
59 1651
1235 1308
540 467
1077 1150
1143 117
1307 27
1950 1545
1602 447
1140 259
1148 1811
104 1683
1835 1923
1855 1771
1815 845
504 60
1738 334
651 1912
1996 1681
1120 1614
1246 107
964 864
1825 1392
363 1028
846 433
222 1925
1314 253
594 337
357 1340
1693 968
1359 1017
1876 1197
1795 1712
1402 365
643 239
163 485
367 1763
1394 1216
58 1509
992 1984
114 766
1262 1046
1514 719
1982 1690
659 838
1834 1818
729 570
1775 271
1947 1954
1432 882
243 1454
1795 1492
29 117
1735 1351
1317 1847
1806 1295
1757 175
226 579
1310 859
1530 565
46 171
1150 198
549 652
1682 740
937 281
162 823
1323 964
1365 849
421 306
770 809
1059 1117
643 1228
1548 1168
1961 723
1752 1362
1309 308
1857 965
835 1779
777 1012
400 776
847 457
1171 1978
1323 1412
949 953
1760 1945
1240 669
1501 286
595 1794
1090 1252
1930 603
914 1997
833 878
1222 1751
93 224
1702 303
580 414
478 1634
462 623
1495 1312
179 1997
1574 1493
1707 753
1563 143
1778 813
437 311
1790 1742
496 898
629 1608
119 234
248 1522
1167 86
27 1356
88 988
1016 1757
1124 488
429 1940
853 1938
714 1756
1089 1081
434 452
584 319
1763 900
1135 728
962 1334
526 191
1735 180
543 1370
1923 1980
1 620
1859 1586
760 60
1942 783
987 491
501 306
1440 211
773 258
498 66
1865 1427
795 983
63 556
1488 1307
334 298
1257 575
550 1603
655 241
1359 934
1341 482
1654 32
1306 869
1361 1267
889 1663
1934 1067
900 1617
1477 1706
1903 1479
116 1824
927 31
349 123
1848 1540
1411 709
1376 491
313 1988
1639 1274
620 775
752 895
456 785
1610 1420
1142 905
1544 848
730 195
159 1532
1575 1854
1024 1022
618 543
865 874
587 164
573 1058
1571 1310
1867 1217
124 394
1644 78
1793 273
1141 64
1364 255
176 1321
1698 1925
25 301
1497 1568
750 3
88 949
1318 414
75 1582
1592 194
828 1939
1658 1736
684 1714
1342 67
283 312
1285 1276
1038 1803
617 143
1043 876
1195 512
1287 1599
1556 1641
376 359
496 688
1256 1802
1232 1088
1298 508
750 1380
1491 549
1015 902
1976 942
1090 888
1679 1099
1729 339
1629 489
373 532
762 1939
407 359
1284 1516
1489 1742
536 1225
1858 1153
1571 1299
1123 797
1434 581
1516 470
881 925
1037 1122
895 1977
1181 1026
652 572
1050 1513
553 1596
46 780
374 997
431 903
819 264
954 1840
446 256
1675 19
1753 115
826 310
516 486
100 1504
325 920
1279 930
574 670
195 458
1999 1999 1999 1999 1999 1999 1999 1999 1999 1999 1999 1999 1999 1999 1999 1999 1999 1999 1999 1999 1999 1999 1999 1999 1999 1999 1999 1999 1999 1999 1999 1999 1999 1999 1999 1999 1999 1999 1999 1999 1999 1999 1999 1999 1999 1999 1999 1999 1999 1999 1999 1999 1999 1999 1999 1999 1999 1999 1999 1999 1999 1999 1999 1999 1999 1999 1999 1999 1999 1999 1999 1999 1999 1999 1999 1999 1999 1999 1999 1999 1999 1999 1999 1999 1999 1999 1999 1999 1999 1999 1999 1999 1999 1999 1999 1999 1999 1999 1999 1999 1999 1999 1999 1999 1999 1999 1999 1999 1999 1999 1999 1999 1999 1999 1999 1999 1999 1999 1999 1999 1999 1999 1999 1999 1999 1999 1999 1999 1999 1999 1999 1999 1999 1999 1999 1999 1999 1999 1999 1999 1999 1999 1999 1999 1999 1999 1999 1999 1999 1999 1999 1999 1999 1999 1999 1999 1999 1999 1999 1999 1999 1999 1999 1999 1999 1999 1999 1999 1999 1999 1999 1999 1999 1999 1999 1999 1999 1999 1999 1999 1999 1999 1999 1999 1999 1999 1999 1999 1999 1999 1999 1999 1999 1999 1999 1999 1999 1999 1999 1999 1999 1999 1999 1999 1999 1999 1999 1999 1999 1999 1999 1999 1999 1999 1999 1999 1999 1999 1999 1999 1999 1999 1999 1999 1999 1999 1999 1999 1999 1999 1999 1999 1999 1999 1999 1999 1999 1999 1999 1999 1999 1999 1999 1999 1999 1999 1999 1999 1999 1999 1999 1999 1999 1999 1999 1999 1999 1999 1999 1999 1999 1999 1999 1999 1999 1999 1999 1999 1999 1999 1999 1999 1999 1999 1999 1999 1999 1999 1999 1999 1999 1999 1999 1999 1999 1999 1999 1999 1999 1999 1999 1999 1999 1999 1999 1999 1999 1999 1999 1999 1999 1999 1999 1999 1999 1999 1999 1999 1999 1999 1999 1999 1999 1999 1999 1999 1999 1999 1999 1999 1999 1999 1999 1999 1999 1999 1999 1999 1999 1999 1999 1999 1999 1999 1999 1999 1999 1999 1999 1999 1999 1999 1999 1999 1999 1999 1999 1999 1999 1999 1999 1999 1999 1999 1999 1999 1999 1999 1999 1999 1999 1999 1999 1999 1999 1999 1999 1999 1999 1999 1999 1999 1999 1999 1999 1999 1999 1999 1999 1999 1999 1999 1999 1999 1999 1999 1999 1999 1999 1999 1999 1999 1999 1999 1999 1999 1999 1999 1999 1999 1999 1999 1999 1999 1999 1999 1999 1999 1999 1999 1999 1999 1999 1999 1999 1999 1999 1999 1999 1999 1999 1999 1999 1999 1999 1999 1999 1999 1999 1999 1999 1999 1999 1999 1999 1999 1999 1999 1999 1999 1999 1999 1999 1999 1999 1999 1999 1999 1999 1999 1999 1999 1999 1999 1999 1999 1999 1999 1999 1999 1999 1999 1999 1999 1999 1999 1999 1999 1999 1999 1999 1999 1999 1999 1999 1999 1999 1999 1999 1999 1999 1999 1999 1999 1999 1999 1999 1999 1999 1999 1999 1999 1999 1999 1999 1999 1999 1999 1999 1999 1999 1999 1999 1999 1999 1999 1999 1999 1999 1999 1999 1999 1999 1999 1999 1999 1999 1999 1999 1999 1999 1999 1999 1999 1999 1999 1999 1999 1999 1999 1999 1999 1999 1999 1999 1999 1999 1999 1999 1999 1999 1999 1999 1999 1999 1999 1999 1999 1999 1999 1999 1999 1999 1999 1999 1999 1999 1999 1999 1999 1999 1999 1999 1999 1999 1999 1999 1999 1999 1999 1999 1999 1999 1999 1999 1999 1999 1999 1999 1999 1999 1999 1999 1999 1999 1999 1999 1999 1999 1999 1999 1999 1999 1999 1999 1999 1999 1999 1999 1999 1999 1999 1999 1999 1999 1999 1999 1999 1999 1999 1999 1999 1999 1999 1999 1999 1999 1999 1999 1999 1999 1999 1999 1999 1999 1999 1999 1999 1999 1999 1999 1999 1999 1999 1999 1999 1999 1999 1999 1999 1999 1999 1999 1999 1999 1999 1999 1999 1999 1999 1999 1999 1999 1999 1999 1999 1999 1999 1999 1999 1999 1999 1999 1999 1999 1999 1999 1999 1999 1999 1999 1999 1999 1999 1999 1999 1999 1999 1999 1999 1999 1999 1999 1999 1999 1999 1999 1999 1999 1999 1999 1999 1999 1999 1999 1999 1999 1999 1999 1999 1999 1999 1999 1999 1999 1999 1999 1999 1999 1999 1999 1999 1999 1999 1999 1999 1999 1999 1999 1999 1999 1999 1999 1999 1999 1999 1999 1999 1999 1999 1999 1999 1999 1999 1999 1999 1999 1999 1999 1999 1999 1999 1999 1999 1999 1999 1999 1999 1999 1999 1999 1999 1999 1999 1999 1999 1999 1999 1999 1999 1999 1999 1999 1999 1999 1999 1999 1999 1999 1999 1999 1999 1999 1999 1999 1999 1999 1999 1999 1999 1999 1999 1999 1999 1999 1999 1999 1999 1999 1999 1999 1999 1999 1999 1999 1999 1999 1999 1999 1999 1999 1999 1999 1999 1999 1999 1999 1999 1999 1999 1999 1999 1999 1999 1999 1999 1999 1999 1999 1999 1999 1999 1999 1999 1999 1999 1999 1999 1999 1999 1999 1999 1999 1999 1999 1999 1999 1999 1999 1999 1999 1999 1999 1999 1999 1999 1999 1999 1999 1999 1999 1999 1999 1999 1999 1999 1999 1999 1999 1999 1999 1999 1999 1999 1999 1999 1999 1999 1999 1999 1999 1999 1999 1999 1999 1999 1999 1999 1999 1999 1999 1999 1999 1999 1999 1999 1999 1999 1999 1999 1999 1999 1999 1999 1999 1999 1999 1999 1999 1999 1999 1999 1999 1999 1999 1999 1999 1999 1999 1999 1999 1999 1999 1999 1999 1999 1999 1999 1999 1999 1999 1999 1999 1999 1999 1999 1999 1999 1999 1999 1999 1999 1999 1999 1999 1999 1999 1999 1999 1999 1999 1999 1999 1999 1999 1999 1999 1999 1999 1999 1999 1999 1999 1999 1999 1999 1999 1999 1999 1999 1999 1999 1999 1999 1999 1999 1999 1999 1999 1999 1999 1999 1999 1999 1999 1999 1999 1999 1999 1999 1999 1999 1999 1999 1999 1999 1999 1999 1999 1999 1999 1999 1999 1999 1999 1999 1999 1999 1999 1999 1999 1999 1999 1999 1999 1999 1999 1999 1999 1999 1999 1999 1999 1999 1999 1999 1999 1999 1999 1999 1999 1999 1999 1999 1999 1999 1999 1999 1999 1999 1999 1999 1999 1999 1999 1999 1999 1999 1999 1999 1999 1999 1999 1999 1999 1999 1999 1999 1999 1999 1999 1999 1999 1999 1999 1999 1999 1999 1999 1999 1999 1999 1999 1999 1999 1999 1999 1999 1999 1999 1999 1999 1999 1999 1999 1999 1999 1999 1999 1999 1999 1999 1999 1999 1999 1999 1999 1999 1999 1999 1999 1999 1999 1999 1999 1999 1999 1999 1999 1999 1999 1999 1999 1999 1999 1999 1999 1999 1999 1999 1999 1999 1999 1999 1999 1999 1999 1999 1999 1999 1999 1999 1999 1999 1999 1999 1999 1999 1999 1999 1999 1999 1999 1999 1999 1999 1999 1999 1999 1999 1999 1999 1999 1999 1999 1999 1999 1999 1999 1999 1999 1999 1999 1999 1999 1999 1999 1999 1999 1999 1999 1999 1999 1999 1999 1999 1999 1999 1999 1999 1999 1999 1999 1999 1999 1999 1999 1999 1999 1999 1999 1999 1999 1999 1999 1999 1999 1999 1999 1999 1999 1999 1999 1999 1999 1999 1999 1999 1999 1999 1999 1999 1999 1999 1999 1999 1999 1999 1999 1999 1999 1999 1999 1999 1999 1999 1999 1999 1999 1999 1999 1999 1999 1999 1999 1999 1999 1999 1999 1999 1999 1999 1999 1999 1999 1999 1999 1999 1999 1999 1999 1999 1999 1999 1999 1999 1999 1999 1999 1999 1999 1999 1999 1999 1999 1999 1999 1999 1999 1999 1999 1999 1999 1999 1999 1999 1999 1999 1999 1999 1999 1999 1999 1999 1999 1999 1999 1999 1999 1999 1999 1999 1999 1999 1999 1999 1999 1999 1999 1999 1999 1999 1999 1999 1999 1999 1999 1999 1999 1999 1999 1999 1999 1999 1999 1999 1999 1999 1999 1999 1999 1999 1999 1999 1999 1999 1999 1999 1999 1999 1999 1999 1999 1999 1999 1999 1999 1999 1999 1999 1999 1999 1999 1999 1999 1999 1999 1999 1999 1999 1999 1999 1999 1999 1999 1999 1999 1999 1999 1999 1999 1999 1999 1999 1999 1999 1999 1999 1999 1999 1999 1999 1999 1999 1999 1999 1999 1999 1999 1999 1999 1999 1999 1999 1999 1999 1999 1999 1999 1999 1999 1999 1999 1999 1999 1999 1999 1999 1999 1999 1999 1999 1999 1999 1999 1999 1999 1999 1999 1999 1999 1999 1999 1999 1999 1999 1999 1999 1999 1999 1999 1999 1999 1999 1999 1999 1999 1999 1999 1999 1999 1999 1999 1999 1999 1999 1999 1999 1999 1999 1999 1999 1999 1999 1999 1999 1999 1999 1999 1999 1999 1999 1999 1999 1999 1999 1999 1999 1999 1999 1999 1999 1999 1999 1999 1999 1999 1999 1999 1999 1999 1999 1999 1999 1999 1999 1999 1999 1999 1999 1999 1999 1999 1999 1999 1999 1999 1999 1999 1999 1999 1999 1999 1999 1999 1999 1999 1999 1999 1999 1999 1999 1999 1999 1999 1999 1999 1999 1999 1999 1999 1999 1999 1999 1999 1999 1999 1999 1999 1999 1999 1999 1999 1999 1999 1999 1999 1999 1999 1999 1999 1999 1999 1999 1999 1999 1999 1999 1999 1999 1999 1999 1999 1999 1999 1999 1999 1999 1999 1999 1999 1999 1999 1999 1999 1999 1999 1999 1999 1999 1999 1999 1999 1999 1999 1999 1999 1999 1999 1999 1999 1999 1999 1999 1999 1999 1999 1999 1999 1999 1999 1999 1999 1999 1999 1999 1999 1999 1999 1999 1999 1999 1999 1999 1999 1999 1999 1999 1999 1999 1999 1999 1999 1999 1999 1999 1999 1999 1999 1999 1999 1999 1999 1999 1999 1999 1999 1999 1999 1999 1999 1999 1999 1999 1999 1999 1999 1999 1999 1999 1999 1999 1999 1999 1999 1999 1999 1999 1999 1999 1999 1999 1999 1999 1999 1999 1999 1999 1999 1999 1999 1999 1999 1999 1999 1999 1999 1999 1999 1999 1999 1999 1999 1999 1999 1999 1999 1999 1999 1999 1999 1999 1999 1999 1999 1999 1999 1999 1999 1999 1999 1999 1999 1999 1999 1999 1999 1999 1999 1999 1999 1999 1999 1999 1999 1999 1999 1999 1999 1999 1999 1999 1999 1999 1999 1999 1999 1999 1999 1999 1999 1999 1999 1999 1999 1999 1999 1999 1999 1999 1999 1999 1999 1999 1999 1999 1999 1999 1999 1999 1999 1999 1999 1999 1999 1999 1999 1999 1999 1999 1999 1999 1999 1999 1999 1999 1999 1999 1999 1999 1999 1999 1999 1999 1999 1999 1999 1999 1999 1999 1999 1999 1999 1999 1999 1999 1999 1999 1999 1999 1999 1999 1999 1999 1999 1999 1999 1999 1999 1999 1999 1999 1999 1999 1999 1999 1999 1999 1999 1999 1999 1999 1999 1999 1999 1999 1999 1999 1999 1999 1999 1999 1999 1999 1999 1999 1999 1999 1999 1999 1999 1999 1999 1999 1999 1999 1999 1999 1999 1999 1999 1999 1999 1999 1999 1999 1999 1999 1999 1999 1999 1999 1999 1999 1999 1999 1999 1999 1999 1999 1999 1999 1999 1999 1999 1999 1999 1999 1999 1999 1999 1999 1999 1999 1999 1999 1999 1999 1999 1999 1999 1999 1999 1999 1999 1999 1999 1999 1999 1999 1999 1999 1999 1999 1999 1999 1999 1999 1999 1999 1999 1999 1999 1999 1999 1999 1999 1999 1999 1999 1999 1999 1999 1999 1999 1999 1999 1999 1999 1999 1999 1999 1999 1999 1999 1999 1999 1999 1999 1999 1999 1999 1999 1999 1999 1999 1999 1999 1999 1999 1999 1999 1999 1999 1999 1999 1999 1999 1999 1999 1999 1999 1999 1999 1999 1999 1999 1999 1999 1999 1999 1999 1999 1999 1999 1999 1999 1999 1999 1999 1999 1999 1999 1999 1999 1999 1999 1999 1999 1999 1999 1999 1999 1999 1999 1999 1999 1999 1999 1999 1999 1999 1999 1999 1999 1999 1999 1999 1999 1999 1999 1999 1999 1999 1999 1999 1999 1999 1999 1999 1999 1999 1999 1999 1999 1999 1999 1999 1999 1999 1999 1999 1999 1999 1999 1999 1999 1999 1999
