2000 4000
408 1723
1026 1271
1879 1614
1222 348
1077 129
1446 551
333 893
1536 170
162 1631
1823 162
1381 116
1238 1930
125 1681
1389 1307
448 1774
886 1547
1774 1212
116 158
67 1012
1069 1088
1942 1288
1755 1559
1318 253
541 971
1425 1167
1350 1279
1888 613
1330 1230
537 169
818 1293
1994 716
1170 533
691 1453
828 1356
1535 1305
1563 1790
651 52
1897 1440
1590 1759
764 1257
1544 1453
1116 764
1477 916
944 1650
915 1405
161 331
1890 804
492 1798
1971 1186
221 1963
967 1005
633 1635
1186 902
631 356
739 590
516 915
1252 1249
704 45
311 1444
1330 1107
969 1308
1642 367
1459 1553
1239 1015
121 1367
1747 1501
1101 504
634 724
1361 336
1998 1565
1072 105
737 1591
1707 1596
1607 148
118 1711
1293 1575
48 557
1876 815
1981 882
531 795
408 1421
1329 1108
56 1970
1157 816
855 1071
1845 1633
1325 1657
1035 1404
1800 1156
1930 411
473 1885
1042 524
887 110
1000 329
1458 291
599 545
1444 226
1635 1873
333 425
43 1536
223 1875
392 1713
261 521
114 712
1722 767
84 764
1755 44
589 350
40 531
1314 1491
1912 1253
1408 1860
430 1856
691 1396
1239 1174
1465 1025
1775 1042
522 190
1820 1832
1193 1228
42 1844
198 1471
1999 846
1723 1188
150 1547
1964 1517
829 422
187 454
1085 116
408 1519
1024 1499
522 792
1380 631
474 1515
852 916
1237 1487
1220 1038
648 1669
1970 577
754 713
102 892
1380 55
752 973
1951 1929
374 1560
688 464
1557 1985
1012 1137
836 215
132 212
1827 1758
1512 1874
954 1620
533 204
1655 255
781 1543
1961 503
438 1362
183 958
1840 892
838 1322
263 1491
385 1406
1112 160
190 529
675 609
1549 1717
1798 1024
1252 626
798 1413
918 246
669 1435
1386 779
1111 1329
419 411
1398 555
528 396
1128 1003
160 1604
1799 206
1665 47
248 149
896 1699
905 1037
430 1888
1443 1818
1169 158
1098 945
89 99
607 910
386 684
1557 1901
1203 683
323 1407
1598 1082
536 202
116 107
580 1014
548 1910
992 591
34 1470
161 785
723 1822
391 1569
1777 879
1886 1101
566 1866
877 1584
1466 1872
1949 372
905 1115
1932 1933
804 1142
217 280
319 874
1831 1706
1388 1146
1539 1062
342 450
1962 197
1699 221
1614 1267
378 661
522 832
558 1777
1351 226
1901 421
136 703
777 707
190 4
1322 1059
10 1766
1547 63
1439 113
397 891
1309 896
131 1816
1602 1491
1492 1806
1235 23
531 625
844 444
1259 753
71 664
305 1410
19 1539
34 388
1523 116
1514 1001
539 696
237 620
2 911
1853 1665
1920 1943
1429 1690
857 1516
916 723
1612 1157
742 523
388 765
1363 239
1223 1167
1726 359
1839 1280
93 1014
299 1606
221 724
1965 931
421 1345
1355 395
906 328
821 1699
1464 1840
380 598
1206 410
1083 1320
1986 625
826 650
11 918
1742 462
1659 54
1543 1943
1070 1255
1457 360
375 786
256 727
1639 1026
1811 117
49 1620
116 787
93 310
1489 1798
1039 932
1762 1776
1853 1700
1554 318
788 1897
56 1599
794 1573
1343 1089
2 1256
884 29
525 1235
979 1306
1353 1512
1588 894
769 1270
102 1106
923 591
1715 957
449 1325
264 1486
1730 276
1967 1083
1902 1153
867 1294
214 1832
227 1683
800 1802
364 282
92 1686
380 373
1783 1374
256 1282
1883 261
748 1517
1381 1150
574 1632
1520 1779
1809 1179
907 760
437 1347
1050 1639
1166 1417
1933 1982
1246 280
1093 1516
303 1605
164 1586
1996 578
884 843
1181 1759
1869 1779
1803 609
918 1027
1431 958
328 686
1140 1183
1267 1085
615 1139
1039 298
1859 1432
615 1828
1326 1640
1798 1099
1 95
1873 618
418 335
1833 236
1994 983
1004 418
536 1877
993 1848
893 1649
1165 258
639 1789
283 1118
798 1994
309 303
1216 546
1203 1179
39 1605
341 737
1060 1392
1476 500
565 1655
250 90
494 1139
194 104
685 448
1704 854
1134 194
1516 1767
251 1809
942 833
868 1614
27 1816
779 1915
439 570
326 1231
531 1371
679 1921
766 1463
1559 1830
1494 1240
1803 131
1038 1963
1473 280
1304 1424
1534 1394
1698 79
313 1671
1917 403
6 637
4 1539
60 334
1571 525
1152 1354
295 1959
1039 1618
806 1146
942 1375
1947 14
821 519
1748 212
1077 1092
1320 79
1721 395
1065 1750
572 1886
1557 1514
1464 1480
1626 453
1762 30
1534 203
1856 610
1651 1084
339 1290
1839 1739
1856 1816
142 1552
613 396
1095 615
1790 1761
534 436
991 1144
1052 586
1813 1493
1 1643
479 1804
175 589
751 1266
1717 65
198 1398
604 897
235 1111
491 1115
1655 963
1049 1698
868 1404
645 1222
504 1951
554 1183
1314 1211
424 951
1604 1981
1893 1445
928 165
1867 219
336 544
1451 1634
67 127
1823 918
218 1001
1535 867
1478 997
752 1480
1850 446
1936 444
654 1540
1962 398
716 1771
1897 387
576 1096
1597 1517
681 1371
19 1775
1676 281
1375 161
1457 623
1090 570
15 1780
105 1176
351 1442
858 1085
1348 303
1808 1507
1458 313
1170 245
295 795
1483 964
726 718
1981 978
1493 1890
373 1943
1767 1946
724 1430
641 123
1204 1603
1971 1337
812 1877
1440 132
615 220
1300 430
278 72
370 1827
1986 901
1664 1991
229 1632
416 1214
667 664
1097 1792
1193 1681
428 1566
857 1908
1163 1146
1810 795
1469 1962
1638 1498
557 1310
1885 1338
1451 417
260 1363
1869 430
1746 206
1450 1570
46 1927
1749 585
488 340
532 886
1299 117
689 175
939 1879
51 36
1770 1840
1468 1112
1137 1608
1160 1692
1019 533
1875 1359
1407 1567
1494 1654
252 665
1514 1436
1030 969
1541 1601
1661 1420
111 33
686 601
983 1188
377 1187
1195 130
1401 897
1753 952
378 1717
849 1022
613 92
395 1868
549 351
1906 1593
1957 1217
1968 1681
805 1204
482 770
1396 1792
1326 1306
1315 770
1464 1556
1220 538
1504 241
1668 1483
1634 84
1699 1205
613 875
1519 422
1587 311
1655 1386
477 1170
1798 843
412 231
81 1477
61 1399
34 750
780 925
83 159
633 1734
1443 435
1408 1366
1216 40
1909 218
361 1061
873 849
921 555
1475 309
186 815
327 792
712 173
1297 1108
1830 632
1327 736
236 1057
511 913
1583 569
1568 1538
1001 1517
1858 799
664 1962
463 267
1468 301
1933 1055
1195 161
861 1959
1988 1175
1977 1253
475 1146
1821 5
1660 332
573 221
226 968
906 1552
858 1483
1935 212
340 1239
1144 1343
1768 799
203 1061
503 1254
1679 1158
1337 611
1486 1302
176 1988
133 520
70 1120
100 461
490 1504
596 880
71 1935
780 1438
1674 1505
289 964
1772 1549
770 1093
1622 911
432 1869
1368 860
691 1698
1625 160
300 1214
36 583
1032 555
458 1646
18 658
1310 1577
1952 206
199 870
1360 1150
1084 923
425 501
1547 282
1665 670
1668 252
948 850
1901 1346
523 1116
1237 667
1980 197
744 1951
494 1768
1284 1558
702 1092
63 1341
1596 517
368 1225
1731 1583
1814 954
1033 499
1280 1998
33 1399
928 1434
699 1644
1239 1469
977 669
1724 1689
283 1565
1266 762
1943 700
469 312
723 1760
608 762
1981 521
271 1286
1605 1025
1991 623
1671 1876
771 1558
852 819
759 1877
883 1210
1473 1397
83 638
120 1382
679 1432
769 1342
1242 1631
154 432
909 859
269 1017
888 1547
1894 337
723 1322
1524 303
1218 262
1929 133
1917 1575
662 856
444 498
1687 435
1993 1253
1258 473
1226 1770
1566 355
1095 758
1953 1964
517 1984
406 1788
327 1598
1139 979
1547 1169
1797 1164
504 636
1233 1584
1957 892
1634 510
982 377
1962 1994
1433 1235
1670 932
1946 1117
680 1473
1852 816
789 1210
266 736
192 303
57 1189
1899 645
1016 359
391 1845
740 843
725 1703
812 1728
60 111
609 1945
1612 1210
1199 488
124 484
560 887
1787 538
353 1032
1748 599
1073 1172
483 1801
1125 763
1396 824
1292 1864
1736 1168
272 162
813 634
97 1188
814 1246
704 1583
33 1875
692 1357
1300 1576
39 349
1567 181
1576 1164
1373 151
920 1734
1690 900
905 1201
1443 658
1525 166
1922 1264
1376 1775
158 197
1613 1681
1870 346
1263 1146
975 901
1813 511
1183 1659
698 1520
369 459
1771 1483
1222 1935
1261 1630
385 164
1041 476
1961 990
1374 1976
1173 1074
922 1493
201 1581
1132 873
1476 1471
723 1053
970 1440
1609 1235
323 17
995 1942
908 46
1610 1869
1805 583
1602 1465
682 923
1436 835
1514 1977
340 166
1670 1786
826 138
1657 1116
231 1620
594 1208
1113 1441
490 738
515 1746
1574 25
1011 1845
640 395
333 1809
611 1313
1538 553
85 430
1449 613
614 1453
718 1258
255 1415
132 764
30 152
1983 716
217 1941
404 31
988 1049
389 1218
567 1470
557 455
1527 480
1837 1934
714 972
966 318
498 1244
800 684
1073 948
1318 609
386 1642
1579 1047
465 1553
868 1902
1070 744
1850 1394
367 625
1881 1116
468 1255
1352 1548
1608 412
802 162
982 1973
1315 890
1081 1914
1564 938
728 1241
554 1382
525 2
604 1521
1625 1748
238 961
210 243
362 1725
78 1867
893 560
446 1634
623 653
733 1322
1582 419
1910 1467
1510 1735
332 86
533 608
1382 317
1119 984
1830 969
722 1534
146 887
132 442
1038 1488
349 220
1639 606
834 234
305 1800
1702 369
714 1901
800 305
1747 1311
1602 1269
619 540
1280 738
1683 1441
1663 695
615 1497
737 1022
1299 1533
618 151
1783 723
947 447
1445 1351
221 775
1741 388
1042 788
1433 1914
1491 1812
1063 1240
52 1632
1450 342
1530 1616
971 263
578 1070
535 1743
1935 660
1606 683
578 1246
1951 845
1232 48
1117 578
162 153
1653 1620
1788 986
1103 300
1415 1192
586 896
1561 620
520 759
1456 1055
1992 1430
1152 842
1990 1032
666 301
1724 1431
999 784
1883 1289
1344 1717
1479 1504
502 1422
1400 1672
59 1764
1289 682
1431 1155
1141 746
1495 658
1706 960
60 279
755 202
1965 1372
769 224
1865 746
617 1250
1894 457
1890 1858
1744 580
1822 668
1768 1137
452 164
83 1809
371 1327
1059 1806
1723 1966
532 470
1202 63
961 634
803 1711
1252 732
978 103
1801 331
843 212
616 1322
20 839
702 1082
851 1613
672 85
268 422
77 1216
645 119
515 897
124 851
1310 943
713 1725
1491 1008
845 476
667 520
1524 1872
1084 1595
1166 1554
795 1088
843 1058
607 1927
1785 1159
504 637
34 890
1078 1757
1146 497
261 1121
540 1875
922 1373
1517 1454
454 203
578 359
205 674
1008 1024
1403 1025
1729 1510
389 1707
1426 1192
1375 1197
1106 1836
783 438
1090 419
1482 1356
1659 352
809 961
1056 911
122 1537
1904 1225
354 191
1823 1671
797 112
675 1923
396 1069
1362 1409
966 1362
1316 317
260 1549
193 1585
735 159
149 648
432 970
1103 964
1310 1819
551 1875
1366 1569
763 1842
401 564
656 1644
249 1543
637 531
1776 648
1137 1053
433 469
1156 112
633 932
324 1528
191 1988
1686 876
1561 1284
1540 172
412 1983
485 667
1257 1495
226 1226
157 1311
1496 1865
1347 1812
705 1096
389 1033
783 932
1574 225
552 314
1764 500
1031 616
78 1531
24 1067
1016 1782
1070 723
1083 1449
226 1991
1703 123
1660 44
191 172
288 681
388 1678
1642 696
1154 1188
1858 361
469 1024
1743 1256
582 352
413 1973
1361 1006
1348 921
1828 1548
1461 354
1102 1997
656 1505
1786 1278
692 1475
642 1453
1158 1846
1920 318
1110 1791
1060 807
930 1095
681 1937
1739 826
1653 366
958 1320
951 891
301 1444
1266 1057
376 209
1535 282
77 1950
1009 1720
1482 930
1925 1887
1768 1203
1382 1752
1942 103
1334 123
1088 567
684 1334
1946 1782
1554 351
1610 1174
831 1816
176 1568
1332 114
1443 1815
33 1119
1344 1202
640 628
326 379
1363 1661
550 1959
483 1941
1932 902
1235 78
526 1822
253 274
982 1489
1084 792
1832 922
1819 586
121 1754
713 1445
583 1778
307 308
1469 1337
1083 1230
1123 659
796 1971
461 217
1237 1470
1029 1343
360 773
1312 1928
251 48
1377 1866
780 1955
489 50
1832 1893
103 1760
546 608
746 1849
1663 1074
621 1249
1087 1484
1731 708
1500 337
22 1510
1026 1458
1808 27
980 1780
1638 1239
930 1406
846 1653
436 1557
870 996
849 142
640 1968
1686 1417
1400 509
1298 1794
676 1454
460 283
1920 1461
387 43
1825 1590
813 1271
144 877
185 69
1788 126
1157 1555
1570 42
703 1320
1901 611
1723 1652
1204 1750
1932 390
549 551
1145 1984
148 1809
1310 834
1544 1051
210 315
992 141
1003 1494
1947 352
1722 708
525 758
758 129
726 1997
1095 1295
1258 1387
1488 1104
1830 1619
917 1475
966 462
702 1582
853 909
522 565
1744 881
795 537
1702 317
1215 51
898 1163
517 787
1454 556
83 367
1577 776
1252 658
1056 872
1224 988
1809 503
743 835
1887 32
905 1302
1319 1581
127 605
357 1560
1467 200
151 636
1056 1246
634 458
841 726
487 470
139 408
1559 383
1314 1454
365 740
1472 1653
1849 1545
286 726
318 1045
1470 589
375 184
1808 1563
1337 1635
1853 1516
1646 695
607 728
1680 540
319 1955
192 1654
1912 479
1050 203
1089 1696
672 955
919 1004
1145 1540
569 171
711 1572
1965 535
1516 764
382 85
634 246
1317 807
575 1210
1489 1916
1340 1538
764 443
393 1145
234 1624
476 1494
368 1515
1294 1027
82 511
463 1431
1786 70
767 1848
1396 1323
801 55
1929 1570
483 1444
1384 518
682 634
1190 997
1262 1680
850 578
1964 809
595 1610
1800 255
921 46
656 312
336 1583
612 1843
527 1487
315 1996
968 1876
478 395
1155 1631
721 1198
606 1332
346 1802
133 1768
425 1720
1547 476
653 1896
776 1532
635 933
282 555
1096 374
1996 1364
280 563
1309 364
1439 438
1509 1604
828 1984
752 900
741 70
466 1932
1624 1867
252 1347
793 1037
1266 1182
1656 1893
398 628
988 1194
1348 243
168 535
644 853
1815 1801
117 1337
508 985
1966 1954
1753 729
824 1763
577 93
802 811
848 1388
214 196
555 404
632 832
171 1254
1619 218
342 1312
1952 1896
1465 1811
850 1889
1131 273
1741 477
61 72
869 1760
1035 270
1373 673
1306 189
1200 1314
143 965
1744 1217
1069 759
103 60
1954 443
1563 187
1564 372
828 24
1494 666
477 889
1641 68
731 1835
1038 1922
608 338
323 44
1425 975
1384 1582
1754 1330
681 365
48 869
1574 1918
793 69
1794 52
214 715
1758 830
1279 49
226 730
963 838
1797 733
1009 181
1148 1556
1284 1227
1381 1959
1324 446
18 778
14 307
1813 747
1165 1909
1800 569
1731 973
221 1108
777 1609
226 885
1708 587
739 637
1099 1175
1352 32
1312 480
832 449
189 576
789 606
1156 1903
41 632
995 1730
1261 480
1675 325
628 1213
1213 1560
1441 486
1742 1352
1420 1843
873 4
1436 1741
1321 631
1976 1229
1803 1526
1201 752
1453 1088
469 1550
1111 1410
1565 280
145 1875
1553 1626
1042 49
784 721
954 1861
1621 1153
808 1166
1633 1806
580 1800
1289 516
52 1079
1628 1001
755 1061
286 434
271 77
1772 1621
227 1070
1773 1905
218 1934
467 1285
11 1557
1724 328
849 361
572 865
574 1031
292 457
173 1725
191 1541
1387 1474
714 1173
1288 1821
146 88
1861 165
74 1926
1149 799
744 177
235 190
1287 168
1625 1789
860 7
1922 127
1466 788
948 253
1240 1785
1 852
1986 931
1375 1680
1811 1792
282 1778
278 1370
1907 368
1657 1314
561 796
1060 863
1575 1511
1728 1222
295 978
580 1887
1827 716
1170 178
1285 10
1532 957
1794 608
1064 1980
1250 1650
785 600
1663 1595
98 696
854 1238
1038 1233
1559 784
1394 533
1531 1067
903 1302
1446 605
138 1867
1882 725
39 1874
1288 200
788 1904
1970 1680
837 86
1321 527
1915 570
232 1412
459 144
226 1218
24 631
1543 955
754 1024
902 223
18 812
440 1381
453 1146
1248 1489
1902 425
1995 101
610 1842
986 853
466 458
1747 1768
1685 319
1323 1716
65 52
446 1063
1958 654
852 1748
1288 538
1304 1683
1565 1162
1599 782
1286 371
1836 360
1665 1399
419 203
1291 996
1614 1390
393 749
858 847
1379 1462
724 1626
571 1278
484 855
897 806
906 253
1484 1965
19 615
152 944
1249 407
1767 1660
782 595
6 490
779 1435
522 461
1158 1582
1512 714
1919 378
1250 1540
452 1661
465 658
59 344
943 1679
751 372
1048 262
842 1777
1898 1332
1061 1828
844 458
520 693
850 1169
1404 1455
1737 1791
1450 1470
593 96
255 1890
1630 663
1409 321
817 1338
1252 22
425 1236
1555 255
1822 11
956 812
266 212
1952 1225
1111 1227
1521 1126
1622 1199
1117 852
1949 1135
1027 1346
721 1216
487 1299
1045 1047
1058 1445
960 233
1960 498
1383 1624
786 514
934 920
731 10
359 504
1378 361
946 372
1380 552
1823 1655
1081 810
827 404
216 1418
1262 841
1824 1630
1853 422
1891 1591
682 1941
1493 1419
1700 859
907 454
1096 1310
1715 663
1742 306
241 289
1051 292
1234 848
1219 847
1565 959
317 718
1000 52
475 1440
1801 1420
1073 648
1188 186
672 78
655 724
272 1221
1628 397
688 1758
159 161
879 1074
1686 840
1206 1849
1028 348
718 902
1016 1248
423 823
801 1931
1090 120
1957 551
999 1120
1418 237
1219 1667
972 723
1579 1035
1522 320
553 259
845 1072
708 278
1541 906
1209 1669
1973 324
830 386
1789 893
1370 890
866 241
1758 767
1479 1889
1291 1741
564 1415
371 1421
1972 1033
1685 1723
240 1685
934 794
59 858
1190 1410
1153 1266
217 1901
420 1756
1597 1733
490 711
1879 1361
468 1179
1709 600
1207 1872
418 1472
1704 117
976 1710
558 1207
940 1566
670 1362
240 595
628 1438
123 1530
442 485
1012 20
1205 141
1488 552
1409 1065
486 1488
1422 318
151 470
309 20
1384 179
515 1542
1768 1102
122 321
1462 1937
1675 1968
1934 81
1726 800
384 354
1983 1577
1782 185
81 709
1972 1216
1263 1935
1613 1575
628 145
828 1330
1988 1754
406 206
974 1424
1943 372
894 1847
92 319
1762 1286
1473 1590
1453 1200
643 638
1794 1601
539 411
812 827
1907 66
747 17
641 873
465 143
730 1488
861 496
3 1148
1539 1191
1899 1237
492 892
889 1939
286 1608
1423 633
469 140
311 813
877 296
704 158
1500 1478
79 1666
1780 1195
1139 1766
1945 1833
88 608
813 1195
1744 328
1499 1643
1508 1809
1266 1907
1533 1875
1104 570
102 1815
1354 442
1838 1821
1035 1969
550 450
1673 1020
255 623
247 638
882 1585
653 908
454 583
499 93
1187 1967
1763 169
1021 1497
1450 57
1021 1158
1720 94
748 310
218 534
1283 232
1425 140
934 778
1330 1102
1144 541
1622 1273
891 261
1864 1300
1150 1921
1089 882
244 860
91 1780
202 545
1732 585
491 186
1069 981
1664 1543
1696 540
419 1305
626 1773
1004 1029
1828 193
1233 86
951 1948
1324 1376
1660 1733
102 1204
1261 914
319 303
1988 1945
895 528
825 1596
1976 145
1726 1480
656 691
988 284
1799 1089
1067 358
325 428
1074 282
9 616
1901 478
1903 1176
361 320
1332 990
928 409
988 1010
1441 1917
1404 680
577 148
1601 1642
665 1281
10 47
457 51
520 1820
3 1662
907 1799
96 1449
1994 346
1263 1628
476 17
1960 752
1213 149
69 1698
835 1209
765 120
213 1238
1701 1645
1484 1532
93 1515
468 234
9 60
1478 672
338 484
503 734
888 901
1556 1905
282 1012
1717 811
1910 986
1812 1629
1370 492
14 1224
1247 694
241 1181
1727 622
1096 727
1150 1422
1393 618
1360 64
1963 155
1051 1828
1511 977
688 190
1633 1591
1428 47
595 633
1285 1185
641 494
348 229
1514 446
176 1364
1763 1489
510 1089
1824 984
1382 1867
1308 1186
951 4
1733 628
1684 615
864 412
510 1706
1515 1665
780 1717
1197 131
743 1490
1840 1235
1403 1119
599 1326
879 1760
708 1942
975 1228
123 717
1639 96
180 387
853 1998
1133 1858
1675 306
198 874
1316 968
507 491
97 1484
342 199
692 1249
1541 992
321 829
1731 24
798 563
1029 725
549 557
971 431
1417 1181
1137 1766
96 1607
212 735
1292 145
1236 914
1543 244
272 1964
810 59
1776 877
964 1202
1519 954
1954 1304
369 1803
1875 227
1027 342
1568 74
663 1493
1037 1540
1556 1284
1150 900
385 608
676 1799
1903 105
878 395
1821 1434
144 1590
639 1906
126 57
1279 872
500 545
182 1181
1538 1481
1184 1745
627 1630
1659 1838
1515 381
1288 439
1544 1350
1965 1851
866 165
52 1840
520 1776
241 577
1034 1915
1210 1518
1424 1044
1187 1217
772 1592
540 376
156 1535
534 1737
1354 515
1375 887
543 1404
1765 109
415 1724
84 676
201 1916
699 1756
1553 1367
573 365
318 808
45 254
1217 1717
1533 1178
1726 1533
1634 744
1057 949
1169 979
1548 889
892 549
1066 1994
1299 1005
1208 21
1402 660
1472 933
240 839
1299 552
615 1071
958 254
1425 302
817 608
1380 1160
781 494
525 318
935 223
689 1330
544 905
1958 1258
982 1157
705 1721
1195 1779
909 1914
1402 1668
977 778
349 1129
753 1715
236 1002
920 1760
1054 1940
1019 637
1898 170
644 1592
236 1315
1081 1783
1350 1303
664 1212
893 124
1516 432
266 392
361 579
1966 229
308 683
859 1232
1735 187
838 1016
1723 1148
567 67
1376 1091
1079 1102
1450 599
335 1914
535 1407
1111 1146
1206 1763
644 813
416 1099
1983 783
1271 1677
696 1208
1696 226
1378 48
1900 703
1772 1246
1554 911
1807 1592
477 1239
910 808
1040 543
588 1102
1706 1966
133 1319
233 1394
1842 1038
392 1538
92 1645
1041 272
1171 1552
1019 711
51 618
1877 1527
953 517
26 893
1008 1264
637 1102
737 44
1324 863
649 1401
1919 1159
597 1799
1961 1616
931 557
539 710
1659 586
763 1773
408 283
1321 1988
1640 1806
1487 861
1177 1891
427 186
1276 1983
447 1260
129 1665
55 119
190 1676
1035 1419
1987 1839
717 570
1167 1247
663 868
159 1251
537 1572
442 1950
768 1430
302 1005
31 417
356 340
109 520
1412 1301
813 317
226 704
614 1931
822 828
883 748
946 313
1858 1188
179 489
1967 1944
1984 1479
894 1096
565 1507
994 1731
510 1842
873 1349
1878 409
803 923
273 1895
1948 857
818 1209
606 1189
1167 423
1567 24
559 576
1280 1531
320 558
457 1509
181 118
220 1731
25 863
929 1764
152 650
254 568
84 1211
274 669
438 1242
298 453
40 1148
1135 166
296 1561
785 685
1183 1018
957 223
327 690
1490 94
804 1191
1895 134
1105 1842
705 439
674 1530
648 535
1433 92
1008 1118
1353 984
421 86
409 1264
1311 1848
236 453
334 1660
188 1091
1770 831
1927 793
1523 1749
526 1546
1891 660
929 566
1652 1055
811 254
352 91
1469 1377
1314 1332
64 1463
1693 1384
288 1283
756 1080
1490 817
597 639
1188 774
373 564
1911 476
1571 484
230 1893
455 1147
1002 534
973 206
47 1582
669 1306
1030 1202
1755 1703
959 1036
386 1429
1910 1199
828 286
1440 114
1371 1108
1837 1592
1289 1590
1045 1698
1748 165
618 1100
202 1959
218 569
1309 1011
1219 1829
669 323
1005 324
1835 215
842 494
825 474
309 177
715 1787
1099 1228
1692 285
1044 1613
367 125
1549 735
1251 793
446 1763
1199 944
1131 337
873 1468
338 1421
1417 208
1917 340
648 1381
1655 1069
653 1624
1012 17
1697 1173
1554 122
1854 1705
171 1066
1220 1047
414 1586
1063 763
1657 1278
1545 517
1597 1937
985 1
1289 1193
409 629
1249 10
544 1213
1197 1682
144 1852
1849 1450
129 1493
25 301
1597 502
317 175
1927 48
325 818
378 75
1784 1782
1545 1788
1142 330
423 34
1525 976
552 893
1435 1918
51 1459
1236 1082
1054 1742
20 607
1289 1342
557 470
1456 1114
903 222
1973 1030
732 579
1904 418
143 1210
1634 146
738 513
483 284
1741 751
1325 1122
199 1067
35 1219
1653 453
1646 526
1113 1105
123 1697
640 1231
1256 89
494 1300
1230 1714
762 1369
1084 587
1314 348
1725 1225
1869 1072
312 501
1515 1898
97 1718
388 108
1824 122
703 1167
972 1460
1683 397
105 1946
1598 202
1132 1354
1316 1353
161 1026
1205 1167
1731 1257
183 808
26 1226
1305 253
1625 1997
388 101
827 1814
1464 137
1740 1614
300 896
1390 769
442 203
1133 1982
1686 1685
1833 856
374 214
401 1625
39 512
1556 1317
400 485
215 87
1145 274
569 272
1402 718
443 1026
1878 1204
1479 987
1446 342
1800 847
1198 525
711 1803
881 1321
1382 84
14 1290
1439 1693
726 243
1192 1220
1292 1999
1369 1332
1590 1994
1989 1422
1150 1164
1929 1537
322 121
254 985
1012 1655
19 481
1434 12
1445 603
51 200
1727 1783
1387 1631
561 585
318 655
1082 992
1219 1267
1107 1367
1302 1475
1803 396
203 247
509 24
1348 65
286 1760
41 942
1497 773
1540 731
571 1522
332 1124
1921 1281
390 1852
539 1693
1460 607
623 1193
1735 557
1505 280
108 1875
1887 578
1715 1532
1071 88
397 1532
1292 1096
1632 286
987 1122
1303 482
1108 1432
253 1907
427 38
189 409
1446 1577
1213 101
1243 521
1278 1976
1248 1134
201 504
870 1566
76 545
1230 834
1310 65
1413 727
550 1883
1756 1071
617 653
153 1554
640 693
485 714
1641 1112
549 1056
287 1380
430 1070
1212 369
274 194
84 198
212 1843
935 791
137 997
758 1271
217 1789
1068 1276
208 1761
501 1476
218 1467
253 191
663 1513
954 394
646 390
830 840
790 1694
537 1819
912 231
1063 877
1369 1819
1541 1598
885 1884
97 496
454 1732
457 1100
64 1821
1795 432
1691 1
1448 1654
1823 586
940 869
980 1584
988 846
1315 1898
105 247
19 112
1951 1796
894 143
1061 1668
526 390
135 1529
380 1262
1078 317
545 1906
848 846
1044 1007
1612 1391
1440 583
1325 204
810 1165
540 713
697 1298
881 623
381 1230
459 561
554 1153
579 1510
66 1118
1259 1091
600 495
1274 1195
382 1557
1518 1051
1909 1989
1888 1195
222 1927
126 861
478 882
24 587
1867 1532
740 419
1942 48
239 282
653 823
1674 256
1812 1097
568 1182
1271 1952
1885 1498
1738 582
434 529
312 162
7 1630
102 1753
1914 1319
1505 661
717 1744
197 707
1904 1951
132 744
457 1420
409 111
724 1784
1300 1768
1490 1488
1333 1796
730 1858
1953 1349
735 22
28 1300
1031 904
688 1211
127 1019
1909 113
297 322
1181 1327
1518 1894
833 1171
1294 1205
951 1805
1763 1299
1348 1936
957 844
1125 1361
429 1782
694 856
1797 705
1265 1867
343 654
704 50
539 218
1910 1662
123 1216
838 778
1812 1102
63 1533
411 1024
673 1780
323 478
1138 188
62 1507
1031 603
1955 1310
1072 1708
306 571
861 1097
1338 1814
24 172
853 1769
245 1495
376 646
727 1
1092 1281
1613 1255
877 1926
67 1499
1780 217
1250 908
695 1987
936 1243
731 862
1602 238
257 139
536 787
1923 1647
782 1887
1375 141
434 129
408 18
1726 933
828 981
1725 833
643 837
1414 1776
152 596
1656 962
61 226
223 1656
45 827
458 1064
423 1194
912 704
459 824
406 1962
1219 1733
1749 753
1584 555
1267 1251
1397 2
656 454
689 1875
678 1151
949 622
83 289
1527 1320
875 1451
571 1696
356 1819
1420 4
353 1982
1178 376
1493 1198
1218 597
1517 154
259 8
629 267
1988 1715
840 89
489 135
1436 1360
396 1675
395 1464
1384 966
286 1786
1759 1640
1574 316
656 1913
1810 1032
1973 1971
783 188
1788 608
322 82
980 518
585 996
928 1586
1580 657
1210 716
971 601
940 373
1377 1138
283 135
496 543
1724 1321
166 1595
1041 512
331 1963
1584 253
1116 1898
378 729
605 716
657 1645
1237 1964
625 1488
1867 1088
358 1084
956 972
122 319
1429 799
1453 924
894 1679
1255 518
1183 1011
679 683
295 460
1140 1742
1785 826
192 905
1763 1734
468 1370
33 1497
835 1893
785 546
402 340
1320 281
1611 1729
1499 1073
379 1278
40 1321
580 664
1047 493
1168 1544
851 33
989 182
130 656
389 388
1292 1685
1632 791
1402 927
261 1925
1267 234
486 1291
97 1537
9 317
1909 726
1774 1953
323 1486
1727 1903
343 960
1277 731
1723 516
1784 280
182 437
1889 1926
518 90
757 326
1541 1830
179 1209
294 1815
1545 963
1038 596
1187 772
1200 1832
1536 444
400 1898
299 1609
31 1918
567 608
1255 1395
127 306
711 189
146 554
221 1202
1815 1261
1281 1565
676 1656
390 880
621 1796
185 1927
136 1854
1353 1838
1290 316
352 765
1886 1550
234 1411
1272 212
1970 194
1033 1102
1395 1489
758 1937
972 1667
1302 1068
1072 725
926 841
1067 1415
1979 1813
490 1497
935 779
1746 1398
1779 353
731 1008
1295 1375
396 863
1710 612
1431 1130
1128 1583
928 127
1897 573
1667 1804
1383 765
700 186
1662 184
290 542
1511 1436
1365 1692
689 638
324 123
1843 1358
1852 1596
49 7
856 1863
446 606
386 1977
607 1838
312 102
788 632
1487 1802
1117 918
175 1701
1049 860
1191 509
853 1983
1833 781
592 1006
707 1760
1153 47
926 1035
1750 1294
1889 240
1361 796
1179 173
986 683
860 808
672 1340
1791 1790
1951 1528
226 1294
904 450
943 159
1400 167
1205 1476
869 1069
948 1689
1086 944
1222 1264
1725 1864
1300 1289
311 1236
1693 755
482 1381
1335 1599
633 1519
1040 1611
99 1397
1011 1144
901 1684
1358 1740
1483 401
1678 335
1375 1490
166 1539
1662 1987
157 1978
701 1772
1447 266
1510 340
1730 141
748 1901
1153 1869
1593 335
976 1658
34 1193
482 702
1125 856
1455 635
85 1852
1139 1517
1392 1895
583 240
1951 1036
488 1301
1134 1058
916 1134
1608 1116
1397 1553
1729 284
846 706
185 1044
50 755
1020 963
341 1559
612 1114
1523 411
1985 723
115 1364
1774 1257
95 1122
1052 1472
62 864
66 872
1443 780
1209 43
1795 1456
1117 1189
1792 1126
1961 332
1464 1074
726 1682
1673 1237
172 1851
1402 1842
139 723
1870 686
1615 1927
1832 1940
1921 837
1074 1768
1754 136
292 1133
1161 1443
21 888
1818 748
904 1879
1803 1511
683 1971
60 1336
68 1649
1205 532
634 1270
671 1858
136 1650
219 1379
159 1055
984 679
1548 713
1407 690
855 1181
1187 1500
1614 1
1111 1801
1924 92
567 271
1221 988
680 1259
1363 376
1013 357
1940 760
459 1004
272 353
77 466
987 657
472 511
912 1492
564 1461
51 571
1802 1605
1417 1676
1753 169
271 1387
895 1329
1243 4
1701 1997
1891 842
474 1109
146 1725
1038 702
489 1110
768 1141
1418 1534
1841 1025
559 1547
1644 1361
603 1760
927 1905
974 610
701 906
707 1204
1621 1750
677 1888
1667 303
573 817
299 1679
389 1794
291 1599
1552 1074
874 1591
1078 874
1615 923
861 537
99 1580
1897 1511
878 537
1486 701
796 1103
1987 138
728 185
1278 1006
1744 338
1540 600
1134 267
522 183
1599 394
125 1926
1398 657
1122 496
1636 845
497 958
1670 1160
211 1466
1087 841
1214 1373
549 386
349 717
1556 1270
1181 12
1250 1766
1858 845
308 426
676 829
1238 1016
999 751
547 1371
1961 1327
1928 1361
1253 388
1767 703
35 1382
1085 1555
1713 1655
1967 152
1071 1171
1993 1149
541 1282
224 1655
1063 220
639 967
1058 746
964 1503
728 159
650 91
970 1071
1138 1658
1316 149
1160 317
12 1805
781 1164
1988 90
1142 693
648 1712
1299 1535
42 647
1408 1046
138 1006
1931 1200
1877 736
602 1776
688 1214
1738 830
1197 1178
638 1152
126 299
1058 1352
919 50
1183 1205
601 314
379 906
281 1718
1362 647
1164 1682
745 996
800 770
410 1304
1315 461
1678 222
1098 1724
830 376
1227 1039
1997 1264
1599 1651
1425 591
401 757
1940 1385
521 1578
492 142
1082 1503
278 830
1696 417
357 1251
135 257
90 722
1503 1562
1133 825
410 1687
1969 1980
597 665
840 214
1488 826
65 1762
1786 1381
495 259
1950 1739
691 1143
1450 967
1376 1635
994 1507
405 853
571 208
1286 163
585 446
1889 449
1834 1025
987 751
764 369
1215 1051
884 1355
1361 1076
1903 1844
523 1884
980 922
1136 1283
1300 647
233 187
1757 998
123 1243
80 858
1449 874
359 196
1001 470
1499 770
1938 611
730 1531
1918 1783
913 868
64 1273
878 1810
1423 49
635 920
1640 1170
892 594
1587 404
661 1292
416 1141
947 1135
1092 1035
1868 1516
519 120
1669 701
1568 866
357 1092
1635 704
373 1702
1025 415
91 145
1837 342
1649 873
447 1306
1780 399
1071 468
478 342
1920 120
1117 1727
215 1382
1711 645
270 417
386 823
691 1425
54 951
942 278
1093 290
1747 1321
1396 1989
1895 1472
577 878
892 330
540 1069
1882 1676
959 798
1472 1323
723 1949
1993 1154
1219 1988
866 1312
228 1132
1889 1374
660 1603
203 1569
1672 849
711 1874
1855 1756
1373 660
1376 938
1962 445
1399 7
902 1983
1806 1634
1057 1527
1138 455
860 662
346 1168
243 1844
1551 1539
506 1453
1057 512
952 1003
1367 1630
1023 291
1763 1790
1965 1650
768 1800
1649 922
1052 1219
850 1864
122 84
718 1454
1186 1983
366 439
1728 1135
1045 1683
1442 372
366 88
483 362
872 425
52 808
1585 1582
888 397
1948 975
1269 1965
131 347
25 1430
411 1162
642 127
33 132
1940 666
1587 1294
1300 253
1398 1760
1840 1603
1059 275
1922 1052
265 771
802 1594
530 551
766 996
30 1524
1749 1093
1815 1746
1660 170
814 1481
1638 1590
113 986
191 1606
1081 268
1962 1723
1190 1857
898 1663
1801 95
677 516
1788 956
281 52
965 1973
1580 1516
57 1325
1586 1982
973 1499
1193 927
594 418
1371 344
733 164
1663 1792
753 118
1645 1674
480 1200
1848 514
63 244
981 939
850 1438
1606 1719
183 1
1699 386
750 733
242 813
1897 289
1741 1283
162 166
743 1086
188 646
491 488
145 441
1836 1108
480 124
1591 1249
700 797
366 564
1755 1630
1623 1453
1801 228
1014 1068
840 1168
1998 1643
1562 1675
401 1456
1200 539
1455 1310
750 390
954 1007
1890 887
1741 66
234 849
659 1814
1353 1608
390 988
1721 696
1291 961
1413 1775
359 673
675 1518
905 937
1431 365
877 647
1472 378
496 1227
10 1243
262 1367
1829 1820
556 1469
1214 1700
1843 177
368 916
145 1928
1272 225
690 66
940 674
1789 1481
101 446
1674 1544
1925 391
743 353
289 1920
40 1734
897 1064
1186 1903
734 1349
1296 872
1151 42
1393 660
129 720
704 1281
598 1960
1236 1750
1712 215
1916 426
1059 616
1777 415
963 156
620 1664
1117 1480
283 955
507 1799
847 908
1367 575
600 626
1551 1387
1275 1115
275 1309
727 1235
1532 1149
1677 903
661 1958
161 904
654 1915
280 894
1917 1021
1461 471
791 943
732 1404
96 539
1504 1854
1267 215
1648 144
592 232
59 807
1931 126
1192 1753
1699 1003
569 399
58 1234
1285 1994
1471 363
1044 1573
266 1900
1774 1686
1438 761
691 1065
290 1945
1239 1228
1579 1234
955 1825
1896 436
1629 1839
1664 311
320 1336
943 1207
990 179
1829 965
1908 1857
323 125
1472 978
1163 476
862 1197
1882 1052
1278 282
370 704
342 827
1888 1737
414 202
596 1756
909 888
1262 1342
1631 1548
1482 1389
1823 1703
641 1221
1154 856
286 1581
1062 527
42 323
67 1656
1173 1376
1441 410
579 1486
1312 1034
357 1735
337 1680
655 1795
40 985
54 285
1859 1263
972 720
345 1939
1312 725
54 489
553 1633
1443 595
1910 418
36 1078
1816 21
727 1473
937 1124
539 1849
601 1774
1062 1287
1803 1157
557 139
1843 464
232 1007
674 1296
409 213
1623 111
1479 306
308 213
126 38
336 1674
1644 1260
1816 1030
825 1724
1228 656
393 1525
792 96
1660 1123
1258 839
699 1888
285 1404
1272 362
312 374
969 1854
1051 289
1743 424
1258 1437
376 1283
1109 285
1456 738
1482 392
1196 12
1058 1478
1017 446
1414 963
384 1039
295 1933
979 1794
737 1141
1395 1515
1248 484
204 1072
155 71
1975 1850
294 1874
255 1594
724 469
1390 707
659 693
24 1213
1428 621
644 1527
1982 689
792 1381
545 743
126 1592
48 946
1482 81
257 377
1609 1552
1099 1205
1352 1663
93 566
375 1412
30 1365
201 117
1506 233
425 586
936 772
419 1207
73 811
1616 1247
1379 1279
1300 1390
1479 36
38 1700
109 1256
1731 1980
657 516
1864 1375
421 6
1221 1395
755 771
1438 1149
1799 56
970 1805
949 1898
1862 1760
1748 1352
1487 186
1170 1651
810 844
1741 798
476 1145
230 1780
1787 1595
885 293
567 1245
5 1607
1599 1923
1953 725
1197 1110
573 929
1506 1454
1713 155
259 603
1853 797
773 1290
565 25
156 375
51 1590
1765 881
1881 1124
1826 721
1491 1782
742 1107
1277 1361
1564 1638
1327 1307
1639 1743
1937 1789
928 1668
1491 652
74 1011
1381 750
1360 1761
1598 404
1300 1755
54 437
1175 828
817 1137
51 1031
1805 1231
1715 229
1317 1771
1761 1546
360 646
879 533
1560 1065
1808 1320
1054 1662
1360 1939
1014 595
1943 990
1959 415
103 1313
1246 1126
112 1447
1976 773
1962 946
1627 757
1437 1988
314 247
1670 536
981 1123
1784 90
461 1754
1845 877
1785 1600
1551 723
1110 1771
1717 68
1173 1619
1652 872
831 62
1809 1259
402 692
1500 1574
1505 278
91 1349
281 624
1220 1900
1797 1718
1700 1840
864 1252
739 1257
908 1067
476 1826
323 50
633 1913
257 285
193 1518
568 1449
116 79
1733 1244
204 1079
515 217
367 1137
1813 1646
455 394
1022 1770
1595 1994
1680 538
920 1386
1795 1000
1113 453
93 221
814 1970
1707 645
815 25
1400 1957
468 1743
144 707
610 1013
793 637
1033 1070
1167 77
7 135
1385 908
948 192
1621 1588
1166 1875
1314 748
1966 335
1571 29
1006 1315
1582 1380
1333 501
183 1490
282 1554
1611 1449
922 1827
1283 1839
181 1317
163 1003
1582 1222
793 1148
1875 867
235 1057
963 1458
1802 847
1113 552
107 430
614 895
825 1877
1442 1831
983 869
1125 1712
730 1435
959 953
954 1564
1506 1773
1788 1890
934 1571
547 633
1351 603
7 1491
538 1870
19 811
1770 1549
1302 515
296 992
752 1242
1194 1157
1992 1949
632 1187
1763 1637
1243 1212
1025 1175
1190 1692
1302 501
933 383
1824 737
1851 601
463 327
1719 1036
80 390
183 879
1876 1930
1469 717
176 372
1852 1328
1974 742
1742 439
1782 308
760 756
1423 1041
92 1199
190 1417
1530 917
1887 1042
163 961
1650 448
948 1420
657 1505
1158 698
1455 1109
1616 218
338 1490
1685 1920
67 107
1587 808
464 1479
524 282
1526 1477
169 1998
975 1859
520 110
1084 1295
425 1642
345 450
1485 1858
1150 802
251 763
1022 999
959 12
1245 1254
1384 444
1943 1742
2000 85
488 845
1086 1460
27 853
1886 124
1375 596
1820 1566
1132 1745
1096 1852
383 452
1305 912
1452 1001
1939 1569
1071 1312
1445 1197
308 1936
911 1243
1757 1886
151 1421
966 137
258 19
424 435
1046 1589
126 106
393 829
1261 14
1522 476
567 487
721 1752
1099 441
1215 1745
1563 899
1271 1194
1598 1820
602 375
1341 211
1331 1548
1506 1274
1947 196
714 452
896 1463
204 879
1744 1601
733 1114
250 1886
919 1044
1861 1847
802 1406
562 1570
132 725
1727 225
687 858
205 1457
1392 1200
1579 727
1820 1703
1747 1850
1231 1800
1704 1262
752 329
769 1189
81 1538
1265 202
939 1705
529 245
1623 1621
245 1542
1344 724
1217 519
1719 1528
471 860
333 1304
762 1327
1100 278
683 1384
815 715
1435 1688
1237 1858
816 891
656 1055
1983 540
1638 1561
43 1471
853 93
1955 737
187 1099
155 1741
1383 1168
546 1714
1105 109
1970 437
1207 1604
274 1726
1793 137
1137 1260
438 906
1899 1148
531 1124
666 679
672 454
598 369
913 844
863 1239
1399 1034
160 462
1474 111
1765 961
273 249
666 902
225 1625
103 1011
112 627
698 580
149 877
20 1937
1229 314
1244 689
1651 776
306 1694
1839 1819
576 1896
460 1474
62 508
102 157
1697 732
1182 237
1029 378
280 1826
601 1744
1850 502
1590 1918
1104 431
519 170
440 173
315 282
877 1484
526 692
20 651
466 1144
960 1573
483 1167
313 215
742 27
1839 47
1185 1521
1982 1825
599 938
1149 523
1564 941
733 1399
405 615
792 1611
932 1436
1177 257
1032 758
858 1646
1868 263
1069 1073
980 895
1271 709
1663 722
1291 1657
71 1105
1709 1514
1040 1251
1524 205
1956 158
1137 1116
430 971
1471 1359
200 1585
1813 711
579 1822
1205 1151
1215 1306
919 14
1991 1417
403 1335
1499 2
1293 85
1037 1983
1734 309
1784 217
1141 1712
221 741
1481 261
1964 1939
97 1238
1239 1713
1588 98
44 1251
927 198
1757 1364
1521 54
871 1584
1704 770
379 825
1528 81
1240 482
1249 135
1669 1515
454 122
1416 1608
1643 960
509 1054
106 919
376 970
346 522
1145 1308
331 1433
1118 1440
552 409
1235 1206
372 1436
1693 1264
852 249
1205 570
1073 838
1580 126
45 16
2 177
981 1357
723 1300
1658 951
763 220
1629 126
1716 1372
1859 1873
761 892
1020 551
312 1317
702 784
715 1688
1344 1118
934 1661
436 279
1120 140
1300 615
1600 1568
1093 180
731 68
1026 953
1911 970
1672 477
911 1043
1202 526
7 14 1 5 1 10 19 1 7 7 28 15 1 5 16 1 14 13 51 54 6 6 11 1 31 7 10 2 15 6 3 3 45 5 1 4 1 15 15 17 1 37 1 2 18 6 2 14 2 1 1 6 1 19 1 2 93 15 1 4 1 10 4 9 9 11 5 5 5 9 19 13 1 3 15 13 29 1 7 1 1 9 7 5 7 1 1 11 8 13 33 9 17 3 25 2 3 1 3 2 1 10 1 1 29 1 2 1 1 1 5 1 2 4 1 1 14 1 3 1 1 3 20 11 32 14 9 1 18 6 12 34 9 10 4 17 4 5 11 1 2 8 31 27 7 1 1 18 1 35 5 2 2 1 2 1 12 14 17 3 23 1 1 1 2 4 2 1 6 39 59 28 4 1 9 2 2 5 1 9 4 3 2 1 65 4 19 22 4 11 4 24 15 5 1 1 1 26 4 2 2 70 21 1 8 2 1 1 1 1 3 2 6 9 3 1 2 26 33 1 8 1 39 25 4 39 7 8 5 17 2 1 3 29 5 97 1 28 1 81 3 1 83 9 5 17 6 2 15 2 34 6 17 1 49 2 10 1 24 4 12 7 35 1 1 7 2 1 6 1 27 58 12 1 5 1 1 11 2 5 10 4 3 14 4 19 1 4 19 1 2 6 1 7 1 6 3 4 39 3 2 3 21 1 14 1 2 1 1 19 2 2 1 52 16 5 1 21 75 7 1 2 27 30 16 20 1 9 11 1 98 5 28 5 18 46 1 17 1 11 1 29 3 2 2 5 13 9 12 1 1 5 1 2 1 41 15 5 57 9 25 3 1 6 3 4 1 38 11 16 33 34 1 3 3 15 1 14 4 17 1 15 5 1 8 30 2 23 4 21 7 13 9 1 2 7 21 2 1 2 4 28 3 1 1 21 13 43 91 5 6 5 1 1 5 72 7 12 8 1 3 8 3 7 7 2 20 1 1 58 30 5 10 1 5 1 2 7 31 1 1 61 5 66 12 4 5 7 2 4 1 3 70 72 3 1 16 2 1 5 1 1 9 3 2 76 1 14 9 1 1 1 1 13 1 2 16 4 2 1 1 5 1 1 4 5 9 2 7 2 9 3 3 4 8 9 41 7 19 4 4 4 16 1 1 47 10 37 24 5 6 21 1 8 3 2 21 9 19 19 4 52 1 1 4 2 2 8 18 1 7 37 3 5 8 154 17 14 1 29 5 2 3 6 12 96 28 1 3 1 56 39 5 62 20 1 99 1 38 9 5 5 1 2 25 1 23 29 41 20 6 2 25 5 1 3 2 3 67 1 1 1 10 1 11 18 5 1 2 1 14 2 3 1 21 14 4 13 3 7 6 4 9 1 13 11 45 5 1 2 8 14 21 21 155 1 1 2 30 6 22 1 2 1 11 9 9 1 94 1 27 21 12 39 4 7 4 5 1 26 1 1 8 55 1 1 2 18 13 3 55 1 97 1 1 4 3 7 3 3 40 4 1 6 1 1 1 1 46 2 2 6 26 5 2 7 5 1 8 3 1 1 23 5 8 11 4 24 4 2 9 16 4 3 1 20 3 3 4 7 4 31 1 11 64 1 7 1 3 2 34 9 4 33 3 3 9 11 1 13 5 1 78 2 6 49 4 62 15 4 2 3 30 1 3 19 13 5 7 1 18 2 4 25 1 14 1 1 1 6 1 7 20 8 10 2 1 2 1 4 1 42 8 55 2 2 13 8 1 3 5 8 4 3 9 1 8 4 1 1 7 3 2 1 39 4 2 49 1 1 2 6 2 6 2 3 2 12 4 4 2 4 1 19 2 1 74 35 8 12 9 1 7 16 1 5 9 1 1 1 1 8 4 7 2 16 4 7 2 2 7 1 4 3 11 4 2 13 1 1 1 1 4 1 25 15 97 1 2 4 2 33 41 25 2 1 2 3 2 2 1 1 45 1 3 16 11 77 7 1 1 26 30 1 2 8 18 5 27 1 14 1 18 5 43 35 3 2 21 1 1 42 5 55 20 24 11 1 14 8 4 16 45 33 94 44 1 87 1 36 32 1 2 2 1 2 2 16 96 1 1 36 10 1 2 7 11 34 29 2 1 75 1 3 4 1 1 2 1 2 1 2 36 6 1 27 2 49 4 1 51 41 2 10 1 9 8 11 1 1 5 15 5 3 12 2 2 4 11 1 12 12 1 1 14 3 6 3 2 10 11 10 11 3 26 10 7 11 4 8 2 1 1 2 4 17 1 3 4 3 7 6 2 2 43 4 12 36 6 12 11 10 18 80 1 18 5 1 50 1 5 1 1 3 4 4 2 1 3 2 3 5 1 13 5 4 19 4 3 5 4 6 1 86 1 2 2 1 16 1 1 2 1 1 5 1 1 8 3 59 62 35 6 5 29 2 2 42 81 20 45 16 3 9 1 1 20 9 17 1 4 3 31 2 18 1 48 3 13 10 17 1 6 1 6 11 3 2 65 3 3 9 1 23 2 1 30 4 5 14 3 13 43 1 2 112 7 1 1 6 1 17 1 15 14 2 1 15 1 1 2 7 4 1 1 3 56 1 66 4 5 6 10 1 4 29 4 41 2 29 2 11 44 7 8 10 3 1 19 3 5 1 33 9 5 82 39 2 21 4 1 4 2 2 5 1 13 4 2 1 26 2 3 1 15 3 3 2 2 3 20 7 10 2 1 16 2 1 1 3 8 1 1 1 150 38 14 8 5 16 1 3 5 1 67 65 16 1 4 30 8 2 1 17 1 1 1 29 1 2 15 17 6 14 10 1 102 4 119 15 1 3 2 5 1 14 1 57 12 79 1 39 33 18 8 3 1 18 15 2 21 2 23 9 31 33 9 1 41 5 1 1 3 2 1 44 30 1 5 1 6 3 2 2 10 29 2 6 17 2 1 25 9 7 1 1 5 2 7 1 8 41 1 4 10 62 1 8 1 64 1 9 2 48 11 3 14 19 6 2 1 17 10 6 24 4 2 1 1 23 4 3 5 6 4 5 4 2 1 1 1 21 5 7 1 1 3 33 2 58 1 15 9 4 8 8 1 1 4 4 27 16 3 6 2 6 4 3 1 2 15 20 10 1 57 1 26 15 2 24 74 13 6 54 1 26 3 31 2 29 5 13 6 1 6 33 2 8 3 1 12 27 6 2 2 1 5 3 2 7 30 5 1 1 5 1 47 6 6 2 1 1 1 6 2 1 1 3 35 42 5 19 22 1 11 62 1 10 1 55 1 3 4 6 25 45 2 1 25 56 1 8 46 9 1 18 1 13 3 2 6 1 1 40 43 1 29 3 22 87 34 8 15 14 61 1 11 2 2 1 33 26 16 46 2 33 8 2 38 1 21 3 69 23 14 1 1 6 2 9 1 1 8 22 62 16 1 1 2 2 1 11 2 5 5 75 86 6 72 4 4 16 9 1 1 7 5 4 5 1 9 6 1 3 33 2 10 4 30 15 65 9 2 51 1 5 34 3 15 11 103 2 1 11 4 3 7 3 23 9 4 1 13 49 17 7 2 1 2 4 9 18 2 2 14 10 3 1 12 96 3 18 12 72 4 20 4 3 1 82 29 3 33 1 37 1 158 7 21 2 74 22 25 1 1 1 4 142 21 1 36 4 1 19 5 6 1 4 3 6 1 2 7 1 68 74 2 8 1 7 2 1 37 43 2 1 6 1 20 11 6 9 11 1 15 11 1 28 11 1 8 47 1 2 23 14 3 5 1 16 1 4 29 14 1 1 17 1 1 81 2 4 2 1 13 58 2 2 2 5 2 12 3 1 45 7 11 4 50 42 8 1 3 3 1 1 26 2 194 42 1 14 2 20 2 4 7 1 6 1 4 4 1 3 2 1 2 15 8 1 23 2 17 72 24 9 19 5 1 8 22 12 27 8 3 3 3 4 2 21 7 52 1 8 2 19 42 51 1 10 1 1 38 73 36 6 2 7 1 4 2 98 5 2 2 64 2 36 1 3 4 2 1 5 9 60 8 5 14 15 1 155 100 21 3 2 1 7 4 8 26 1 5 1 2 8 1 11 40 2 44 113 6 20 12 1 1 4 11 13 16 38 2 1 5 3 1 2 2 1 20 4 6 1 19 1 4 5 6 15 1 59 12 1 6 2 1 2 11 20 1 49 11 1 1 2 2 3 17 2 7 72 4 14 7 6 4 1 6 4 1 1 2 6 16 2 30 1 7 1 1 3 5 1 3 19 10 2 2 1 1 67 2 2 4 1 2 2 11 12 2 1 1 2 9 2 4 1 2 2 58 52 6 16 16 14 29 7 3 55 4 1 17 2 36 5 2 1 15 89 3 1 25 10 3 1 4 1 3 11 41 45 7 29 8 2 61 1 1 8 5 3 163 2 3 39 12 1 110 1 2 7 16 11 2 15 2 59 9 1 3 11 15 2 18 1 1 3 8 1 1 2 5 3 3 15 6 13 3 2 10 17 1 14 8 17 21 36 5 1 3 1 3 1 2 10 2 76 41 8
