2000 4000
1663 179
1749 440
1166 55
1491 697
14 1777
49 1032
1967 269
558 1631
113 1059
172 1033
384 1488
318 1572
641 474
942 1640
1624 477
1936 1750
1035 1640
162 1135
1971 1949
1611 1583
273 466
1722 1447
599 1294
587 1735
248 984
1121 1860
1237 998
1984 1608
1430 181
604 1969
846 1895
655 394
1536 670
1645 1811
1431 442
916 448
266 1412
353 1763
1509 1776
366 455
1211 196
1820 16
1847 1761
1640 734
346 1981
1328 453
1205 508
1258 1038
1789 1426
1180 304
1738 1025
1193 1234
1438 819
1045 256
1761 1242
1891 1881
1284 1364
341 292
1733 1498
1001 1459
322 1399
1974 1258
713 1064
325 74
1992 1455
610 457
1452 1103
1880 913
1360 1534
352 1555
4 1833
1894 1255
1268 155
817 43
896 649
706 769
637 1623
74 561
1752 915
660 1086
1656 1022
1354 1769
555 1488
394 333
400 221
1525 1085
1019 1182
699 1491
1527 1222
1685 226
602 242
1172 1808
675 357
1043 1130
1146 1635
1712 373
555 58
830 1499
566 507
1810 570
978 1414
140 1489
337 61
660 1133
995 1417
20 841
289 1560
137 1704
1740 457
216 567
1622 757
1439 1527
897 1322
1586 329
1424 283
891 824
1889 784
1094 427
9 1500
1209 25
750 1675
1274 1722
1345 437
236 1692
1157 1632
1791 652
115 304
1763 880
61 296
635 120
1696 858
113 565
544 365
334 1658
1312 1741
1346 1763
1892 1300
198 1148
27 1054
986 1606
1214 759
1497 1637
1793 780
505 1135
1800 411
739 281
889 1990
560 95
583 299
212 1429
1015 768
1452 1158
908 1740
1250 1727
753 1564
80 1244
1973 167
1057 1787
1558 1462
1584 34
1242 1587
1417 900
74 81
1819 868
958 465
585 1571
1374 409
264 880
1586 985
1992 966
242 372
749 1964
1784 1345
784 370
429 998
602 1890
189 709
1801 1036
1860 215
820 565
1876 1389
596 1341
1481 1447
341 574
1081 1048
46 770
245 1451
1393 1914
1388 69
1478 1093
349 1357
497 1816
530 1967
391 70
68 408
826 702
1319 357
723 655
1599 671
305 796
1137 433
475 1223
447 1120
689 1594
1875 573
46 1654
1389 1829
1287 525
549 1756
1996 1030
340 126
1217 1820
989 13
583 1728
16 410
605 905
1582 1942
462 169
1803 1752
1414 1290
1607 469
1036 645
915 1106
944 1064
1025 1733
746 562
1082 73
1154 906
781 1705
1358 1819
1784 932
1013 1662
296 1001
465 519
1238 415
991 232
666 233
474 1867
369 1841
119 101
1560 498
1716 925
809 1940
1626 1551
298 1434
789 438
937 1554
1053 484
314 282
1630 811
1438 1212
19 1074
1353 489
584 1252
229 326
182 450
767 547
855 1190
1498 406
933 1957
411 1215
1239 1192
161 870
1459 1971
980 1354
1308 1292
660 166
1738 1210
393 124
1896 829
1887 135
2 727
1993 1072
1866 460
25 365
565 782
1084 437
111 690
1067 397
679 1978
1160 507
1555 27
396 1871
972 199
262 794
561 81
1790 1682
749 1593
1285 1409
1714 1001
48 1107
819 1205
148 1369
1808 1801
1297 1824
1142 1221
701 660
1364 1708
1731 806
1864 923
609 164
962 1012
1162 982
489 1920
313 81
1761 281
1461 892
426 271
605 1439
1011 636
337 1470
65 452
260 1751
1879 555
491 326
104 1277
531 817
1078 1239
1183 1412
1881 454
1977 1612
1119 1499
79 242
1941 1828
581 1213
1777 1333
1906 84
226 693
38 1532
1195 156
120 391
1750 752
737 963
950 306
86 1034
1504 1143
1202 1302
1785 1327
1147 1621
1061 1282
1954 1223
1817 789
198 1245
1674 697
1074 1401
85 1659
1834 909
592 1228
1444 1736
1934 1503
968 1497
1983 409
1485 279
1106 1752
875 1620
1887 254
311 1606
539 414
805 642
735 1949
1286 585
875 589
215 1021
721 1695
1575 451
1055 1256
1001 61
350 273
1883 636
1849 1717
376 141
1061 1579
1422 1064
707 1996
361 1733
1473 81
874 124
1769 490
1463 755
1796 372
9 1665
1515 1642
1541 1061
1740 1177
1222 910
319 257
586 506
1605 68
731 746
1457 1739
71 289
317 2000
1016 593
579 1764
1250 730
1921 322
1250 1230
165 1757
1148 1245
1241 595
1273 985
1475 1496
671 1055
136 1840
1516 208
1253 1771
413 1519
981 1440
1576 1655
1693 542
1366 20
1424 1459
477 4
1770 290
1738 1498
828 619
973 1153
1445 771
225 1199
642 145
336 1678
1419 1568
1805 983
730 1068
1953 809
1952 883
862 790
854 1861
699 975
768 672
530 1260
169 180
348 841
708 346
1944 850
1837 211
55 294
1446 282
103 489
1912 1847
1743 1160
215 385
384 58
1493 1295
1967 145
1803 915
255 838
1569 359
1623 918
148 1706
1953 1940
969 665
643 1711
1485 1902
752 1429
728 199
1788 1876
1149 1764
1373 1801
1253 498
1356 473
1243 56
1715 610
184 559
576 59
802 1528
1108 433
1 1684
1962 1370
1426 999
682 1626
259 508
1983 1835
1011 303
531 156
337 1562
1739 871
1207 1491
1223 1550
65 948
1146 1626
297 1602
1949 178
703 1251
362 749
1777 1227
1652 1390
1714 1424
374 1734
1445 822
1935 800
353 264
1753 347
673 1996
1844 271
574 1494
1833 579
249 480
1408 1825
405 1180
1723 123
320 1493
724 81
1019 1523
1326 1544
489 96
717 1097
1328 1548
864 671
1808 56
106 1184
1736 1249
261 1119
16 1343
1351 203
1120 1320
1948 1105
419 523
415 1445
751 40
1541 380
1765 1813
1504 1819
1623 1480
903 630
587 430
1928 962
1152 735
831 1677
502 1245
1903 1766
1832 678
696 1485
1499 1524
801 1767
1708 1139
1941 1289
1366 1676
1420 1813
394 1501
1120 421
1921 821
306 589
1260 121
1295 248
1825 1879
1749 1337
843 849
81 1508
1174 760
393 689
123 1028
105 1227
751 1987
425 568
1940 252
160 841
377 343
1292 1045
873 99
584 306
1397 926
1426 74
585 1067
59 1840
828 1222
1858 774
417 840
678 463
1873 1683
1045 1539
533 1305
240 434
1126 1079
1235 1744
1415 900
1715 1187
1513 1079
115 1603
919 452
1416 269
118 896
1647 1660
586 67
1286 811
242 1986
86 1014
139 1069
1036 3
873 838
572 963
1783 1180
240 232
436 1075
776 1812
937 1169
1260 269
544 441
1555 1441
720 1607
1108 1969
1109 1674
1576 714
504 852
347 1665
607 633
1498 1210
1947 126
1832 1837
763 322
7 885
901 1259
1867 1538
1498 1818
655 208
694 764
547 864
64 872
1777 866
1465 441
486 1637
761 1182
597 1333
142 1206
1903 1031
1405 1323
563 1807
1548 453
1621 1833
585 548
1145 1970
222 1774
1019 1985
1109 850
15 546
1787 408
1888 46
1210 406
185 176
1283 411
1224 1856
672 1015
519 1214
926 942
1338 324
1032 61
986 1687
744 80
20 997
1725 741
1639 690
26 1851
1998 1033
1516 684
1510 272
121 1582
844 1773
1122 677
1867 1374
1449 545
257 102
959 1837
1150 349
22 1965
1045 1308
134 977
1469 1144
1393 998
1572 86
1370 612
375 1004
614 599
612 1664
1777 1707
501 503
1132 1469
864 1599
564 808
1577 1120
237 1557
1670 45
305 1435
256 1286
501 726
1584 845
245 1312
112 1565
1691 1615
1446 621
733 590
544 1939
1994 1053
293 11
1437 1628
320 1198
1264 1290
940 187
878 723
185 1408
1374 220
1308 1055
601 1853
106 204
647 1492
616 1309
659 1645
175 426
720 185
1077 929
725 967
658 1725
1209 593
909 803
1491 194
200 1194
1820 580
134 89
1858 726
1942 243
1069 518
818 758
1857 607
1211 1725
201 1215
30 1724
702 509
1758 415
52 380
831 170
1017 190
922 1832
479 1
622 873
1271 34
936 647
358 1177
164 1350
1059 1270
664 171
833 1316
1587 1812
1218 610
922 1007
947 547
1332 1827
269 1748
1207 1022
982 810
445 1655
1859 646
1815 383
1490 1539
1783 304
761 1471
887 179
1269 150
763 1321
668 1864
97 1454
465 1298
1609 76
129 1929
1924 69
617 482
552 1818
1239 1813
1220 1223
1934 899
412 809
1018 852
1879 1710
279 957
1272 1045
763 1700
1418 605
1493 1443
1048 437
940 1780
1717 295
728 1945
1121 1393
869 517
1406 332
1588 1046
904 1745
686 1910
1710 555
1258 166
1133 701
1910 1814
978 23
1974 1086
1297 1954
1158 1103
1247 54
1813 502
449 803
1835 409
610 1177
1640 1397
92 1062
723 360
1727 887
1445 1337
1288 807
1407 1754
233 154
303 651
1565 755
1591 142
1562 1470
671 947
381 1073
1235 1006
718 423
1660 1213
1146 209
4 1149
876 1054
1457 871
171 595
369 825
1187 77
392 1182
858 635
443 1519
379 1481
861 353
275 1547
1950 686
1921 420
193 328
493 665
1898 1896
191 969
87 798
111 1639
398 1980
141 1247
292 638
816 370
218 440
957 1535
1133 166
1938 1945
1239 1420
719 251
374 1854
1863 999
951 24
291 185
385 1051
653 1539
566 868
760 1514
1746 1377
1006 614
1072 1052
25 441
22 1949
284 708
361 1917
42 1249
386 96
1745 946
909 610
1454 408
1505 874
1586 458
1304 1668
249 1783
336 151
323 755
684 878
1748 145
146 629
956 904
1051 429
574 616
459 1819
413 601
919 1094
680 1140
1958 1830
583 778
490 196
1188 1758
490 1211
435 190
1382 472
973 1223
1445 1238
176 291
1527 1306
996 1745
1482 635
1040 1999
1891 1514
683 482
1146 1551
105 1098
928 1414
1046 1009
1388 688
1975 811
639 911
439 1810
181 1031
1573 241
1080 474
1080 641
410 1846
626 1182
1625 1628
1565 454
415 1749
1066 1101
606 1236
669 1575
1953 88
573 1187
1145 1632
1166 282
1400 263
1899 587
713 1712
1943 520
194 1656
1818 1477
1986 1168
1131 1243
91 1611
359 1671
523 1792
481 1930
1132 1010
1347 1684
174 1721
383 129
150 114
785 1787
1214 958
1794 349
628 1450
1960 1011
186 1923
1311 838
886 848
1745 1100
1834 1775
750 979
1766 1430
1396 861
1396 264
469 1774
1468 694
1107 1441
1887 1194
443 1398
1683 705
1970 1199
368 1992
1927 615
1894 1090
1933 1127
1162 1799
486 957
421 1249
1050 356
901 703
1384 531
577 603
977 1696
1574 1152
632 179
153 1596
765 1750
1048 1466
170 94
798 1770
565 737
1624 726
205 1473
1163 1707
775 1572
248 1493
488 758
1142 210
1062 505
1642 111
685 1348
121 1967
1334 1088
899 772
64 1402
11 370
229 1343
926 1035
531 415
869 884
114 718
1552 1186
594 158
1042 1263
1940 412
1621 1149
380 31
379 792
756 1829
578 1300
1053 279
1584 1271
281 1812
1043 1020
1558 601
1078 1370
1428 1065
427 856
1086 1133
1198 96
142 644
1512 575
451 1573
1769 1211
1243 254
72 18
1095 381
1573 174
194 1114
927 1188
1526 1507
1886 1834
792 1566
517 776
785 1973
1459 283
1592 663
963 1331
153 1159
1631 357
488 427
603 555
567 667
296 1714
1462 1853
1923 706
307 1522
75 224
1597 1499
469 720
1724 21
1102 444
955 1136
1431 1072
476 1570
151 122
1413 1169
1855 1738
662 1037
1207 194
1778 845
1425 234
822 656
1146 682
232 863
1658 1235
1021 1393
102 255
1958 1594
1995 1910
1731 575
1423 1820
1864 453
1773 1551
1657 1433
1431 1310
1228 1728
1978 433
467 1647
1980 1357
1931 1762
388 677
616 424
1981 137
1314 812
884 1446
220 1983
1442 268
175 929
939 403
101 772
1892 1901
1536 822
487 1955
1821 166
1979 44
85 354
938 1290
1183 30
1431 39
1324 331
1901 952
422 302
492 776
994 308
342 149
683 1178
140 1241
889 63
1808 1131
1518 1546
470 886
1884 19
1781 1319
1102 988
1232 1848
1686 1293
1453 1362
791 426
472 1300
160 1227
845 821
3 1373
929 271
1323 968
1719 502
1709 1200
849 1729
1157 1294
1858 1616
1728 778
1563 223
877 2
915 1092
207 1449
1714 283
168 1364
599 1458
1330 1671
1404 1212
1100 946
293 535
321 1813
484 486
248 498
1225 1240
1497 486
1941 952
703 1768
953 880
1933 1686
1775 803
30 1903
797 1399
1208 1746
843 1214
1578 1226
293 246
812 1256
769 695
1753 253
896 1932
458 1737
1810 931
252 222
1845 1039
536 1573
1167 1251
1843 554
562 1636
1604 254
995 265
1978 1137
507 1161
1642 1359
1219 172
1409 116
913 1797
1574 1394
854 253
1016 228
58 1710
573 610
618 1918
10 1597
1946 1209
1019 392
530 269
1329 989
1038 660
420 821
177 1955
754 1212
1346 1181
687 271
1733 1855
1403 1787
361 1698
1257 946
1663 513
581 990
1150 1936
1913 757
1190 802
780 1060
1052 39
1934 1621
691 474
257 1381
554 491
1696 134
815 1594
1511 95
1494 1145
343 1325
370 532
785 1956
1505 1397
1836 1713
880 1396
119 298
32 1382
1146 247
1017 831
949 571
1225 548
1538 195
1869 1925
1937 44
223 1633
241 1363
87 1223
825 744
884 314
1872 73
379 1566
57 440
634 539
1084 123
1817 1162
1439 1117
138 1931
732 1014
954 764
1583 74
1969 736
832 1600
1117 1527
977 1231
1869 11
1150 398
1080 1421
767 1590
67 1734
620 293
601 158
1092 1685
166 1974
657 1096
1888 51
1600 619
1670 1747
1384 300
440 857
974 1881
1878 1985
623 1777
1284 961
1258 1221
280 1141
1662 1140
1711 1734
1453 917
1566 1246
1433 1585
347 680
1111 243
257 533
1558 1683
1139 1284
466 1432
357 1953
643 939
1149 903
500 1316
1280 1985
46 685
511 1269
1307 877
982 512
133 1609
1289 1828
891 396
513 1727
594 601
1804 1970
1971 1066
122 1797
689 1958
654 1012
385 1179
1273 933
892 1266
253 680
1029 937
266 800
1592 1479
1451 1701
1782 439
649 192
735 1574
1038 701
1206 442
1926 534
1076 799
3 1593
1235 238
333 1516
1241 664
102 1381
795 1474
1079 138
1262 1839
837 610
785 1409
763 1399
1841 1244
373 1136
105 1618
1569 944
1001 1424
1179 1051
830 169
1309 808
1585 1056
890 743
1824 1954
1183 266
1602 1682
1803 1106
340 928
1276 511
346 133
1108 650
424 564
1075 1049
90 654
1551 209
1774 1543
1511 1662
1674 18
1337 656
398 1836
571 1467
812 1045
168 1461
612 710
926 1105
1776 467
805 269
1993 442
706 1287
52 500
556 1297
1002 461
1841 80
1259 1951
1472 267
1595 199
1871 1056
628 607
1287 299
980 1553
1763 953
330 781
181 21
165 1633
1610 1166
1293 1915
1402 745
1449 1390
866 1163
881 1427
516 1417
240 1653
562 846
1591 963
1953 786
1187 1875
1601 738
154 371
763 250
199 1945
404 823
545 1193
17 165
804 389
1384 1074
1660 581
779 390
342 1171
347 1861
33 921
1264 928
1946 25
1365 927
26 1720
1374 1869
1055 864
856 818
321 1420
250 797
676 759
1817 1467
1243 1194
1968 1619
1903 1430
464 609
565 161
1641 1575
673 800
599 1632
297 216
1238 822
1155 1889
575 1257
1536 415
801 1371
648 1185
226 1106
144 779
1409 167
959 211
1140 560
933 1291
1039 1893
1536 656
1465 25
21 1766
1203 1146
952 1327
1060 1793
1132 1235
1414 193
1623 131
1033 66
1483 1616
567 401
1036 686
159 1583
1753 9
1068 624
970 738
1873 851
767 1599
1989 1513
1644 1268
820 715
1222 1005
708 76
1424 61
1852 1610
1834 803
1104 1072
1041 118
99 664
116 1567
770 1474
1838 1215
1033 82
333 1501
550 205
1103 1992
668 1212
1470 49
1193 559
1602 567
1031 128
699 1114
1693 35
1893 1246
691 1538
1540 1468
501 1483
489 448
384 1710
1529 196
705 1873
1777 105
107 1013
153 361
1300 1382
726 1807
317 70
1960 636
59 311
1844 687
1416 1748
367 1517
1581 757
205 561
1774 185
671 1590
1659 608
1006 238
296 1424
361 1596
418 310
122 924
1535 1053
504 43
298 1147
510 941
1986 1969
996 1666
430 1486
1020 882
1570 64
1811 1559
393 1830
161 793
834 1040
1228 583
559 1507
1559 553
1088 1937
109 1301
801 60
388 848
1589 940
431 1347
47 566
395 1703
975 1114
1245 1719
1551 682
147 1338
1350 609
1200 1969
664 140
894 1657
1444 42
752 1936
447 703
483 577
1000 433
1627 1770
888 1000
1933 1250
514 860
1590 864
1517 1858
1473 724
1066 1574
1128 1069
856 1094
1914 1021
1312 993
375 1299
8 1160
1100 898
226 1752
1060 1429
956 1809
894 1056
111 1711
329 1737
1394 1101
249 1603
219 1431
1694 1877
1209 365
1391 523
183 1583
969 1907
1170 471
1200 736
1692 216
1520 1781
603 966
1192 1078
68 660
670 771
1018 1401
803 1598
490 1553
1124 1729
1880 336
62 922
218 857
705 1558
847 1269
1031 964
189 178
496 73
1063 1888
1601 37
1819 507
408 660
66 402
1222 1418
229 1096
239 1629
37 316
942 734
1175 487
1526 1193
914 1920
1566 1447
521 1987
519 1673
881 1294
132 526
971 854
1226 1298
617 214
1112 399
938 1549
1663 683
1302 1366
1686 730
925 586
1855 1698
889 1609
1913 1285
873 140
1096 554
315 1672
317 73
744 995
27 1826
1548 1425
85 1325
312 869
348 1476
279 1994
800 1786
997 878
481 1659
122 1847
662 1634
1853 705
974 1414
1859 1477
1334 44
1773 588
1697 1578
1633 124
8 470
346 270
1786 1183
1032 1340
1969 650
77 457
588 209
1473 550
1557 325
394 1516
1532 125
18 1944
1763 1181
1317 820
1359 690
1599 1590
383 197
1503 1147
1957 1262
267 8
1060 1215
916 1209
1182 5
1024 12
489 916
1418 1527
288 1780
96 404
1101 1368
648 746
1684 1884
462 842
79 372
223 1505
59 182
1881 1899
627 1431
964 30
27 1441
1401 1669
1842 1706
1150 1713
1315 1469
43 300
1851 1045
624 935
121 1304
1697 1959
1003 1844
925 1477
1391 411
601 1868
433 1979
898 946
1902 853
929 426
1927 1430
772 1797
310 481
1806 1375
1222 905
448 1209
1477 1866
601 1462
1204 502
1671 1281
1831 1782
1988 1874
1547 1322
1137 679
129 1659
1457 1659
1429 1261
1325 742
63 76
1654 795
864 767
1656 1233
952 1892
549 869
98 184
1139 570
107 1928
646 1818
1883 303
371 233
561 674
407 1235
852 1401
790 1305
1893 501
1836 463
1857 633
465 1673
1908 511
1700 797
1828 1901
1480 1004
1968 943
1988 741
1184 204
97 1592
1916 1882
275 1874
541 558
628 1857
1391 1283
1994 484
741 658
210 930
1636 1185
1696 515
1110 1209
52 807
1286 26
858 1482
1086 1821
446 1150
1705 1497
164 1952
810 438
780 1215
1196 773
1118 1803
921 696
1997 1533
1041 554
1150 1980
1963 1979
1631 1742
581 1191
1108 679
200 1131
1068 1966
847 423
1801 1593
294 621
1465 1946
1082 1171
203 317
162 538
1537 1817
1925 1835
127 1414
1314 1045
1464 1276
1274 1566
1911 212
1660 990
1355 49
265 60
109 235
803 937
254 200
1394 1459
716 1691
1627 1550
1325 377
366 98
1572 502
830 1651
782 142
854 9
1244 900
914 1016
648 1895
57 857
947 1590
1861 1500
1920 96
144 527
804 1992
1421 1867
1906 271
1890 277
752 1150
1168 1200
1917 1596
1802 197
217 1833
416 698
1234 1411
1863 1508
1729 428
219 1310
428 1510
484 957
1363 1037
116 1581
1311 255
212 1936
956 1219
862 1381
1799 1537
1670 1641
1080 1374
1873 1462
612 1962
1921 34
1506 496
650 433
514 1637
911 1630
173 1583
421 36
770 1806
1352 1935
815 1958
1971 1965
1828 1300
209 1773
529 1904
253 347
266 1043
442 142
376 1175
1935 1183
1093 612
1564 1298
1250 179
288 187
1651 261
391 317
1960 303
1768 1259
528 1291
205 1863
1921 1778
50 343
1374 11
711 1074
1541 1579
1945 383
812 1165
692 253
728 383
1761 913
1939 365
1382 1040
364 984
557 1642
1973 1285
1787 1313
1189 1902
1213 990
1025 1498
878 20
616 1123
1529 1125
1772 1360
121 530
1890 242
1436 525
852 1384
1879 130
1997 1303
1683 1462
786 675
1634 1573
1348 889
1659 418
1397 1105
1182 1522
39 219
41 611
887 513
322 1700
1729 272
1850 1925
540 1145
453 923
12 1342
994 1699
400 138
189 1644
287 175
774 367
1367 1422
106 1961
1722 379
116 1273
692 1665
1293 624
1336 738
1540 1658
534 1463
189 542
1398 413
1161 206
219 1072
1667 132
1466 1084
686 1138
185 1879
236 1533
96 551
856 65
339 1996
1296 600
1600 910
135 1194
822 670
358 467
89 1840
1651 10
1478 509
1619 1492
795 46
201 345
787 1520
110 50
43 531
1907 466
902 527
370 293
1809 1982
1816 1713
807 1892
1527 605
1604 1172
1199 1145
526 949
944 1671
1819 1143
865 679
1613 813
1509 1091
5 1703
1064 527
1623 510
1044 1997
1937 1643
1877 1425
1501 1317
699 1207
1582 986
1984 276
80 1415
1057 1592
87 777
1244 1602
1109 1944
403 104
1366 1681
25 544
905 1005
1909 635
1055 1292
691 1374
1043 800
1330 1228
1666 66
1238 670
54 309
1521 98
1096 326
1343 1085
1723 437
1821 701
577 1992
562 382
802 518
1855 1818
1383 924
1181 1585
419 729
1638 481
1321 1399
1751 996
1339 758
1 1074
1729 1510
1723 568
1283 1800
460 1818
1467 1667
1906 164
617 1865
1873 387
901 1167
775 502
932 1084
1452 483
337 456
943 1309
1960 1883
1145 225
1437 1362
1502 1924
826 509
153 1917
1280 1182
925 286
808 1123
1012 1380
1280 769
1790 629
737 644
1527 1005
1256 1045
692 9
1378 1220
1312 42
729 1689
368 1455
778 592
279 1535
1822 1629
1702 178
1138 645
1884 431
1481 792
1552 1850
1115 262
1391 345
906 1451
806 831
1870 918
1688 216
1184 1648
1208 178
1812 517
554 471
1192 1356
1021 834
871 1815
52 478
905 1418
1249 1362
31 478
781 1561
884 1610
301 104
1595 1802
342 520
391 628
1647 1213
1815 1739
625 760
1425 276
836 1404
845 34
63 1609
754 1438
691 1421
818 948
530 642
1672 538
1246 1481
585 1225
953 353
606 1450
491 229
758 919
493 191
697 1944
1830 124
9 347
29 895
993 1675
1926 1565
1003 1614
320 404
1854 1991
670 415
916 228
995 1197
1249 324
1797 1880
1564 1226
1116 203
1687 1111
212 752
1844 84
1326 1390
1228 1671
836 259
1909 1231
1487 1296
911 811
1 19
277 372
98 950
351 240
1341 1239
1289 1892
651 1883
553 1652
220 1552
1030 745
646 230
325 1583
723 394
1055 547
1968 424
792 1722
1815 1929
458 867
1816 1836
298 101
1718 909
1986 736
52 31
252 412
1320 1531
1084 1784
671 767
969 1487
1272 1308
555 384
284 1990
879 885
1667 937
152 414
893 42
1026 244
1854 53
746 1805
787 1319
1419 1776
1640 1105
1547 618
1007 1837
1008 53
1685 693
1694 668
1146 1773
748 1526
1518 936
1685 1803
993 177
1677 1657
1390 1058
1756 1812
614 238
92 634
846 363
495 580
1368 1394
627 39
1704 626
1235 614
471 1329
1691 1428
1649 154
753 1214
173 1033
250 1321
79 277
380 833
1305 838
432 403
380 338
759 743
1443 404
673 1183
725 1380
1986 604
331 1486
363 1636
125 680
1231 1482
752 1261
1243 1808
1738 1733
713 359
1397 734
632 268
612 509
1277 939
1996 1352
992 86
257 838
1813 1204
1094 1529
998 834
622 99
197 1945
447 1951
1447 1274
55 413
1493 498
1116 1351
1149 1833
319 1381
1050 1248
535 620
1772 1781
391 607
73 149
556 1180
1011 1883
557 1639
144 485
571 417
1913 1622
1983 1552
344 1255
1925 1186
1074 431
1333 1707
494 249
997 684
451 1641
297 567
632 327
1311 862
445 1885
1224 466
124 1757
1505 942
1119 1002
147 1736
1420 1341
1152 1387
1571 1975
1685 451
1091 960
1020 266
230 1716
1749 822
532 816
901 447
89 858
327 214
47 459
1436 1730
830 1119
1824 1550
1721 1747
1175 993
1198 386
722 1000
1991 374
833 807
596 1239
1301 13
264 953
708 1173
1521 455
436 1249
891 1089
820 161
1140 347
602 377
1040 1047
1759 923
1329 192
1918 12
918 734
657 1843
931 1139
1182 1471
1959 1673
1002 1011
1611 237
1543 720
1049 42
491 1843
1513 1026
21 163
1585 891
638 1123
500 478
1399 250
1249 1120
1734 1515
1567 757
175 932
61 1562
1581 1913
678 1357
495 1820
1678 1761
416 1312
1810 1767
1850 11
734 637
552 586
1201 517
997 360
338 1097
1057 663
508 1689
1905 1936
1907 1296
100 1335
735 1971
1869 409
1099 1135
1254 1318
937 1588
704 1634
1112 1840
1120 703
1595 197
188 557
147 1075
1526 98
1407 1276
1887 1604
199 1556
1862 28
307 1019
24 597
640 370
318 992
953 861
37 738
1019 761
543 294
1332 1398
714 1655
734 1870
122 772
1898 742
1244 825
1252 1279
1749 740
1314 1165
1217 642
1594 951
1987 599
1896 343
1224 512
1829 1146
1554 1588
301 856
1380 1617
620 1386
781 1023
1278 743
901 1251
896 13
885 1589
1203 1788
547 671
82 91
253 971
469 1543
315 1099
976 1326
1360 1307
1621 772
466 1113
1215 1283
583 1330
968 1968
619 1248
334 1315
1433 894
504 817
174 45
1506 1577
1734 1642
600 983
1680 1593
1311 102
1523 1471
507 886
1180 1297
866 1333
1331 782
635 1857
10 1499
764 507
1324 974
1043 1183
1238 1536
920 1490
1349 599
1996 872
674 1789
734 143
352 1441
1605 408
871 1929
1872 1506
1605 766
148 15
613 625
1222 1050
525 1923
328 928
1159 361
1895 731
1859 586
147 324
481 1129
493 1087
749 1036
506 1854
1172 254
268 1318
1808 1690
1491 1944
1896 377
278 1533
121 335
1000 661
1734 1854
94 1512
493 1487
903 4
217 630
1863 561
223 17
700 1757
967 1572
1093 826
1976 893
1321 1700
610 77
1340 440
1623 143
386 320
449 1009
521 1427
353 1396
524 131
1376 740
1992 603
879 1508
79 1890
1045 1490
1865 887
1911 1261
21 1430
1940 357
416 42
69 1385
1505 926
572 442
1560 71
1654 1063
766 663
89 1071
589 171
377 277
1336 792
1257 1745
1570 361
1358 527
1908 847
378 1432
769 863
1961 1883
74 1789
1357 1713
1900 988
599 1006
976 1612
675 1940
678 1794
1249 1075
847 1545
1442 930
491 657
254 135
22 1394
7 788
1174 1881
165 124
374 67
1499 261
1420 1765
463 497
1488 1372
645 1995
1811 659
1625 814
1785 1828
710 1239
150 1276
1429 1793
1650 1386
1114 1656
722 1643
420 34
715 422
1894 159
555 368
113 1501
1010 1315
1657 1791
158 1873
432 1277
198 1572
516 369
178 1746
1478 702
1540 334
317 1171
1034 714
1283 907
886 954
283 1001
6 598
125 1760
1273 458
1408 130
363 1895
575 1745
1900 1532
285 1642
1274 379
943 341
967 1511
1466 425
880 861
1416 121
1786 1352
366 1279
278 1044
177 979
11 1552
1212 1759
830 1015
1296 746
580 642
416 1701
1115 430
111 1359
389 247
1838 1429
870 113
1134 1011
989 1176
1237 1393
1922 499
1356 1664
1086 701
1713 463
473 1192
271 1614
774 1807
1412 1996
350 1087
1312 893
43 1018
1023 968
1632 1395
706 1436
934 525
258 661
452 488
1501 793
1467 438
663 1313
1490 1286
396 1433
1515 111
909 837
243 335
954 1726
1689 1792
1778 34
1081 546
396 1585
1578 905
1771 498
251 1532
102 838
921 591
1549 340
658 1995
1130 800
1188 78
1813 1245
845 71
228 117
604 736
1323 936
1954 290
1303 1044
990 1647
883 499
1078 1962
591 1902
1745 1033
72 1109
96 1209
1054 382
780 1429
1762 244
41 1048
194 975
559 748
615 964
290 28
1838 780
1172 1243
807 1316
32 1999
231 1377
204 1194
1850 220
1397 1948
609 108
849 773
433 1643
1449 1193
991 1280
1139 439
960 280
1163 951
1495 709
845 322
1524 1134
372 602
796 1124
310 1129
902 390
322 250
1270 113
594 1462
1571 548
1262 241
783 1295
1590 547
390 1143
1725 1354
613 1514
1576 318
1 1282
1258 701
1515 285
313 674
1501 723
1748 121
793 870
1949 1646
1585 1657
1286 548
637 6
544 1465
1021 1860
1947 1290
1568 1177
319 255
1271 845
17 1563
1042 146
958 519
821 83
157 499
474 1176
1256 1165
1544 976
1024 1547
1913 1409
1133 1821
1922 464
29 760
1379 1468
1564 1673
1853 1558
1647 1191
291 1825
1110 916
702 859
1189 696
239 1919
1572 1148
650 865
375 510
733 933
1949 1495
1659 1638
1941 1327
1488 1710
308 455
52 1316
1433 831
1717 835
441 365
1992 483
1795 1898
918 6
1886 803
345 907
572 565
1744 1144
370 1465
1806 889
1968 936
1499 1011
303 1961
1007 62
523 836
1481 1722
89 1112
1055 1165
920 582
498 364
1392 444
829 343
1896 110
1621 101
1769 196
1239 1765
1288 478
824 396
368 603
1656 975
299 1281
256 582
1505 1105
1737 933
834 429
311 182
171 875
1199 574
1763 1585
203 70
1420 839
915 226
1296 648
566 206
1149 477
1324 23
987 549
33 696
880 353
558 357
595 838
1356 612
1279 1699
1545 199
1127 1230
995 1810
294 869
1807 477
467 1177
1211 1529
1022 699
725 90
1839 1957
1134 1119
1246 792
1092 1752
222 1607
596 1765
1287 1281
1456 1026
1982 1666
551 386
1589 1220
1730 525
1968 1405
133 889
1963 1695
1116 2000
987 869
1103 555
619 811
119 899
38 1760
955 944
1940 786
1952 1350
1923 934
1217 1846
295 1039
1275 1812
169 1406
882 1352
1558 1873
1211 1354
121 269
603 1452
946 575
721 44
1382 1999
951 623
1963 1643
16 229
1083 1029
1027 1495
1184 1961
1390 545
108 1952
180 672
916 117
1070 1788
1623 734
436 1444
1150 212
1802 728
1804 225
1331 442
1184 1194
1596 476
1892 1828
391 2000
1872 1460
586 1716
590 1737
1743 1472
347 1500
1464 1407
456 1562
253 125
783 1771
357 252
1085 1820
1070 1203
672 1128
1156 1058
1369 1400
1777 597
1966 1915
1429 1215
1517 726
939 1711
675 252
1072 442
1653 1280
1146 588
1452 966
1239 321
641 1421
1675 1873
1635 1788
1508 187
859 468
1093 1542
1391 201
1941 578
207 1544
1029 1554
1897 1767
1959 1564
629 1263
1714 1459
742 1896
771 415
1711 188
1282 233
297 1042
646 1716
934 706
1253 289
1346 1585
1461 738
1441 1832
659 553
1045 1823
1213 1191
724 550
243 1582
1060 1838
1716 552
1437 814
516 1841
1997 216
1069 842
1791 396
549 492
65 1094
1423 580
616 341
1724 747
698 245
1546 647
947 864
1782 961
72 697
1374 1186
761 1523
1562 49
429 1021
1969 433
1574 1459
1272 812
1903 163
372 1890
157 164
1733 406
1930 1659
96 320
1065 1155
771 1749
186 1730
1725 897
1722 1246
1504 144
500 380
1556 114
1379 1010
32 472
586 646
446 1911
1428 1615
1118 1603
785 1403
491 1096
1720 920
1056 1433
1599 547
1759 1877
1126 1530
1024 1725
1307 558
399 1606
326 1843
1659 1929
450 1606
1302 841
1799 810
1564 1578
257 1305
1901 1941
882 1043
935 1127
431 1164
1418 1578
96 1443
745 1475
947 1055
113 1317
695 434
1541 371
11 1650
742 50
1974 1038
205 1789
1071 1696
1708 1831
1538 1080
1415 744
1717 1845
929 791
1297 494
244 1989
579 477
1372 555
1379 334
563 1517
1232 1881
31 500
1754 152
1796 242
710 1370
616 808
1053 486
1083 449
648 562
1668 1687
1140 125
189 33
753 519
769 1923
1250 1178
418 1930
1607 252
1041 1170
1650 370
850 18
1709 1969
1739 383
1946 441
75 1541
24 623
1905 1429
885 1508
1590 1055
1256 1308
331 1414
544 1209
876 1107
428 1435
1197 1244
1310 627
845 364
1965 1368
330 1561
1948 734
1335 712
632 1142
762 1502
1048 1400
785 1581
1275 739
862 1207
1668 1111
332 139
288 1378
1790 567
1901 1327
127 1947
195 691
1767 60
469 222
512 1856
1254 268
477 1764
1528 139
1108 1978
4 1621
529 1113
1415 1197
1144 1658
355 685
562 1826
436 147
1753 1500
1614 1906
47 1819
1762 93
977 635
572 644
636 1961
37 1266
1132 1744
602 79
1730 1923
1678 913
36 1437
1911 765
866 24
964 1183
823 1493
115 1783
263 1842
441 1209
666 1649
1439 1005
1272 1055
917 1628
442 782
139 1015
222 185
1459 296
1701 1976
609 1922
1910 1950
1248 1630
1912 924
1445 656
1583 1998
254 1808
1202 1676
104 939
499 1952
365 1946
1214 849
1205 419
790 255
822 771
423 1276
990 148
394 360
936 1492
195 641
1384 1401
772 336
1157 40
1886 909
1189 1485
958 1564
1702 1027
198 502
1111 1582
354 1325
1081 611
1913 1567
1739 608
5 626
1618 100
1263 667
1089 396
47 1161
631 27
992 445
1916 1193
1827 1868
738 168
518 1015
61 1714
346 395
565 963
1729 1278
238 407
333 208
1522 392
1734 506
1689 1205
1271 1778
1191 990
1687 243
588 1626
688 1224
1795 377
1262 1634
1218 908
799 78
1661 655
1397 942
931 1364
664 589
14 569
967 732
1448 1268
1920 1353
1768 1167
454 1174
625 1848
909 1775
451 1670
1939 441
719 444
495 16
1173 133
548 1240
1070 1265
1992 1452
1813 1719
1007 678
640 246
168 1139
1446 55
1154 245
1862 973
378 688
1617 654
26 1823
258 1695
1120 1437
631 1555
1338 1249
958 1578
586 1818
1435 1984
1477 646
1235 599
1686 935
987 517
541 1679
428 1984
1763 1396
827 1350
454 112
433 679
1323 1518
1064 1819
1143 485
1470 1355
1246 1447
1660 1191
461 1651
1585 202
966 1103
477 903
1769 1725
1477 286
739 813
1474 46
1011 651
618 1342
1342 741
1797 1678
1859 1818
681 858
809 88
1278 890
811 1600
681 515
1683 601
1358 485
887 632
915 451
1049 1338
1775 837
1408 1879
579 630
1073 1007
1273 329
1455 1158
1384 43
581 1647
43 1401
1594 1830
1972 794
540 1349
1877 234
1947 340
1010 334
1472 954
1671 778
694 1779
184 748
1808 1887
1888 1230
1852 1755
1020 1996
747 615
1587 1275
279 484
361 1210
980 1211
749 3
1951 1768
1774 720
136 311
1272 1256
1960 651
201 1800
1141 1177
1608 796
600 1805
1257 1100
1277 643
1187 610
1700 1399
181 1903
669 45
1340 57
291 130
1458 1006
193 340
894 396
455 950
1098 569
244 1888
1948 926
1206 1331
724 205
207 1234
859 1478
815 951
1725 490
513 1178
63 284
1137 865
1128 332
329 867
922 211
224 717
119 1934
1727 632
1685 1106
640 1386
1368 1459
1156 1559
693 1803
1538 1421
1239 1962
1267 1076
98 1507
986 1111
593 1110
1044 216
1572 732
765 446
1925 1374
1387 735
1288 52
206 47
1742 1534
342 1506
1775 1732
863 695
2000 1351
1967 1260
1648 1194
179 1865
806 1512
272 1425
1074 1669
904 260
218 1376
718 1216
1997 278
1548 912
593 117
453 1694
336 1797
230 1866
1244 1415
1961 651
1670 174
277 1796
1683 158
1113 1296
1652 827
735 1066
90 1617
1453 421
1288 380
1165 1292
972 383
151 1797
1506 703
421 1229
380 807
56 1172
1185 731
1712 359
466 512
1049 1736
1577 1251
471 474
716 1919
1370 1356
773 676
1054 1441
44 1344
592 299
642 1820
1148 1719
1735 1486
561 550
545 207
386 404
700 124
754 819
1259 1577
1469 1010
1071 635
1661 723
162 1542
633 1236
1298 1673
1340 740
294 1446
120 628
310 85
1361 669
1400 611
910 811
1689 819
1994 1535
1476 160
1433 1871
1440 1385
563 501
644 963
1632 1349
555 966
964 163
1395 751
1547 658
1665 1861
1391 907
1459 61
899 298
20 1676
1976 1451
351 434
96 823
980 196
10 1011
1551 588
377 79
317 1351
1038 1821
791 1077
1972 1115
791 175
826 468
38 1072
1244 667
1046 1598
622 140
1832 62
1421 474
372 377
1956 68
1425 912
383 1659
853 1485
1500 125
157 609
1086 1038
490 1354
399 59
479 431
511 1216
1100 575
945 309
378 466
711 1151
1249 1531
1156 274
1822 1465
185 130
1059 422
932 287
1999 1047
639 828
965 215
1782 1364
665 1907
1339 948
1230 1931
1272 1314
838 1620
893 698
1724 1927
35 853
1116 70
754 1404
1484 1646
1239 839
1361 1641
1043 1412
693 1752
477 1621
472 1047
1716 1818
1749 1032
297 667
505 1099
1942 335
324 1736
968 781
742 829
1850 409
938 72
1735 1972
1194 254
303 636
1434 1503
236 1044
1441 48
1570 1159
44 454
1992 1265
839 1765
1049 324
1035 1397
375 131
1321 322
1288 1316
1873 376
199 383
99 1489
1599 947
574 638
957 1485
552 1477
1496 1570
1970 1494
805 145
822 415
722 888
1610 869
322 1778
1681 841
1425 1729
589 1620
356 911
1598 1029
158 705
823 1198
984 289
503 774
42 1075
1775 610
1072 1900
1258 210
1047 834
1879 291
1813 1572
1212 1792
505 1542
1719 775
209 1626
1138 1995
436 1049
1656 1491
981 1432
906 1312
1580 476
940 1508
1897 1371
1337 670
1745 402
1270 793
811 1248
55 1827
447 1259
1533 1692
1428 370
1858 503
89 311
798 1862
387 1675
577 966
1468 1744
1885 1576
925 552
1230 1513
460 1477
687 84
893 1741
1346 202
1683 851
1153 1627
1031 747
1956 1479
213 1249
1310 1072
1028 425
501 295
1728 299
1902 1693
362 1964
947 767
651 636
1495 1702
1580 1570
1055 1599
1561 860
652 824
216 1303
1522 1985
1495 1448
788 475
109 1176
1491 72
1413 840
589 140
707 339
193 1549
1843 229
480 405
990 263
252 720
606 391
582 1851
1621 899
1244 1688
1859 925
1093 468
1164 1
1365 1267
187 7
1271 821
171 1489
1013 95
1385 1388
60 995
22 1387
129 1457
793 565
1386 370
454 613
662 1573
536 1363
537 1876
562 1895
1701 1741
1233 975
1212 1391
1903 1860
586 230
1700 250
393 815
945 1312
1849 1246
1347 1151
1892 1785
884 1755
1189 542
1993 39
1763 264
1207 975
1300 834
1961 1011
712 14
1818 1210
1443 823
1063 1375
698 1741
851 1462
1654 1348
586 1854
1350 499
1441 1410
1206 572
774 1624
589 1252
20 1302
1892 478
1077 175
1816 1794
1763 202
1833 477
638 808
826 612
522 1117
1292 1314
1772 1679
103 1209
1143 779
1523 1522
1227 1618
1916 748
1943 1460
1126 51
481 418
1540 1010
604 242
1077 932
585 397
310 1325
862 975
1913 167
1664 1078
685 1806
1690 1801
1905 446
762 1385
512 789
113 302
1383 151
1609 284
1447 379
377 1890
1525 495
1047 1300
1419 280
161 302
1229 213
1116 317
432 104
1104 219
497 1713
505 1754
1072 1760
1265 756
630 4
93 221
1340 857
845 83
1699 589
1464 92
195 1421
1195 78
217 4
777 1223
1760 719
1306 1117
182 89
1743 1122
61 283
1961 1960
1773 682
537 756
601 851
1411 1390
905 1439
1429 1936
1826 1054
391 1351
1442 1254
1027 231
1032 57
186 525
224 371
1124 1435
883 164
811 548
24 1163
724 1863
1242 1613
725 1012
1336 37
685 1063
1937 1000
318 967
1568 280
382 1826
1738 361
704 528
1827 601
1554 803
578 1327
1 711
1289 1300
1974 1133
815 689
412 1953
1975 1067
1392 125
435 94
214 1663
1240 1571
918 598
1606 1942
1530 1762
1030 872
1444 324
657 326
1630 356
1477 1716
321 596
1140 253
1667 840
39 1104
351 991
94 831
1246 1274
236 1997
715 1317
925 1866
871 1659
116 590
1209 914
377 1796
878 1516
1721 1575
1199 1804
1092 693
1566 1722
615 1903
832 1248
533 838
662 1839
1893 835
1882 1193
450 576
1818 230
1862 777
209 682
1469 1468
1193 1977
346 1798
1003 164
1638 85
353 1319
42 324
351 769
1322 1024
1707 951
501 1246
1639 188
265 801
1196 743
468 509
196 1354
1142 930
252 1774
1732 837
675 412
1317 870
403 643
951 393
830 672
702 1093
1749 1238
1329 235
1950 1814
1063 355
1095 62
627 442
942 1035
634 152
307 1878
1174 1848
1250 1915
8 954
278 236
42 245
965 1903
222 720
916 103
516 80
128 21
1989 1456
1149 579
1117 605
185 1825
600 562
1626 1773
1025 1818
898 1745
463 1794
1804 1494
339 1496
1864 912
1501 161
1852 869
1607 185
1803 1297
653 26
1480 131
1879 176
1332 413
835 1246
1484 155
1125 452
559 1916
1542 1135
1218 77
6 143
147 42
20 1202
19 1164
58 1372
857 1032
1589 227
905 1306
1258 930
151 1880
792 970
1814 658
540 599
1090 1255
1825 130
622 875
1005 522
652 1433
1535 486
1194 106
1246 1845
650 679
1726 1160
1206 737
1289 952
183 344
227 1220
1637 330
377 742
270 1798
1237 1914
45 1721
103 1920
844 1299
729 523
1718 803
861 1763
734 926
647 1405
1244 1682
320 551
791 932
414 1062
1857 606
1904 273
1023 1497
1474 685
1709 1168
1439 1418
368 483
1842 990
549 1201
872 1402
953 1396
602 277
1410 959
550 81
434 863
1796 602
620 1650
734 1105
826 1478
1938 383
1350 1645
268 1258
1610 312
941 524
1227 1302
461 1524
216 401
1136 1367
1182 307
412 88
1447 792
315 1093
1272 1165
283 296
1680 1373
1580 361
1181 202
277 242
1459 1101
1227 20
1569 1064
849 1196
189 231
1857 1236
1896 50
670 1749
1409 1973
1006 407
1662 1012
694 1132
727 353
1052 1993
1393 1051
304 494
168 316
379 1246
479 1282
1485 1053
819 1404
236 842
1648 106
874 1633
1456 93
1304 1687
1838 1793
1978 650
966 1158
1535 484
1677 1056
198 1813
300 1074
1672 1093
1509 1647
1976 416
937 449
1164 1074
1374 474
236 855
1793 1215
102 1305
1825 176
13 192
1537 1162
1344 323
1773 1623
233 1097
1466 932
1932 554
866 1707
973 1824
1870 637
130 176
1016 117
1143 1064
436 42
498 289
307 1280
586 1008
861 264
938 850
543 884
1868 413
327 482
274 1645
856 1277
79 1796
210 1254
895 1232
616 1968
1795 742
1779 470
575 898
2000 2000 2000 2000 2000 2000 2000 2000 2000 2000 2000 2000 2000 2000 2000 2000 2000 2000 2000 2000 2000 2000 2000 2000 2000 2000 2000 2000 2000 2000 2000 2000 2000 2000 2000 2000 2000 2000 2000 2000 2000 2000 2000 2000 2000 2000 2000 2000 2000 2000 2000 2000 2000 2000 2000 2000 2000 2000 2000 2000 2000 2000 2000 2000 2000 2000 2000 2000 2000 2000 2000 2000 2000 2000 2000 2000 2000 2000 2000 2000 2000 2000 2000 2000 2000 2000 2000 2000 2000 2000 2000 2000 2000 2000 2000 2000 2000 2000 2000 2000 2000 2000 2000 2000 2000 2000 2000 2000 2000 2000 2000 2000 2000 2000 2000 2000 2000 2000 2000 2000 2000 2000 2000 2000 2000 2000 2000 2000 2000 2000 2000 2000 2000 2000 2000 2000 2000 2000 2000 2000 2000 2000 2000 2000 2000 2000 2000 2000 2000 2000 2000 2000 2000 2000 2000 2000 2000 2000 2000 2000 2000 2000 2000 2000 2000 2000 2000 2000 2000 2000 2000 2000 2000 2000 2000 2000 2000 2000 2000 2000 2000 2000 2000 2000 2000 2000 2000 2000 2000 2000 2000 2000 2000 2000 2000 2000 2000 2000 2000 2000 2000 2000 2000 2000 2000 2000 2000 2000 2000 2000 2000 2000 2000 2000 2000 2000 2000 2000 2000 2000 2000 2000 2000 2000 2000 2000 2000 2000 2000 2000 2000 2000 2000 2000 2000 2000 2000 2000 2000 2000 2000 2000 2000 2000 2000 2000 2000 2000 2000 2000 2000 2000 2000 2000 2000 2000 2000 2000 2000 2000 2000 2000 2000 2000 2000 2000 2000 2000 2000 2000 2000 2000 2000 2000 2000 2000 2000 2000 2000 2000 2000 2000 2000 2000 2000 2000 2000 2000 2000 2000 2000 2000 2000 2000 2000 2000 2000 2000 2000 2000 2000 2000 2000 2000 2000 2000 2000 2000 2000 2000 2000 2000 2000 2000 2000 2000 2000 2000 2000 2000 2000 2000 2000 2000 2000 2000 2000 2000 2000 2000 2000 2000 2000 2000 2000 2000 2000 2000 2000 2000 2000 2000 2000 2000 2000 2000 2000 2000 2000 2000 2000 2000 2000 2000 2000 2000 2000 2000 2000 2000 2000 2000 2000 2000 2000 2000 2000 2000 2000 2000 2000 2000 2000 2000 2000 2000 2000 2000 2000 2000 2000 2000 2000 2000 2000 2000 2000 2000 2000 2000 2000 2000 2000 2000 2000 2000 2000 2000 2000 2000 2000 2000 2000 2000 2000 2000 2000 2000 2000 2000 2000 2000 2000 2000 2000 2000 2000 2000 2000 2000 2000 2000 2000 2000 2000 2000 2000 2000 2000 2000 2000 2000 2000 2000 2000 2000 2000 2000 2000 2000 2000 2000 2000 2000 2000 2000 2000 2000 2000 2000 2000 2000 2000 2000 2000 2000 2000 2000 2000 2000 2000 2000 2000 2000 2000 2000 2000 2000 2000 2000 2000 2000 2000 2000 2000 2000 2000 2000 2000 2000 2000 2000 2000 2000 2000 2000 2000 2000 2000 2000 2000 2000 2000 2000 2000 2000 2000 2000 2000 2000 2000 2000 2000 2000 2000 2000 2000 2000 2000 2000 2000 2000 2000 2000 2000 2000 2000 2000 2000 2000 2000 2000 2000 2000 2000 2000 2000 2000 2000 2000 2000 2000 2000 2000 2000 2000 2000 2000 2000 2000 2000 2000 2000 2000 2000 2000 2000 2000 2000 2000 2000 2000 2000 2000 2000 2000 2000 2000 2000 2000 2000 2000 2000 2000 2000 2000 2000 2000 2000 2000 2000 2000 2000 2000 2000 2000 2000 2000 2000 2000 2000 2000 2000 2000 2000 2000 2000 2000 2000 2000 2000 2000 2000 2000 2000 2000 2000 2000 2000 2000 2000 2000 2000 2000 2000 2000 2000 2000 2000 2000 2000 2000 2000 2000 2000 2000 2000 2000 2000 2000 2000 2000 2000 2000 2000 2000 2000 2000 2000 2000 2000 2000 2000 2000 2000 2000 2000 2000 2000 2000 2000 2000 2000 2000 2000 2000 2000 2000 2000 2000 2000 2000 2000 2000 2000 2000 2000 2000 2000 2000 2000 2000 2000 2000 2000 2000 2000 2000 2000 2000 2000 2000 2000 2000 2000 2000 2000 2000 2000 2000 2000 2000 2000 2000 2000 2000 2000 2000 2000 2000 2000 2000 2000 2000 2000 2000 2000 2000 2000 2000 2000 2000 2000 2000 2000 2000 2000 2000 2000 2000 2000 2000 2000 2000 2000 2000 2000 2000 2000 2000 2000 2000 2000 2000 2000 2000 2000 2000 2000 2000 2000 2000 2000 2000 2000 2000 2000 2000 2000 2000 2000 2000 2000 2000 2000 2000 2000 2000 2000 2000 2000 2000 2000 2000 2000 2000 2000 2000 2000 2000 2000 2000 2000 2000 2000 2000 2000 2000 2000 2000 2000 2000 2000 2000 2000 2000 2000 2000 2000 2000 2000 2000 2000 2000 2000 2000 2000 2000 2000 2000 2000 2000 2000 2000 2000 2000 2000 2000 2000 2000 2000 2000 2000 2000 2000 2000 2000 2000 2000 2000 2000 2000 2000 2000 2000 2000 2000 2000 2000 2000 2000 2000 2000 2000 2000 2000 2000 2000 2000 2000 2000 2000 2000 2000 2000 2000 2000 2000 2000 2000 2000 2000 2000 2000 2000 2000 2000 2000 2000 2000 2000 2000 2000 2000 2000 2000 2000 2000 2000 2000 2000 2000 2000 2000 2000 2000 2000 2000 2000 2000 2000 2000 2000 2000 2000 2000 2000 2000 2000 2000 2000 2000 2000 2000 2000 2000 2000 2000 2000 2000 2000 2000 2000 2000 2000 2000 2000 2000 2000 2000 2000 2000 2000 2000 2000 2000 2000 2000 2000 2000 2000 2000 2000 2000 2000 2000 2000 2000 2000 2000 2000 2000 2000 2000 2000 2000 2000 2000 2000 2000 2000 2000 2000 2000 2000 2000 2000 2000 2000 2000 2000 2000 2000 2000 2000 2000 2000 2000 2000 2000 2000 2000 2000 2000 2000 2000 2000 2000 2000 2000 2000 2000 2000 2000 2000 2000 2000 2000 2000 2000 2000 2000 2000 2000 2000 2000 2000 2000 2000 2000 2000 2000 2000 2000 2000 2000 2000 2000 2000 2000 2000 2000 2000 2000 2000 2000 2000 2000 2000 2000 2000 2000 2000 2000 2000 2000 2000 2000 2000 2000 2000 2000 2000 2000 2000 2000 2000 2000 2000 2000 2000 2000 2000 2000 2000 2000 2000 2000 2000 2000 2000 2000 2000 2000 2000 2000 2000 2000 2000 2000 2000 2000 2000 2000 2000 2000 2000 2000 2000 2000 2000 2000 2000 2000 2000 2000 2000 2000 2000 2000 2000 2000 2000 2000 2000 2000 2000 2000 2000 2000 2000 2000 2000 2000 2000 2000 2000 2000 2000 2000 2000 2000 2000 2000 2000 2000 2000 2000 2000 2000 2000 2000 2000 2000 2000 2000 2000 2000 2000 2000 2000 2000 2000 2000 2000 2000 2000 2000 2000 2000 2000 2000 2000 2000 2000 2000 2000 2000 2000 2000 2000 2000 2000 2000 2000 2000 2000 2000 2000 2000 2000 2000 2000 2000 2000 2000 2000 2000 2000 2000 2000 2000 2000 2000 2000 2000 2000 2000 2000 2000 2000 2000 2000 2000 2000 2000 2000 2000 2000 2000 2000 2000 2000 2000 2000 2000 2000 2000 2000 2000 2000 2000 2000 2000 2000 2000 2000 2000 2000 2000 2000 2000 2000 2000 2000 2000 2000 2000 2000 2000 2000 2000 2000 2000 2000 2000 2000 2000 2000 2000 2000 2000 2000 2000 2000 2000 2000 2000 2000 2000 2000 2000 2000 2000 2000 2000 2000 2000 2000 2000 2000 2000 2000 2000 2000 2000 2000 2000 2000 2000 2000 2000 2000 2000 2000 2000 2000 2000 2000 2000 2000 2000 2000 2000 2000 2000 2000 2000 2000 2000 2000 2000 2000 2000 2000 2000 2000 2000 2000 2000 2000 2000 2000 2000 2000 2000 2000 2000 2000 2000 2000 2000 2000 2000 2000 2000 2000 2000 2000 2000 2000 2000 2000 2000 2000 2000 2000 2000 2000 2000 2000 2000 2000 2000 2000 2000 2000 2000 2000 2000 2000 2000 2000 2000 2000 2000 2000 2000 2000 2000 2000 2000 2000 2000 2000 2000 2000 2000 2000 2000 2000 2000 2000 2000 2000 2000 2000 2000 2000 2000 2000 2000 2000 2000 2000 2000 2000 2000 2000 2000 2000 2000 2000 2000 2000 2000 2000 2000 2000 2000 2000 2000 2000 2000 2000 2000 2000 2000 2000 2000 2000 2000 2000 2000 2000 2000 2000 2000 2000 2000 2000 2000 2000 2000 2000 2000 2000 2000 2000 2000 2000 2000 2000 2000 2000 2000 2000 2000 2000 2000 2000 2000 2000 2000 2000 2000 2000 2000 2000 2000 2000 2000 2000 2000 2000 2000 2000 2000 2000 2000 2000 2000 2000 2000 2000 2000 2000 2000 2000 2000 2000 2000 2000 2000 2000 2000 2000 2000 2000 2000 2000 2000 2000 2000 2000 2000 2000 2000 2000 2000 2000 2000 2000 2000 2000 2000 2000 2000 2000 2000 2000 2000 2000 2000 2000 2000 2000 2000 2000 2000 2000 2000 2000 2000 2000 2000 2000 2000 2000 2000 2000 2000 2000 2000 2000 2000 2000 2000 2000 2000 2000 2000 2000 2000 2000 2000 2000 2000 2000 2000 2000 2000 2000 2000 2000 2000 2000 2000 2000 2000 2000 2000 2000 2000 2000 2000 2000 2000 2000 2000 2000 2000 2000 2000 2000 2000 2000 2000 2000 2000 2000 2000 2000 2000 2000 2000 2000 2000 2000 2000 2000 2000 2000 2000 2000 2000 2000 2000 2000 2000 2000 2000 2000 2000 2000 2000 2000 2000 2000 2000 2000 2000 2000 2000 2000 2000 2000 2000 2000 2000 2000 2000 2000 2000 2000 2000 2000 2000 2000 2000 2000 2000 2000 2000 2000 2000 2000 2000 2000 2000 2000 2000 2000 2000 2000 2000 2000 2000 2000 2000 2000 2000 2000 2000 2000 2000 2000 2000 2000 2000 2000 2000 2000 2000 2000 2000 2000 2000 2000 2000 2000 2000 2000 2000 2000 2000 2000 2000 2000 2000 2000 2000 2000 2000 2000 2000 2000 2000 2000 2000 2000 2000 2000 2000 2000 2000 2000 2000 2000 2000 2000 2000 2000 2000 2000 2000 2000 2000 2000 2000 2000 2000 2000 2000 2000 2000 2000 2000 2000 2000 2000 2000 2000 2000 2000 2000 2000 2000 2000 2000 2000 2000 2000 2000 2000 2000 2000 2000 2000 2000 2000 2000 2000 2000 2000 2000 2000 2000 2000 2000 2000 2000 2000 2000 2000 2000 2000 2000 2000 2000 2000 2000 2000 2000 2000 2000 2000 2000 2000 2000 2000 2000 2000 2000 2000 2000 2000 2000 2000 2000 2000 2000 2000 2000 2000 2000 2000 2000 2000 2000 2000 2000 2000 2000 2000 2000 2000 2000 2000 2000 2000 2000 2000 2000 2000 2000 2000 2000 2000 2000 2000 2000 2000 2000 2000 2000 2000 2000 2000 2000 2000 2000 2000 2000 2000 2000 2000 2000 2000 2000 2000 2000 2000 2000 2000 2000 2000 2000 2000 2000 2000 2000 2000 2000 2000 2000 2000 2000 2000 2000 2000 2000 2000 2000 2000 2000 2000 2000 2000 2000 2000 2000 2000 2000 2000 2000 2000 2000 2000 2000 2000 2000 2000 2000 2000 2000 2000 2000 2000 2000 2000 2000 2000 2000 2000 2000 2000 2000 2000 2000 2000 2000 2000 2000 2000 2000 2000 2000 2000 2000 2000 2000 2000 2000 2000 2000 2000 2000 2000 2000 2000 2000 2000 2000 2000 2000 2000 2000 2000 2000 2000 2000 2000 2000 2000 2000 2000 2000 2000 2000 2000 2000 2000 2000 2000 2000 2000 2000 2000 2000 2000 2000 2000 2000 2000 2000 2000 2000 2000 2000 2000 2000 2000 2000 2000 2000 2000 2000 2000 2000 2000 2000 2000 2000 2000 2000 2000 2000 2000 2000 2000 2000 2000 2000 2000 2000 2000 2000 2000 2000 2000 2000 2000 2000 2000 2000 2000 2000 2000 2000 2000 2000 2000 2000 2000 2000 2000 2000 2000 2000 2000 2000 2000 2000 2000 2000 2000 2000 2000 2000 2000 2000 2000 2000 2000 2000 2000 2000 2000 2000 2000 2000 2000 2000 2000 2000 2000 2000 2000 2000 2000 2000 2000 2000 2000 2000 2000 2000 2000 2000 2000 2000 2000 2000 2000 2000 2000 2000 2000 2000 2000 2000 2000 2000 2000 2000 2000 2000 2000 2000
