2000 4000
1124 1952
1885 1425
82 609
459 552
1528 1980
1713 208
977 813
895 1729
1714 491
656 281
1041 432
150 683
1620 358
1884 99
1028 244
1946 314
825 1032
835 168
1430 1275
260 1963
343 1058
546 1504
1790 171
1844 315
1700 399
705 1067
590 1915
355 790
1331 1536
1053 1388
61 553
1091 1850
694 1097
468 1784
858 241
1935 1747
1289 90
1766 888
1237 787
828 932
226 227
1874 436
177 1027
1515 1793
540 1348
752 1868
1693 1714
737 738
312 1819
283 811
518 332
425 1148
1502 222
798 89
514 657
194 851
1108 401
1935 1427
1735 1779
1829 218
622 477
365 1104
973 1195
1785 1355
309 1479
424 1994
937 1403
1086 1761
620 527
775 1906
1604 1077
38 1001
132 628
764 371
1411 1201
1627 1288
1898 634
576 1606
28 74
849 1873
1312 206
220 385
559 1204
1645 1756
1875 1609
274 601
1086 133
1095 1934
366 1986
511 467
1398 774
1944 1708
455 390
430 1835
1144 318
920 589
1038 1933
1364 1858
534 815
1056 503
247 1620
1156 714
1604 558
677 24
796 1190
263 1988
1575 784
1948 1807
542 218
1452 189
549 1229
1832 765
1252 565
1122 1469
495 859
635 1367
299 1226
1333 1090
740 1429
1363 1886
584 1286
1799 857
1312 1925
1463 116
254 100
372 103
178 1550
1276 1567
318 1128
1285 1496
297 1219
324 1005
1878 715
1494 283
75 123
397 571
1060 1529
343 391
1249 1776
545 313
52 302
1166 1261
513 1987
84 1421
936 1742
146 1356
943 40
233 701
910 1186
739 1583
1093 1409
1043 215
528 279
394 201
1666 1865
1945 346
278 442
1072 1019
479 859
1435 1914
1736 980
1008 496
1090 975
504 1280
41 1360
1304 1023
1305 1009
268 1881
933 399
1438 788
415 117
1031 14
608 272
1351 1880
301 1490
1369 1440
1152 1148
807 1652
303 1937
1607 998
1500 1859
486 771
1271 584
747 935
931 1889
1026 803
555 683
304 425
1207 39
1288 937
691 39
1220 281
246 1003
1339 66
1284 186
1039 1300
96 610
1580 721
1018 1786
1461 1638
966 993
509 1068
29 777
417 19
157 1573
136 1373
228 1383
1750 1695
940 934
1677 1836
847 328
1422 1206
473 863
1567 1454
1874 1591
1557 538
1156 1649
1453 483
947 293
1808 1506
842 1491
295 393
992 883
982 552
874 1133
1328 362
728 1847
1034 899
743 507
1450 937
699 1747
1850 48
1917 446
1577 512
1712 1033
1079 547
728 1680
1101 1952
622 832
1436 1591
1384 266
933 710
1011 196
1991 79
1897 1872
1637 1712
1490 877
92 1575
988 1545
285 233
1251 1619
1458 597
662 1558
1301 1936
1629 920
1503 731
1456 1330
969 1708
783 707
1025 1671
1716 1908
537 340
728 1077
1592 1001
1334 1491
859 853
1970 717
121 1007
1102 1607
836 242
1217 389
853 522
1623 564
1322 549
747 1406
503 1650
1123 954
1888 516
561 1814
45 1270
511 1325
1844 1289
1891 1538
854 1310
249 1630
1335 1058
1647 220
1687 851
5 852
882 1926
612 1586
217 1949
167 689
582 4
859 146
1644 1455
883 1666
648 1784
42 879
1302 1324
353 1873
337 1425
687 1893
1016 1466
206 193
588 881
1471 108
1611 1868
1833 485
124 785
1017 1255
1704 1883
873 1001
57 227
707 229
996 1589
848 1563
1649 1785
1406 1087
593 1922
631 1222
1588 1032
839 1763
1329 818
1442 147
1926 750
602 788
1310 1837
1948 1934
1699 1860
1775 1530
1831 613
66 825
1068 1049
572 229
837 1892
1905 179
1773 1071
304 154
274 1845
486 1627
616 996
1548 1750
1981 389
1753 218
250 855
1926 799
347 26
1016 1395
64 1443
971 1293
314 492
13 1562
1620 520
1603 56
1399 319
1870 758
54 1907
133 999
550 1083
1372 422
742 645
734 1176
238 1690
925 648
1434 724
1874 1335
918 433
1668 1720
1635 1337
444 987
1954 1134
1389 1157
141 1630
817 1434
1506 1630
860 1083
1443 1915
1997 328
161 1768
351 1013
860 698
799 617
1866 425
1027 1432
1030 1233
1048 1297
461 709
433 1160
1392 1139
1243 1507
1645 880
541 927
1489 1677
267 1836
409 1801
1163 1422
259 978
1071 1772
808 1885
387 1571
405 556
1103 1050
203 1339
1614 1979
737 1629
1646 1929
529 1323
1584 299
1199 1884
1129 1540
696 206
1825 1593
759 1688
145 1214
1696 1080
768 755
1772 450
1676 759
106 984
894 1024
1727 1803
1125 1694
1230 1075
93 1184
511 695
1417 316
1052 1603
1796 1556
260 1513
897 1540
780 1369
1805 1945
1524 1432
1090 1327
1429 555
7 1428
21 1614
359 842
1827 958
289 931
698 277
1338 1868
480 494
1806 1505
655 1170
354 1664
963 955
590 1276
394 486
1835 1248
279 1846
175 158
1311 1448
14 894
212 663
1207 1111
1828 1846
460 951
387 1437
1143 957
1022 1234
1373 1305
1711 849
377 1447
405 174
1350 830
1126 730
1527 1498
1173 51
1534 799
562 374
1112 838
882 234
1226 1623
1660 168
494 1569
1142 333
1063 1726
1859 272
1927 1183
1923 899
21 1588
902 851
1279 1552
1433 1046
1525 401
198 258
1688 752
1793 391
1104 1293
1055 586
1398 855
1681 668
742 1804
158 1591
1789 163
277 1902
472 1571
202 301
1866 211
691 1350
1536 1415
527 1707
988 1631
1931 1118
657 1891
1286 619
1165 1579
379 523
1244 1381
1470 595
1733 1056
1261 870
650 689
249 1051
762 912
908 1323
802 634
1005 309
823 1476
560 564
966 1115
1331 42
673 185
1864 1199
750 299
1854 1881
1314 190
1553 1490
1024 544
1103 1843
1815 155
1787 1053
854 33
1282 1010
253 827
1641 641
171 215
1272 754
129 1536
619 1478
201 631
1095 1933
1650 383
1685 293
1803 483
614 460
1394 61
484 1616
1736 1242
415 191
661 1396
128 312
887 1959
1234 1015
1386 1266
568 692
1254 757
1687 1568
481 866
1566 1853
583 147
1989 1810
1878 1950
1491 517
1161 1076
538 699
1235 259
937 605
154 269
1299 128
1317 1061
592 1767
1957 908
1220 586
1792 172
1002 396
626 422
541 1597
1273 1915
1281 1389
1788 1814
1451 1703
649 452
659 493
563 638
361 316
1916 1613
103 793
1414 896
226 1882
1939 1584
280 46
968 1977
159 137
378 1138
1444 375
1318 1590
1834 1001
930 1710
937 827
1000 893
1949 1857
764 1458
1141 78
1398 653
338 1482
1280 766
452 1094
1074 1758
738 708
402 1871
1352 1616
1982 790
1019 364
489 1861
88 1751
1968 1722
1006 1982
1445 1194
1511 1905
889 267
1153 1208
1725 438
212 1121
1679 1681
1165 1748
1659 1090
1561 1311
1219 1363
849 1318
361 47
1480 498
404 879
1136 911
1290 848
228 733
910 1273
1293 1272
590 1586
890 1257
1317 1832
1334 268
506 960
1050 1834
717 1038
653 470
1020 568
1020 1655
1662 248
1966 1686
1262 280
1983 93
281 1420
1262 610
470 1156
1757 722
1959 137
1035 789
520 1502
1362 957
103 1397
837 1292
1240 1136
1802 1401
1510 1341
1745 1067
629 1470
1373 607
801 1025
1964 366
945 1637
401 280
1841 1233
186 884
873 987
497 1303
1118 619
1221 780
658 1786
1143 1569
1930 706
1040 1818
741 516
1607 72
266 1024
479 1274
41 1209
1608 581
1977 538
771 855
1938 571
1050 12
550 1930
961 1999
1295 138
735 1928
240 1407
785 286
962 1099
1515 1347
1260 898
340 809
611 1763
1833 462
734 1691
703 1404
1384 1121
97 1533
1391 1435
932 1938
1232 1356
332 385
1200 510
1364 662
448 1852
270 1332
1483 287
1654 1675
1362 1704
981 15
697 254
508 573
814 1360
1730 1647
1919 332
507 105
1396 345
692 1065
86 1932
1409 252
1492 243
138 1159
565 659
1833 223
309 1476
252 946
845 1514
315 183
1523 1962
659 1711
1047 367
99 24
1851 1806
1591 551
1146 1215
1640 1730
409 1498
464 1898
959 1586
891 823
526 1909
1613 1045
1740 914
1959 445
413 692
1983 1804
1019 510
1308 297
1777 1351
1394 1615
1920 1122
1352 484
397 943
1971 1229
533 1199
1277 1552
829 1520
1629 1004
831 1342
1274 1358
1329 54
811 1554
241 1755
557 1417
874 643
1454 504
153 182
240 1986
920 1151
772 821
237 1841
590 1435
1604 331
1702 821
1455 1375
817 352
1212 884
1367 1754
431 404
42 1542
31 655
1502 358
647 274
314 467
1064 989
252 1510
607 405
1263 1489
134 1756
156 750
364 693
948 649
1368 1524
1392 1995
1954 1839
708 169
282 262
1784 1721
338 1961
1129 767
1902 1389
85 881
114 579
741 729
789 1480
795 1289
1863 441
1014 1673
759 205
712 1150
185 961
844 727
274 1782
1600 1047
1296 188
1736 1763
248 1826
1869 708
150 1487
1936 1069
345 710
1583 1616
951 1427
623 496
1011 633
574 208
814 1801
1065 1664
1711 36
987 240
955 1030
721 1820
15 592
336 1343
423 1996
554 32
327 1892
1806 1313
50 1392
1257 1062
383 554
1562 545
778 1848
1414 1227
204 1968
1094 893
1390 1131
1796 1429
1733 1009
1673 1679
354 343
1429 80
696 1312
1290 1563
1932 1593
1457 865
707 804
1624 1220
1747 1910
349 1227
1083 1930
942 1285
1495 1907
1449 363
1902 358
598 400
485 1578
1286 1504
1543 1057
708 485
1179 1328
314 950
760 1689
537 1321
379 292
1985 1520
275 1542
1939 1160
1407 1347
1174 573
630 1741
1647 1075
1700 1362
604 219
123 401
1619 851
396 292
312 150
1749 1167
1599 699
1707 985
768 1731
1631 1861
1585 1472
960 251
1801 282
411 1006
854 1790
1049 744
461 620
907 1098
1855 848
978 1687
674 1472
945 553
186 1816
1039 1604
1359 1618
490 1111
1551 255
1383 1223
882 627
1886 1111
1793 1549
971 727
1107 1712
1132 1342
320 1342
274 208
1708 1986
1518 952
523 422
561 1813
584 1339
645 1994
510 1472
14 1297
1627 1485
1487 1361
1473 1741
270 307
1912 283
670 1852
1609 1157
692 1228
737 485
1279 368
1643 1894
1615 1066
1702 1101
1162 74
1269 736
942 552
802 492
1322 1260
1247 531
1182 1194
408 1163
1907 1971
415 1591
1432 453
1974 1862
109 537
104 1958
422 660
1089 967
2000 901
889 545
371 1251
853 919
688 633
1907 1681
35 9
382 1606
1872 382
1962 1108
1812 336
352 397
1125 176
92 1547
330 1112
1645 1700
1737 1987
1622 1556
46 1683
464 1659
804 1107
1972 1795
1477 1691
1412 775
277 557
1125 1888
1424 944
1824 236
128 704
1051 48
356 1593
941 445
983 695
370 1701
1378 380
978 1326
51 1286
1030 787
786 49
810 1816
554 1776
1094 958
133 1643
1202 29
63 640
1744 419
1933 77
1902 1454
1658 1416
417 529
1925 508
1110 1114
205 538
15 1207
504 371
151 1581
83 1528
168 588
1170 1608
1094 1549
699 233
1338 846
413 1087
553 667
1559 1471
1152 593
347 230
335 1613
815 369
631 1084
623 1175
798 1882
1226 1294
22 292
181 1690
1104 1341
744 1624
381 116
248 379
705 926
790 738
959 429
1419 1247
365 1911
1066 71
840 50
18 1075
974 1159
169 1420
910 1350
979 361
200 115
1547 438
55 1232
45 1207
683 1378
1533 755
164 1143
665 1578
443 1418
1012 60
791 548
1765 513
923 1483
464 401
454 575
285 1593
1823 1162
1637 74
1371 1436
440 183
499 1488
550 758
491 1617
1597 883
1903 805
585 103
1568 1149
1188 778
318 1492
145 1366
1725 276
1497 1604
1627 484
675 221
1761 1116
1750 1568
1691 681
732 779
259 394
526 287
380 1267
1724 1492
134 1032
891 1271
1126 1905
715 1950
118 693
8 362
1150 1820
148 1679
1459 1622
1632 124
62 620
18 1545
138 1550
900 1887
478 1860
264 25
1781 354
1012 970
123 1525
1919 1703
1931 1463
1478 1512
252 348
1964 1996
550 1676
1599 1314
422 378
1050 914
76 1008
33 1673
763 1031
1662 1826
1903 1179
1560 85
1982 871
183 408
997 1125
1159 1481
1797 1322
730 1973
1649 576
1319 903
836 991
436 799
1917 1801
70 1828
749 764
443 318
536 232
111 1213
1329 1132
293 690
820 193
1716 788
1382 1284
340 418
1200 1199
95 674
1634 1915
468 1721
1004 1057
412 1203
663 1171
10 1698
1379 888
1204 234
1573 1678
114 976
1659 401
1232 1415
1124 432
1895 784
187 723
912 439
691 1099
1439 543
1058 1612
998 880
959 1804
3 944
383 1826
251 273
1325 612
754 1216
356 661
1128 1657
1315 1621
863 1342
1264 1363
975 1592
1215 906
1877 1738
785 644
107 1993
1254 696
98 1120
317 290
1283 801
987 1878
486 1289
1611 1655
20 1467
1626 122
281 1535
556 340
1703 518
859 522
723 1305
1117 1775
1991 1070
952 1587
1256 1886
97 755
1144 1638
439 1769
1580 955
1669 771
753 852
1052 1015
270 1337
1479 823
1838 410
1971 1040
1002 320
81 1313
304 1922
1367 520
1011 741
1795 263
1582 1613
530 284
1618 1027
71 390
357 735
305 546
1711 1904
695 467
1407 1445
1368 1880
1945 1565
503 421
1216 642
1264 1804
1892 215
363 372
1201 1705
1428 697
350 451
417 1957
1603 20
547 1566
351 1525
302 1802
358 247
1084 862
1264 702
456 1851
1200 473
295 1241
1928 1057
1732 62
532 732
316 1438
1957 19
1717 1213
1648 32
1087 833
1214 1467
1002 1496
1824 237
865 1097
1227 564
1982 355
331 1039
841 93
678 1517
398 599
1818 430
1253 602
352 740
1894 63
828 1096
1525 1886
1555 1007
1634 49
474 1968
733 1780
198 1522
676 933
267 1929
1425 877
1163 1023
743 1530
127 302
1927 379
1913 1135
1000 181
771 201
1920 1400
261 1628
1684 1652
67 278
1354 715
1498 686
1720 181
1760 384
266 797
820 770
1439 771
1974 298
1161 867
1593 4
159 1329
808 793
407 556
314 720
1747 454
639 735
10 791
1819 1962
716 1154
791 1347
1345 850
1574 724
65 1426
1449 103
43 765
777 1608
1005 1609
912 124
597 1660
629 1166
1873 1561
1043 837
1723 1046
1356 1846
923 741
167 1464
1979 842
470 142
781 1970
1364 17
20 955
266 325
1834 873
358 1006
1400 856
402 83
878 196
1705 1387
1036 37
1044 1933
1392 515
824 1787
535 40
264 158
1926 160
1841 305
54 1235
1339 181
1636 1964
895 1255
1372 1430
1814 375
1465 1568
1963 536
1786 552
1546 457
983 1840
399 1941
691 861
1194 1338
1003 1306
1159 451
1735 1160
1441 1122
1855 1365
301 1716
17 1427
1520 1420
846 27
457 565
1079 1158
1893 246
790 523
1348 722
350 1680
460 1175
719 311
1140 1072
1294 1753
1867 1356
1526 1351
844 865
859 919
471 1057
514 1176
1604 728
1410 234
768 1908
766 371
344 1800
1000 654
751 954
1109 1078
1230 385
1446 1033
719 748
647 1121
493 1048
1783 523
483 950
1600 1455
150 1724
390 842
1778 1125
743 1633
292 320
1668 786
1546 392
1131 1153
271 275
467 1586
1054 1434
792 395
7 815
1817 1056
638 1692
405 1777
1438 395
1987 1900
528 224
1664 622
1016 1165
1743 1990
548 687
259 136
1777 1526
288 1665
1011 688
1497 499
1597 992
1356 1273
1278 1579
608 442
1089 1402
266 212
1130 1335
731 450
1836 989
1473 127
763 1254
1773 517
44 1701
1018 915
152 1984
1135 1305
1348 803
1842 80
1145 597
958 1164
714 1234
683 1457
741 1380
815 1598
386 794
47 1732
1376 1499
293 1442
1885 669
637 888
351 1797
487 695
639 1113
5 995
530 1879
379 761
1187 565
219 1473
1796 755
140 1229
283 233
241 1876
101 319
367 1191
1750 1788
964 522
684 949
541 1811
433 719
819 216
1772 1501
1592 1103
1371 1874
330 1300
162 1028
1250 352
1944 2
1573 1302
1770 1984
541 1269
1440 1978
791 1438
848 275
500 1078
1319 1654
1551 1197
1355 1439
343 145
534 288
627 1697
755 1137
1750 1279
1548 368
850 308
203 1564
1371 690
1855 1031
1921 492
1535 1092
818 1733
1014 59
1889 261
408 1422
1494 671
1493 450
1835 56
549 1013
235 404
1320 1752
538 1951
114 327
652 1788
393 1593
1233 494
579 1762
1545 614
119 1079
605 1317
566 1359
1619 245
769 466
192 704
1912 285
297 386
611 1513
1465 1390
971 1341
895 165
471 1490
1700 378
577 1628
903 1656
374 1994
1213 1211
990 1226
1503 524
1626 1330
1674 1902
323 1165
1054 1205
1602 1520
1650 1249
411 488
845 1215
456 1454
258 1027
1768 624
1216 1748
1396 393
1674 1185
872 301
738 1958
969 1899
207 264
179 1303
89 322
1002 941
1596 1791
117 1550
1058 1100
551 1363
572 1605
829 592
189 1387
674 458
1807 692
618 1333
282 1693
691 913
203 1575
1471 1782
87 1813
58 510
668 1682
1851 1477
453 1524
577 1127
172 839
1650 882
1541 208
534 414
1453 244
462 1148
464 481
1714 730
1450 1896
344 1871
1289 1646
1523 150
941 1521
891 858
492 51
177 1163
407 152
1997 1267
114 739
1087 1976
1045 1770
707 271
450 147
763 757
482 1546
1534 562
152 409
687 1470
1195 1259
1432 1625
1557 788
484 1849
1082 406
770 1385
178 623
497 858
562 69
1605 168
683 1997
240 565
487 1086
572 1060
1904 871
749 1145
917 1317
370 163
1462 227
568 1180
1670 22
65 106
376 829
980 1539
1990 668
222 1367
1273 1621
1526 1382
1060 639
1612 1165
743 770
924 376
257 166
502 1154
1752 129
854 1065
1749 899
605 701
1370 1912
66 737
1953 506
1536 36
1909 1646
676 1805
1485 1240
889 1774
39 1791
409 979
569 1744
1742 1021
1787 501
916 83
1932 1241
1781 1726
1309 253
534 196
544 652
1653 1644
1299 1747
1708 1997
1565 727
1528 1586
1927 1826
259 1564
721 3
1939 592
1442 1975
131 339
1969 294
949 1901
17 1976
1260 888
1827 896
1340 676
423 594
1309 770
371 1280
1645 1138
199 1969
1930 1010
1897 1288
1073 1006
243 542
1237 112
925 60
104 869
324 1264
1182 1746
540 770
1827 1774
294 199
1507 1514
637 6
930 1189
1202 1277
682 803
371 665
1236 518
1795 783
794 1051
1231 720
1974 967
805 1752
1061 1684
1848 1545
1756 1557
1401 52
205 751
685 223
571 1269
1267 1242
890 188
1981 1217
1026 1958
580 921
1745 1678
1095 1180
1170 674
1259 79
911 1580
535 1965
1918 702
30 1311
1870 958
1174 44
1326 896
1697 1410
128 1698
922 878
561 343
848 1234
812 1816
141 1505
1775 792
1296 1351
1917 1545
1993 1655
420 1562
694 295
573 620
185 166
1658 486
136 1315
1625 1549
923 265
1085 154
956 1429
1773 788
94 689
1609 112
82 1293
671 1878
24 1784
928 979
2 229
1452 845
165 1742
44 37
928 1511
1935 1910
465 1887
1997 91
1651 1145
1073 1270
1450 754
1196 1118
146 888
398 171
411 235
1769 932
1551 1193
956 1020
1132 1049
1331 1390
106 707
1040 1446
1552 1750
1642 134
1889 1050
1685 289
1344 1742
51 456
402 1499
712 928
1521 400
716 458
1187 138
306 947
43 609
1173 802
1999 113
934 1401
1843 659
1067 889
313 184
1281 746
601 1237
1881 313
836 487
1605 944
239 864
1913 1009
155 236
1694 1542
1569 214
207 158
1870 1157
1580 101
1027 366
965 357
324 858
899 1123
723 1542
1385 105
887 1853
1388 185
1879 1179
18 651
250 428
1162 237
934 52
88 1052
516 1823
1726 654
681 456
1289 1374
1539 637
1564 66
170 81
170 1728
209 151
1613 1462
679 195
1772 593
62 316
928 886
1349 578
1633 1494
754 137
350 322
878 622
1428 1575
1689 832
411 1718
966 1741
1191 953
1166 796
1316 1622
1423 219
1332 833
335 214
759 1692
1448 187
1869 1989
354 902
944 1214
1996 939
60 468
22 566
1366 587
1447 343
441 1156
464 123
1557 548
1515 1276
1358 158
1081 816
355 1258
1913 1305
1762 1637
1212 827
435 542
1639 487
98 96
879 411
1003 1976
1659 1256
753 1906
1980 1942
732 1250
1563 1149
447 551
314 1586
1074 439
1827 447
443 1657
717 1943
390 4
613 1687
12 1103
886 675
946 204
610 799
1340 1295
1093 1775
1320 1953
1455 156
635 222
542 1268
1239 1353
1113 84
251 1344
846 1354
1257 475
772 432
631 488
76 1799
502 112
655 529
1451 448
35 69
480 954
1642 181
353 1417
803 958
1437 269
1748 754
125 107
1376 1931
558 1178
70 1954
559 847
1918 752
1226 98
1167 1544
323 1395
1627 506
531 1677
1731 1828
1987 645
851 688
1535 1442
1320 1713
1237 1560
1891 1221
406 743
1189 1946
837 590
1967 87
1200 24
998 1400
984 1972
234 421
540 1558
1475 1148
1501 1321
326 78
202 745
867 789
753 803
930 16
1247 729
1292 999
1596 640
534 1327
490 877
1891 880
678 253
903 1739
498 394
74 155
1706 1769
183 1788
395 1201
1709 247
1423 1875
1178 1348
887 271
193 187
1141 419
914 685
781 717
934 571
505 1815
1429 589
59 1655
1735 719
269 173
900 1890
560 1566
1220 1934
562 556
1533 1500
188 346
1081 413
1503 1712
110 471
1871 298
1981 534
1037 1748
540 202
810 937
180 843
711 1439
1538 1715
243 899
571 352
204 753
1000 1400
327 837
977 1512
1947 1642
869 1026
341 1307
1087 1364
28 165
1184 552
132 1719
1966 1908
860 1579
642 1037
701 971
1284 827
475 188
873 12
1738 913
12 1834
1411 1495
965 1346
1048 207
495 175
232 782
1744 1543
448 1766
833 1238
304 806
1757 1169
528 1478
1423 1329
522 273
779 1619
1103 1001
1877 830
358 1525
1260 105
18 1215
73 1088
955 601
600 306
1757 523
1426 1370
1754 835
110 301
2 1798
1192 1771
974 130
1197 268
452 370
1691 1233
1042 1074
1027 1185
1069 114
1661 1942
1614 107
1942 1430
892 1690
1788 1883
454 1571
322 725
1311 898
1277 1395
1672 1865
1837 1183
970 258
727 744
86 195
723 137
1425 1799
612 1767
772 1702
144 75
507 1680
744 159
85 1928
264 1967
1678 186
1083 1940
970 1373
224 1742
494 1123
406 219
326 1074
939 1517
1856 1792
985 1632
959 93
1451 1740
823 309
247 635
1985 1701
1594 1350
189 1507
1243 213
261 1625
1531 542
1070 1484
1261 875
850 666
903 1652
854 1503
1088 57
1832 1426
268 1333
909 1798
164 1568
327 826
1133 1140
1159 1816
967 74
204 348
540 1996
1238 813
1406 1652
901 446
1209 1621
1988 206
1116 1914
523 38
909 602
596 673
125 585
1288 1963
1890 586
1357 1432
1756 457
628 265
1516 806
735 712
674 510
599 854
496 1799
248 1468
387 638
424 1900
594 1209
217 797
1122 1964
806 1525
682 775
1767 1325
1481 86
1196 1035
1402 1505
1292 1782
769 1717
191 1806
681 527
1596 1288
1692 354
1208 1881
143 639
221 391
412 1818
835 1224
930 1503
997 176
1913 789
188 1430
1610 121
732 915
1034 260
1 1852
1665 1428
851 1011
286 315
426 756
1964 566
905 1051
880 1992
1914 678
735 588
502 1222
290 738
1288 1791
1149 1984
1844 1790
1315 249
1308 386
1965 40
1489 1835
234 1619
1534 939
383 1468
161 297
986 1444
1137 1781
1681 141
55 1713
1341 82
601 1222
1667 730
53 1429
1118 584
1967 1794
1848 1314
971 43
1940 499
459 982
788 1698
851 1664
973 1070
1254 1290
39 1800
562 1272
537 1501
1398 150
725 1605
954 11
1498 1157
1471 849
1998 497
161 1446
885 779
1695 1106
1942 518
567 1084
1862 1425
1456 433
888 322
1490 620
1105 1491
1828 1173
1537 686
1399 1485
491 201
900 78
1636 353
1645 1951
1832 1293
129 1230
386 622
441 1022
22 1359
588 872
1431 1843
146 768
1960 1656
1506 1512
1263 531
1870 304
393 1127
414 369
1396 1767
826 646
506 1928
551 1733
245 593
604 1692
29 1059
1435 513
650 1357
970 550
687 244
545 1931
1168 78
1582 214
529 1844
12 426
208 606
385 419
1228 1087
1408 989
274 1758
1285 982
1092 583
962 830
1749 455
1277 1466
145 1865
1560 412
253 884
797 308
1012 1721
1541 1064
1353 594
1914 1179
1710 64
621 1619
903 985
922 544
987 436
182 1786
1955 1125
1278 902
328 1980
1267 91
22 1711
1527 1389
261 1114
1694 1150
1822 751
198 415
252 842
1357 1430
599 1471
74 1291
157 1256
1697 336
1942 156
162 61
1148 1164
1353 1971
1766 1326
818 444
1506 1478
274 88
935 1675
949 826
1294 1316
525 1206
824 1
843 1016
1238 270
1778 1694
1092 1294
1339 784
1629 1151
127 993
65 609
1708 91
1977 886
339 732
508 1002
671 285
1609 1414
333 1020
1390 820
389 1
616 118
174 517
436 1838
1807 1668
981 45
1236 448
810 1663
699 1883
345 933
861 381
306 1211
1766 1862
1916 1590
1659 1499
1498 1537
769 1641
1238 880
585 644
1066 64
1778 712
429 1611
1836 730
320 1713
1927 383
922 1024
1246 740
1210 1032
126 922
482 1827
1192 1630
710 519
473 1835
1639 1211
82 1661
1589 180
1331 1465
1162 1416
1597 776
299 96
1956 1519
917 1301
361 1732
847 1839
776 1312
587 992
950 467
511 1988
963 123
1239 580
1831 1449
1468 949
1442 1924
1866 1164
400 625
1807 786
334 1684
1465 87
1892 599
197 1014
1762 1255
1841 787
381 1787
25 1203
862 1844
1854 893
269 236
959 1594
1279 1106
254 1044
419 6
1225 493
1421 1752
200 1580
770 455
1505 703
187 1054
902 699
1983 440
1180 1205
1747 1599
175 1974
416 410
1624 1905
1871 494
1463 799
37 192
100 1038
1944 69
1571 492
639 135
702 1219
1509 1080
693 1239
419 549
1657 1184
1345 1610
1517 1055
627 1776
1895 451
1300 983
660 1093
1967 904
424 1737
998 518
866 670
188 1998
283 1716
1379 1224
1819 1543
160 273
1302 1940
1005 891
1144 1141
760 684
713 345
1870 420
1122 1866
1661 239
156 718
1110 1801
143 1902
581 989
1703 1171
172 1763
233 811
1253 9
1268 1809
435 699
183 802
562 112
372 403
196 354
770 58
1827 551
474 1625
999 374
809 1321
1686 1417
561 1034
1493 1455
933 330
1995 1718
771 1366
988 1189
585 363
495 25
1787 1529
391 1232
132 1671
994 311
837 1701
1085 1125
1469 1723
462 321
12 1435
1148 495
1998 1430
486 1715
1161 461
266 15
1256 1333
538 998
1790 1290
1529 316
1634 443
1108 1532
1152 1259
1359 1670
49 474
88 230
615 1761
154 1866
56 1431
939 502
1701 1825
844 772
1970 916
34 1508
201 1390
469 705
230 1602
1544 1773
1059 1356
341 437
1223 1113
1066 606
1718 488
77 92
1805 1097
2000 1801
1849 1578
1152 1922
2000 1153
1132 326
745 1431
1410 1556
447 1332
490 337
348 1510
1229 1899
1181 1098
1526 1705
338 1356
813 307
1324 673
683 339
49 594
469 889
1753 1133
1475 1667
602 1926
1441 899
1029 533
1759 1993
521 1934
445 292
1845 305
629 884
1590 1006
461 1174
691 1063
1801 446
1701 880
1980 1265
1421 1443
255 195
427 277
1017 194
68 963
904 48
67 1438
1368 453
850 221
746 119
1955 936
1262 1559
1992 1787
1806 952
1460 180
1099 1594
1619 1618
1246 205
599 33
1628 1764
1158 1263
633 287
144 1033
1593 1440
1246 1822
813 270
563 1137
1706 828
1385 1566
511 950
1756 254
1960 747
497 498
626 329
1896 687
755 1600
1260 1899
769 292
1364 692
1584 156
108 1972
384 1814
326 11
287 1043
1569 765
476 355
943 361
812 170
1344 506
1317 676
1658 1867
542 800
366 1561
271 237
1896 1773
164 1582
1059 1278
1368 1432
1652 493
736 1160
36 1256
917 252
477 443
56 756
1446 672
666 217
13 1094
936 271
1217 1348
638 758
1086 1482
182 312
1528 1386
173 1220
166 525
913 1219
1578 1508
765 1565
390 1143
1746 611
102 1250
1312 282
326 1042
565 838
921 1234
1527 1422
606 231
793 1789
974 1069
250 394
1900 1403
1829 1085
729 437
6 377
59 487
1140 690
1137 174
1920 636
1382 1601
576 1325
1739 128
838 1941
1896 1803
1969 1833
645 1117
947 141
954 912
1336 494
1100 905
706 638
560 1961
1260 350
841 1934
342 1795
1872 1780
132 1660
1015 1250
690 1004
1588 751
664 319
409 723
383 24
1966 1130
1486 1304
840 1461
1831 523
157 1982
135 533
694 1514
1327 1296
1255 28
1553 1208
1623 1272
1025 1770
1252 715
231 1424
1172 1177
1166 1308
1867 256
672 430
1851 1387
907 1348
131 1587
567 564
1379 1322
1448 1913
237 208
1494 1699
68 81
1559 1782
666 1857
1986 1457
1943 916
1249 653
208 540
1816 1663
478 1699
120 1783
673 54
905 796
448 850
898 736
1242 1856
420 1135
208 231
583 1442
883 1865
794 244
157 476
1802 134
1939 1085
541 1298
544 1164
257 113
840 1458
1876 758
108 999
1275 1947
1720 604
278 608
733 1555
851 622
834 1392
70 146
72 1630
700 1168
592 299
388 917
129 1830
1046 433
798 227
1307 1120
1932 360
1443 822
149 755
439 11
1041 821
55 1320
1867 1229
927 932
676 785
1155 1438
1022 1608
1474 50
664 817
1734 993
553 1321
31 1463
1413 769
463 1470
1225 359
537 1203
407 235
242 1295
372 1877
395 1250
936 1125
26 1576
655 581
1179 1678
1262 726
1097 346
1704 1509
1731 559
621 171
1042 88
1301 1306
1880 1327
771 1770
65 1172
1709 695
192 1354
161 909
498 496
8 1091
669 1069
179 999
1300 916
1531 1693
305 1004
1659 75
465 707
1494 478
479 85
1803 15
454 372
1670 1107
1938 364
1897 1785
851 832
1779 673
1183 1821
656 1462
463 1425
1663 186
1099 1764
733 1610
1812 700
1464 1333
817 820
461 527
1449 1764
1541 55
1574 1387
477 1198
539 441
1709 1586
867 1967
1338 920
216 1920
1806 1134
1485 1355
862 529
1798 1661
615 1754
440 680
512 300
1466 1365
299 1648
202 1016
1088 656
527 310
964 175
1825 1538
898 1561
140 1260
570 1266
806 618
1029 675
754 1541
1168 351
1167 953
1751 1961
1953 960
1809 643
982 1496
423 1209
822 1710
1807 1720
1076 533
1527 968
532 1634
1779 1704
384 130
508 481
1045 449
1762 28
1640 1835
366 736
247 1150
143 1454
1546 605
498 789
639 1454
820 707
1716 110
146 1905
1404 579
336 1375
1866 355
926 1067
1310 409
1866 381
1908 557
420 736
1639 802
1055 465
1258 790
1696 786
577 931
1718 404
228 977
1658 574
872 1560
805 1843
1388 1529
1453 1185
584 1907
1646 133
1257 1295
442 272
991 1735
736 30
1336 578
800 643
237 802
1220 517
642 528
958 638
1416 55
1153 1321
1438 548
1033 840
1558 951
255 1715
1621 440
1817 1577
1057 1416
632 1583
1530 1385
1128 868
1118 1977
59 1978
1969 1145
631 250
670 1379
1298 927
1820 1835
1321 418
1065 596
157 1527
956 483
1612 1272
487 149
51 634
1553 767
892 293
767 72
441 1767
1891 816
1031 848
1146 1603
389 907
1728 1134
1404 785
1737 1765
1324 148
1139 1995
577 892
426 179
1814 1001
1940 1497
1046 991
1157 1381
1559 1570
489 174
1302 1497
1210 1246
213 845
776 587
1119 71
1944 9
1888 809
825 784
679 1193
334 917
166 113
444 918
1509 594
512 237
256 996
387 1035
1198 1118
544 261
1236 1193
1589 582
1492 1122
638 1010
3 725
431 411
1377 223
1959 547
1711 1636
729 633
978 625
515 1640
833 977
1676 241
672 1177
1572 2000
841 1948
279 225
1255 1291
1479 1005
1869 1595
843 996
219 1807
1712 895
929 1628
1534 1444
1684 178
1426 429
554 217
441 1337
238 1947
326 211
1077 784
1576 591
1084 269
1119 1309
1331 1899
953 209
1956 296
603 422
1555 502
48 986
259 349
1989 1669
1878 1335
1549 1898
474 406
658 1908
684 826
833 785
739 1840
1730 1261
571 1298
1445 442
925 1160
615 1402
1136 721
159 1558
410 553
181 1400
590 243
1097 1595
319 1766
1545 1773
868 1755
1519 242
1716 557
667 1335
1105 1842
1352 677
1137 1946
1140 1353
1687 1183
890 756
269 1482
7 697
30 44
1386 590
600 1213
249 1030
537 99
16 1028
797 1949
1680 1480
1087 1558
380 969
288 226
877 1931
661 389
822 1394
1402 1545
1986 1122
1858 1228
1305 1456
457 1256
410 1788
1528 882
1329 1875
580 430
888 377
1821 1942
1552 1156
666 1274
1714 1861
258 40
480 762
14 1259
407 1287
1815 1824
1341 466
143 1764
211 1164
304 283
458 222
120 1831
651 1538
1935 435
1001 1562
1757 1217
1064 583
441 714
515 1559
646 1669
926 469
1677 1707
535 1844
825 1339
1938 219
1605 1754
1910 1299
734 657
943 967
818 1913
1624 1887
90 1471
211 593
1185 1914
1600 455
483 244
1616 971
223 13
1622 97
1061 117
1706 1811
711 897
1528 1581
145 871
1587 51
871 647
118 1589
1064 606
1913 1733
1060 116
1370 1860
1477 681
1973 1667
253 386
876 1196
991 644
939 352
1284 1017
1531 1516
875 1465
1497 779
1495 1647
690 1838
80 125
542 1458
1719 449
1496 459
603 1464
1235 1682
1038 438
184 420
580 768
652 361
233 1699
924 135
1808 72
286 598
1635 1863
539 1465
475 1430
734 1607
723 1733
1944 909
1515 1155
334 836
1611 1324
52 1473
129 520
1580 1355
795 557
1179 1745
39 647
1639 1717
1845 654
1735 1569
1404 173
197 1629
264 694
1147 677
551 1876
1406 1675
923 223
51 890
1248 1140
528 217
92 1087
851 1226
1952 432
15 36
375 451
1585 471
1904 325
553 1501
630 1677
1376 511
1548 1762
699 1310
430 921
621 1107
58 1154
225 1867
1573 1488
409 903
1393 1843
703 1230
1717 1218
911 1829
1349 1495
1375 1812
1378 1986
624 1364
252 1755
1953 251
736 1311
1185 528
1734 302
1722 946
469 1774
413 1628
1941 1112
906 18
1012 1105
153 1075
219 987
981 36
1452 1386
1297 777
691 598
446 982
720 1586
1526 1965
357 572
52 1741
1440 38
1332 307
1823 1380
1453 1727
513 1127
1956 521
1471 123
4 295
1902 386
202 1391
200 911
1892 1260
1658 1204
1048 1843
841 1142
339 1518
810 199
342 1422
1202 1953
1511 1391
854 398
174 444
976 132
1280 1544
359 894
1732 1264
68 1233
514 998
500 636
1024 126
450 1029
650 1432
76 1808
275 1395
253 194
133 90
291 677
919 207
1541 1658
819 1746
898 1027
923 875
1198 1184
1216 1450
1539 565
709 1174
1334 1634
1784 1110
320 445
1994 1326
1634 1245
1754 168
658 108
1900 1117
53 740
505 155
1523 569
1960 697
1534 1287
1408 1247
1540 1371
396 663
1733 187
494 1632
1854 1422
868 1282
1949 1752
131 651
1794 561
1625 929
1147 546
687 1140
575 603
1161 1220
324 891
319 1156
21 1979
1672 1640
1932 558
1673 1305
1408 1120
1573 472
496 1360
685 481
1099 1181
903 1677
56 678
1324 12
231 989
353 1670
1504 876
1300 182
1187 1588
969 1452
597 926
436 513
331 739
563 706
1647 741
7 1598
865 1805
542 374
94 603
1616 1448
6 149
137 547
1617 631
1065 1507
1626 719
445 1413
264 746
1770 1581
908 862
1062 426
520 358
534 1735
1882 350
1618 1636
482 120
1893 240
834 938
1841 1975
1328 1218
1446 580
1112 713
1372 1464
1137 607
1907 1682
153 532
1637 28
1096 1769
1906 433
413 480
1894 215
1131 539
1231 752
1998 1946
1391 745
1777 92
224 1637
159 43
1823 971
582 118
304 1514
1508 632
588 721
215 1569
433 1433
300 1410
1286 1537
1985 1825
1447 1797
311 785
366 1373
609 1832
1381 1938
601 1975
344 1750
1048 659
941 42
940 1115
597 1964
863 1076
1081 1102
656 531
1224 631
625 136
918 1135
1403 645
1593 295
542 1133
173 1719
1787 116
333 428
1118 462
929 778
1281 119
1989 994
1903 1678
177 1369
426 79
264 1057
540 1119
1791 801
1023 780
8 238
218 1268
31 98
1177 160
285 1633
1729 1477
1474 782
1703 76
500 1513
1933 1180
1315 1509
1097 977
1675 1319
1222 1394
1544 981
1480 1601
1437 1480
880 657
201 1669
1563 1365
1549 1921
1937 429
33 1790
1539 1763
1781 1861
139 31
1822 1387
291 857
1674 1036
1599 1437
1982 1258
1701 1688
13 184
1571 867
972 885
1169 1405
1393 748
1417 427
1651 1458
1625 1685
1953 1627
1211 362
11 682
1538 1036
138 388
1307 1419
1406 497
599 1790
1643 1963
734 1102
625 682
1022 1635
525 1422
71 1996
1119 1748
879 235
499 1302
982 212
1953 906
1412 995
663 325
985 1161
1346 1031
33 171
1186 1726
811 523
1286 573
656 57
1723 260
676 1684
1609 1244
1943 1970
1645 1779
388 242
399 713
1004 943
544 126
131 182
1226 328
1589 843
1109 216
985 1174
731 1653
1336 1775
1823 1771
1304 303
1051 1788
1281 1489
947 1717
182 915
809 1223
114 1392
1683 990
495 158
1978 392
102 1146
739 1847
509 1049
1393 991
981 1622
64 231
605 403
583 1316
220 703
30 825
439 1632
1309 1256
1500 608
1521 680
588 1585
1583 1352
1570 90
745 319
157 1660
1847 1144
1043 949
1728 1911
1021 1762
561 1930
94 329
1163 450
1199 1342
229 50
677 649
1386 1791
1159 1814
992 421
688 1384
1272 1265
969 363
80 1334
1427 1107
942 459
1759 80
115 37
1137 517
308 1511
1752 331
1751 274
244 1456
1973 262
1484 605
726 990
1610 1791
386 911
1496 942
728 880
95 458
979 436
233 1118
630 784
1409 329
553 109
289 892
1152 245
968 296
856 1947
1345 1511
1318 1506
173 1657
55 628
1788 416
595 842
1190 1679
516 1771
1468 1328
1037 71
445 1925
188 497
1012 1784
997 1528
252 1722
231 574
1251 972
1730 875
1760 1895
190 435
551 1805
19 795
1641 1648
56 664
1481 1715
722 1405
1587 1018
804 972
1821 1661
321 1969
773 912
1432 154
1240 979
1431 805
1166 1270
1127 661
1512 1192
784 66
1677 1967
598 453
1410 653
417 1985
702 1078
1138 1779
199 1377
927 1607
1743 1772
1724 1441
1766 1236
1444 1499
893 1164
766 504
1649 210
1153 543
1004 1827
1982 476
922 434
990 1612
425 593
615 1116
112 518
1717 1176
1235 1371
1374 1323
1357 1524
1586 414
1375 1463
254 276
1269 318
275 1778
423 1403
591 135
1689 1892
256 1460
892 931
236 1
597 628
1850 1213
1452 694
61 1037
1740 1270
331 75
1992 861
60 1114
1382 472
1848 1864
646 491
234 1650
619 1459
1643 570
947 111
1205 681
1902 1175
1774 539
1360 1572
1139 834
1376 1094
1100 332
1690 1000
1318 528
1117 424
841 968
1334 463
1299 808
289 1678
844 1810
1548 1986
227 1769
624 1166
1700 1138
915 490
1548 1552
551 690
1506 1996
73 1882
594 855
741 1771
1130 1671
905 161
487 1459
870 1640
667 1415
956 589
246 1063
696 481
402 48
740 1486
1197 363
428 860
1427 1087
1880 1526
975 954
1044 100
1433 1735
1179 1218
455 26
869 775
1541 1905
1203 672
1418 1184
1517 523
1254 848
610 982
1971 284
1198 158
1252 1739
413 1427
31 799
373 1641
1516 618
1105 719
403 1397
692 461
1244 1775
949 837
816 806
602 1622
700 144
1908 428
139 210
1459 599
1176 1891
220 1455
1688 1985
831 945
884 1412
1966 428
1027 339
1905 1531
1554 1494
1893 669
988 1137
481 1647
455 511
546 910
728 1737
365 1832
955 1398
1044 1725
217 641
644 719
1923 447
1281 488
536 1346
994 1123
1888 1823
559 70
1053 1
721 115
312 25
1067 469
317 169
942 281
455 711
948 1885
1475 303
1924 1420
162 547
1883 1864
397 141
863 1586
1957 1289
248 761
1793 1557
328 1272
904 1794
1172 1953
581 923
503 1984
1094 1931
1486 1475
1739 1878
1275 856
103 1684
1782 615
272 67
555 1271
1667 1714
1687 346
1153 849
380 91
976 61
3 1424
1916 1752
856 181
1620 800
433 1557
1795 820
1764 1181
41 1245
909 532
1780 1113
482 660
1987 424
142 1863
1789 645
1190 249
841 296
1492 513
752 1734
1171 1384
59 732
1089 1965
777 265
575 585
1532 434
1723 1034
1603 651
1830 84
886 1664
1903 1328
1361 434
68 1841
1193 268
1589 1793
1343 1375
20 1597
569 1361
838 519
1283 23
864 1569
1236 1729
439 1155
513 1117
1160 1046
1879 1820
944 1224
1209 49
1147 76
1618 1503
659 359
373 1857
1100 864
1821 1100
623 1990
1058 1671
1200 1959
1648 373
1188 1314
790 942
1407 604
1053 1289
34 440
1345 299
465 586
928 805
219 1561
740 1271
1199 945
255 1958
482 613
1109 1445
1770 83
1806 352
1476 1384
210 96
1707 310
630 1473
1638 1894
326 1308
1056 1215
1417 1128
1406 807
1231 1219
1574 456
474 1309
238 1400
1214 1672
390 1544
1728 739
388 838
1821 568
449 1025
1756 1951
1950 626
122 991
641 666
893 392
1795 828
632 665
1080 1711
1248 656
1653 450
1569 957
1195 701
515 938
897 1129
1328 98
1680 1082
114 1145
423 1315
1911 1806
975 1103
1181 1063
1964 1359
629 905
1926 1829
92 1876
1475 742
912 1515
1202 1291
1978 1831
96 617
1588 636
1043 1901
397 1312
1369 1123
1777 27
658 1518
1673 1065
3 1605
1519 117
1839 279
342 1221
1733 338
368 1695
812 1522
1956 329
1705 846
731 1356
466 941
1223 1780
524 1029
1431 308
1390 42
438 1525
1246 1977
312 774
558 1098
834 797
1396 360
1177 1548
1923 1469
1745 1218
34 1616
596 940
279 768
42 1465
679 255
1740 1729
1613 592
1617 1004
1806 1728
137 1796
232 1582
617 631
1225 659
594 1621
438 758
374 800
718 592
43 1405
994 773
1593 1676
879 1769
586 900
713 1409
23 209
1129 212
1182 500
823 324
795 529
126 1982
967 535
157 67
1041 1124
445 633
1899 1447
148 1235
824 786 22 1537 1687 294 1884 1457 786 1183 1448 1563 1302 765 462 312 1680 190 175 13 1772 703 12 678 618 737 1694 252 107 1312 188 136 378 1186 786 462 957 1489 955 391 502 174 1429 957 462 41 981 17 502 41 1114 1725 1496 1357 204 743 192 196 1374 1344 312 981 390 312 1429 1326 1202 756 786 16 229 25 192 252 800 978 1851 126 1561 1772 1021 1429 12 462 257 1032 1050 836 192 164 1367 1851 1833 1560 196 188 847 188 678 1851 93 190 1388 1687 599 151 1772 164 221 257 1457 756 1408 276 93 824 1781 189 381 1489 231 1519 800 1448 1772 398 1725 1674 462 1022 977 276 164 1704 737 839 125 1781 188 294 391 72 671 126 13 16 240 1357 847 1206 12 457 977 1255 257 533 929 618 1634 164 777 312 1397 369 252 1408 1560 22 956 1021 378 1713 276 903 618 119 1334 1781 1406 189 1445 977 1007 1302 1408 873 487 1406 1308 1442 1021 1674 151 873 1032 394 1374 1021 820 93 457 584 1326 1605 1704 151 618 204 12 188 1255 875 1308 369 361 1740 136 366 1603 6 584 136 820 252 16 192 192 231 41 737 204 41 1275 116 332 257 204 1445 379 1603 1328 1781 1191 678 1255 1810 136 380 777 457 164 1605 873 1851 1032 189 1408 1312 839 1191 1200 237 151 618 46 875 46 1032 332 247 119 1202 164 836 119 1851 497 1202 16 41 240 237 1275 180 1275 1007 46 1884 1200 956 978 922 1200 820 1537 1815 777 955 533 116 257 1725 1833 1255 843 1457 247 584 1430 957 1448 1206 1302 744 1007 981 956 595 93 922 820 192 107 1430 875 836 361 41 1560 1126 1042 379 1815 1781 369 158 955 332 977 221 54 1334 213 955 1126 1394 737 1605 839 192 294 743 703 394 929 1537 41 136 765 1537 981 1457 1388 180 1429 1312 573 171 1884 1397 280 1388 136 366 1022 737 294 1116 380 1367 824 7 380 1022 6 777 1508 1781 1591 573 213 1489 1537 457 1248 922 391 378 1126 1007 800 17 1388 332 903 599 531 1334 457 981 332 97 1680 1884 1021 981 175 221 294 1302 116 1560 502 1131 1255 1406 497 497 1833 97 332 8 1519 1206 1442 981 54 1851 1448 1007 72 1202 595 487 922 623 1134 812 12 658 1022 1397 1435 1388 573 1200 1704 196 287 1048 957 820 1772 800 751 922 744 1344 6 72 257 1508 678 599 1406 929 595 1275 618 1448 812 1489 678 1186 956 457 847 332 903 955 457 1114 765 1448 618 978 1406 1508 429 1740 1 756 116 280 257 164 599 922 1634 196 744 116 1131 1109 319 244 903 379 1126 136 1815 618 1489 658 1334 46 957 25 175 180 381 977 678 1884 391 41 221 1704 174 229 370 366 504 398 1302 843 125 1183 294 1328 1134 287 221 136 1496 531 497 1591 16 332 1050 531 1328 332 1704 703 332 1815 1206 390 370 41 957 204 1388 7 1200 1248 276 97 46 189 240 1025 1388 751 13 257 1496 671 737 533 1255 502 1772 1357 276 1007 378 1457 756 786 1560 1603 1561 204 903 1202 1429 188 1740 744 1489 1048 164 189 188 800 1025 957 423 394 1048 777 839 1560 116 276 777 1725 457 1186 394 1114 136 1740 294 1328 671 390 136 229 366 1519 1131 457 875 1344 1397 1435 190 981 116 843 46 192 1109 977 765 1560 1537 1680 875 743 1186 136 213 1357 1810 812 1275 97 1357 196 584 1781 978 743 1032 1007 1200 1687 1367 361 812 774 678 394 1560 1134 1061 1680 180 1308 744 151 1884 497 1442 126 1561 1508 6 1674 6 1328 151 956 957 1126 504 119 1126 72 1674 196 1047 533 1519 744 93 1591 487 1200 22 41 1394 1042 54 237 658 977 231 1109 257 1312 956 956 1042 1496 244 1833 599 1634 584 381 1426 1519 276 533 1704 1508 1687 229 847 1406 9 1328 1328 361 380 1448 9 276 1429 280 504 16 922 599 457 8 1448 1206 1687 13 46 1442 423 1334 1047 41 151 1326 1448 502 756 1183 1508 929 1183 1248 1397 777 175 777 136 192 188 366 12 1114 1687 423 584 800 1426 1397 221 873 1275 1021 247 623 1884 1109 743 487 1740 151 8 312 1430 824 1326 361 873 370 737 1061 678 394 247 319 22 1781 361 1126 1713 126 1815 1772 189 1394 1308 1694 16 9 703 584 394 1687 618 378 457 1445 978 1430 618 497 824 175 678 379 1394 812 1508 1328 1687 24 875 257 1563 366 24 1025 955 394 332 1109 257 116 13 873 423 584 125 294 6 1406 1430 1200 1302 765 252 839 504 1312 1191 751 623 394 1426 1050 777 190 1591 175 786 843 93 1448 1061 812 977 1047 1781 487 618 1374 97 398 46 737 1344 6 370 584 1200 312 1200 370 1126 1725 1426 119 873 319 743 1725 922 287 391 22 678 1605 1457 1397 361 744 1680 977 573 1448 756 1496 369 1302 1833 164 1408 1061 756 618 41 1725 391 1815 1367 1312 1429 423 1561 1022 1563 276 247 839 981 1713 462 287 1042 151 957 17 1603 903 46 41 1519 13 1725 1448 1687 189 119 1109 164 1445 1563 922 1810 1134 1430 462 231 978 487 1328 394 1344 294 1374 190 107 873 977 180 1815 252 72 1334 398 12 1687 1312 312 658 756 9 1704 126 1191 1508 957 229 1851 1042 97 8 836 361 1851 12 1519 573 765 1634 1563 777 190 824 1200 751 116 257 213 107 824 1781 1406 1061 204 1357 312 6 1634 1810 1561 1048 180 462 836 6 678 1042 1740 381 502 1109 599 1328 332 533 164 1680 192 391 800 1457 240 1560 1302 1815 370 1394 1591 1061 379 8 1109 1563 1429 1772 171 423 1206 1740 1344 955 1126 231 1344 1725 164 1131 1025 229 54 875 1191 1448 8 119 237 1537 595 504 213 174 1634 366 1021 487 93 903 1116 319 180 126 1815 369 126 276 190 978 1255 457 119 1374 1255 504 196 1183 72 774 381 1022 1519 957 204 1334 1255 107 777 573 126 1591 46 875 164 1114 957 1048 1109 164 1591 705 1815 1061 1740 457 595 671 843 1704 1442 903 777 573 25 1032 1740 1561 1025 1032 595 678 678 1248 107 97 16 1200 1334 955 504 502 1704 1457 873 1457 13 190 229 1591 705 1508 751 1334 756 231 22 765 41 839 1680 294 6 1508 213 756 72 1357 812 756 247 180 93 1537 1713 1308 774 502 1704 54 180 116 190 423 1674 786 9 252 800 1406 929 1561 294 24 41 381 1508 41 390 1367 366 370 462 1496 41 502 618 1445 671 107 107 171 280 381 1328 12 873 287 1025 531 390 175 9 252 164 1429 240 1781 1694 765 370 1442 1042 1810 429 1406 1833 487 1810 54 777 599 457 1312 151 1021 1442 502 240 1781 25 1426 204 221 294 175 1357 744 839 1694 705 1634 1519 174 247 800 1772 213 1248 72 1374 1326 1781 1429 678 158 164 584 41 1183 1591 1248 1061 1694 1186 180 1674 93 16 1435 618 703 623 1206 1116 1508 1680 9 13 136 1435 1334 1275 1134 1560 1312 175 158 1302 820 1367 294 244 774 1508 231 875 599 390 1200 824 774 174 584 319 1519 312 107 1537 1388 1206 93 1445 1725 391 1131 276 1591 1426 1603 54 1560 116 1248 1687 922 839 213 204 497 595 54 240 462 1334 1634 22 955 1429 1680 1884 1496 1406 584 1435 1519 1200 671 1134 1508 1183 504 1489 1191 240 312 17 1740 97 294 487 1388 229 812 1308 678 671 658 1519 1367 276 847 189 126 192 188 1560 174 107 13 380 1191 1772 164 196 1725 41 1833 1430 1200 25 1430 1508 1032 332 46 1561 93 1833 1206 429 381 257 1772 1191 658 1275 1248 287 429 774 17 1202 221 136 658 1025 391 25 1308 1186 502 1605 584 25 1740 1308 1183 800 743 977 1781 737 1007 1021 1206 1435 800 1694 774 12 824 599 237 1206 847 531 240 462 774 957 1713 504 204 119 1206 573 1048 1489 1851 171 1114 1781 1032 171 504 1275 231 847 1183 1680 164 257 1312 1302 9 1326 1394 125 671 457 369 164 1508 623 429 1200 1326 737 116 1186 107 93 12 369 1186 533 257 744 977 1704 189 462 1134 1563 1537 1061 1394 390 13 1884 1442 573 1508 737 190 1042 22 7 1109 46 774 231 1374 41 369 1772 312 1186 457 703 423 136 502 847 41 751 1200 1519 164 1200 1374 25 903 1448 1275 502 72 703 252 126 1457 24 136 1445 390 658 1116 46 6 136 7 116 276 1426 658 1426 1374 1426 595 16 800 276 379 380 873 394 1884 13 237 1603 457 703 213 13 1357 671 1426 1328 381 705 1357 599 1357 1357 41 1781 1200 497 457 957 361 1445 1200 1328 237 119 171 502 116 1183 1275 1116 957 8 379 1116 1694 370 957 1367 744 312 703 252 204 237 1032 497 1457 332 276 1603 1344 1605 1191 1191 1851 843 678 1021 812 24 16 981 487 1725 1519 1713 1131 1061 1674 812 1725 252 1048 1206 705 1740 1442 229 573 171 836 462 366 22 1328 1704 1591 836 1772 1022 164 252 1713 1061 1131 812 744 777 370 12 244 1048 1048 6 1248 116 1694 119 1116 231 903 164 1489 1344 7 977 824 981 1397 378 390 1713 1183 1050 151 847 294 786 978 955 623 1725 678 1833 1394 1021 1603 25 366 1394 370 158 1050 1022 257 873 116 97 1206 180 379 1704 244 257 957 380 1134 16 533 462 1489 1429 820 1563 180 46 457 981 16 1042 756 1772 765 175 843 16 1042 1442 1186 1457 1200 812 125 1302 9 1713 136 1680 1202 1275 903 955 72 1442 13 1255 16 1374 1394 1302 955 7 703 1134 1634 1328 1061 1674 180 1694 1302 192 1442 678 1397 800 751 244 1200 751 1109 361 1810 390 1022 678 7 1114 294 1131 361 671 705 875 237 1687 1357 497 46 1442 1021 1275 487 671 502 462 623 1508 379 1740 1114 1255 1191 240 922 533 380 257 46 1328 1302 1537 1851 1815 1442 1810 1833 370 533 429 1126 379 1047 786 1394 903 1445 1815 136 1674 1704 8 164 16 119 1815 175 1687 125 1426 332 1206 390 703 391 497 1050 1605 820 1047 180 151 237 955 756 1680 1704 1489 1772 41 1591 929 1833 457 957 1367 1131 151 1394 1048 1561 824 1772 1131 319 229 1367 1406 1408 623
