2000 2000
457 1457
1379 1546
1800 788
1070 1278
1978 1735
1969 1291
1252 838
273 614
290 1429
1877 1773
482 538
850 359
141 435
1816 664
465 1284
1227 374
885 1871
1129 1744
1888 1740
479 359
1096 1278
472 713
137 1675
761 667
409 1741
1900 963
1753 250
131 1204
1589 1882
1296 82
1096 1803
1349 425
1061 4
1282 1115
435 1195
284 492
1538 755
614 793
596 702
202 1812
1943 801
1293 267
910 22
1056 959
1795 1919
1244 1172
1347 1900
421 1860
226 996
255 1060
828 78
1232 925
1304 264
164 1607
1110 295
400 1875
1993 146
1524 550
382 474
1407 1552
1553 1547
1237 11
1518 1398
619 1564
1543 787
674 803
1478 440
1756 1481
729 1262
1880 1961
1421 1833
130 1437
705 1972
121 1408
1757 1054
1724 1488
919 1431
551 622
403 1883
1229 1166
1286 1442
912 1082
458 147
467 1826
1643 1406
252 1334
1465 1000
130 1240
1166 217
1430 1407
343 811
1604 1941
1653 1080
936 428
810 1830
1082 822
553 125
1273 191
835 23
974 140
747 185
1621 1980
218 1389
752 1665
381 1644
658 845
948 414
1813 876
860 1956
1208 1247
814 1693
1371 1258
220 1945
1720 734
1976 1931
55 49
599 1998
365 1089
1614 1494
1659 1210
387 1639
1916 1071
1030 1528
1554 112
1694 315
702 372
584 113
531 395
1143 144
111 1176
41 1661
735 1402
1932 1979
868 873
653 909
1482 1678
703 1233
172 1774
1957 450
1902 1872
1418 773
1888 139
200 239
1449 1980
1458 1480
733 1853
1826 848
1932 289
1864 1149
84 1542
1156 490
1071 787
15 1097
671 1988
771 1198
28 1200
1188 894
537 97
955 463
321 192
1833 1386
637 238
1523 451
318 546
957 786
1229 1319
1781 383
1831 1581
694 707
1042 1403
561 123
1109 1018
1249 1793
278 1756
1279 936
1585 1349
112 1294
417 1270
588 880
76 1637
99 396
1777 611
180 507
701 183
72 431
1819 509
366 1995
1139 746
197 98
408 1419
1000 1664
1086 1660
16 1505
1168 477
535 1047
1267 645
1770 618
609 1067
1852 1921
770 8
1577 1454
21 1268
470 1438
50 548
95 517
1491 720
1841 209
1972 423
1265 926
223 1728
1560 1415
1445 1999
128 461
203 1263
1068 75
1548 923
411 1831
1465 1626
1677 959
727 436
369 376
976 90
888 1242
724 1879
1369 1072
1168 227
1088 799
186 3
829 1223
1069 1084
307 1030
1796 1971
355 1207
6 1284
1238 989
1549 671
217 158
1872 642
660 563
1111 201
1752 1518
714 1971
1144 1714
1001 1778
784 1342
1531 1889
552 615
1736 1409
993 270
1735 583
1218 1067
1997 1251
1639 713
895 676
160 1025
1540 316
1954 378
398 1918
1352 1221
377 358
1212 1776
344 965
972 555
256 861
1655 754
92 421
1313 1337
807 819
684 678
349 393
886 1184
1586 872
1513 261
571 1221
686 656
524 52
58 356
1624 1023
1652 1513
1305 93
1636 927
442 1340
1516 14
602 502
237 98
1937 1838
648 608
1657 683
1490 1345
1332 327
1850 208
997 1801
1052 843
232 331
960 1074
1398 581
496 1909
1354 759
1192 735
925 1551
1450 1340
559 5
1651 1051
323 1476
101 668
159 1595
1127 383
874 1191
792 1222
365 1161
436 1013
65 1934
711 1609
1263 1562
887 1897
290 168
193 928
346 1938
915 1446
1679 1308
907 1798
1165 1788
547 345
219 574
1330 1216
1703 255
136 1297
1939 25
340 1624
591 549
66 704
1894 44
1804 1599
1535 1820
786 293
844 1419
423 1014
1534 276
1033 1527
512 515
499 1007
1230 142
1597 1674
550 165
1598 880
391 143
438 1866
1154 1157
1784 1526
1248 549
471 1762
1295 1865
482 1450
1901 1579
24 87
1583 1338
449 1905
864 1685
906 446
1479 1130
941 1363
634 1886
1575 1225
1471 1842
807 115
104 150
459 1005
572 871
1041 170
1708 1590
515 1258
415 1195
622 542
1786 1379
240 152
513 411
242 1983
1182 1262
86 1020
1021 1809
1267 311
1792 1914
67 1389
662 850
1077 1350
586 1393
1135 1645
830 355
1489 1666
40 833
384 1682
24 724
262 1821
143 1114
812 1961
842 1497
1509 379
68 1507
1837 1870
1112 1248
1629 1654
982 282
1009 186
265 1224
971 954
827 783
1161 694
678 660
1315 293
1232 1542
833 1119
451 1925
669 907
1780 1106
1904 1674
1159 1011
611 1464
1644 1521
468 1825
188 744
299 271
1634 1318
1754 1462
179 1133
630 1012
507 823
208 484
144 1394
145 211
1853 1185
460 750
580 1959
35 1799
165 729
904 196
1977 1530
1504 103
736 1929
775 573
1134 1700
352 1970
685 761
590 1659
1985 831
409 1285
568 1600
628 267
1487 750
601 33
1290 1762
219 607
7 1107
1704 1855
319 1495
308 1773
262 1075
1766 75
1444 938
291 1421
1466 1350
863 1850
1063 360
294 452
1922 86
1915 53
644 1077
1768 138
1187 723
740 491
1163 602
720 258
834 503
1283 1537
401 1414
780 1873
1158 774
1002 1078
231 1895
1236 699
1269 428
746 920
462 1017
1090 1760
1411 213
732 1837
1155 1
638 1273
1042 1551
514 1182
1097 91
1152 661
1114 96
1672 54
532 1451
469 1112
93 1213
204 887
1944 1192
934 536
1259 245
915 932
444 1760
418 1257
1647 1973
624 1117
1884 1455
211 315
1546 304
1420 1290
1125 1289
851 755
453 387
503 882
62 303
1703 1710
350 1401
61 625
1153 1594
441 668
843 328
175 1514
1019 1987
447 1778
1920 706
1216 1917
263 133
1322 1886
1010 385
943 762
1415 1138
1145 1391
1033 681
1914 1999
1832 371
1169 356
1696 285
246 1087
512 884
973 1429
1052 1233
1977 551
1302 537
1635 815
852 543
1488 1618
1523 1635
1947 210
1573 977
238 1239
1127 337
1930 871
1572 562
1460 1503
309 528
455 963
1684 1434
1607 1362
1091 1732
836 261
793 263
1845 1611
1775 541
741 448
1616 474
1023 2
1633 168
349 717
689 1325
43 1962
1669 1727
376 1202
379 1791
9 60
294 902
709 554
1535 964
1766 679
1916 1819
22 195
1794 452
1123 1011
651 63
1395 929
897 1779
1287 1243
546 1949
851 329
1236 1981
557 1044
1861 695
578 389
1964 1089
1435 1171
765 1051
690 1627
789 362
292 1803
913 1590
6 1745
440 1178
179 1867
591 715
1272 420
1260 1620
1797 1132
882 1032
623 205
1715 1214
1010 1836
1905 1451
1749 1255
10 818
1565 501
605 1565
1807 1241
51 1746
1021 122
1126 1250
55 224
1181 772
375 279
1582 1038
1331 747
559 977
1694 891
1080 808
281 23
177 73
692 1246
1157 863
570 1987
64 1095
1815 1288
1619 285
1410 289
1731 1996
264 1037
1701 1906
1567 236
1610 1050
1059 1726
1827 1148
585 754
1147 1032
1468 1463
1118 589
1835 777
431 1092
1439 1141
1832 604
326 1399
541 911
1371 8
639 1555
783 138
1931 797
870 826
957 1729
1881 1375
154 808
1279 1799
1923 1764
1217 361
920 1902
1029 1632
1276 558
642 1911
1219 1356
1775 1099
1653 344
991 568
798 1967
493 640
953 226
485 531
1189 1483
1151 1650
950 1099
932 856
620 1447
181 1160
947 405
1745 608
163 1968
1928 1506
1103 905
1574 1668
760 504
1215 893
607 1065
462 1616
1498 734
818 1271
277 1128
1944 1327
1759 946
306 898
258 1660
282 198
1126 222
1007 1454
1404 841
846 1957
710 116
363 1079
817 1573
1334 784
1344 448
1105 1250
1541 1943
914 764
890 1804
1683 1939
1712 36
26 155
829 1493
491 985
1994 1825
488 685
79 691
2 652
1253 721
59 1339
1177 1198
764 1638
300 1073
1326 1533
79 1623
77 330
900 13
570 378
342 1357
806 230
1688 1405
426 433
1482 412
840 1544
1561 123
604 1637
1547 1359
1204 1103
1759 1510
259 71
109 1357
70 1333
693 1529
597 156
1201 1496
311 1994
606 1690
187 313
575 1400
838 332
1593 310
1936 412
1391 1323
1516 739
1436 952
429 1049
1100 1536
465 1692
1055 1646
1661 565
1268 241
157 151
1877 717
641 1640
1531 326
233 885
1965 102
1458 852
253 970
497 343
32 579
1220 1024
1615 705
74 1270
1142 1844
458 522
916 952
1463 105
269 1018
456 1702
1286 301
40 159
268 1947
1203 393
1155 971
832 283
1205 1373
1695 1453
1462 305
1189 1926
406 88
1003 675
1609 1796
520 164
1768 930
1203 464
334 1885
252 1662
81 407
1040 862
1709 1585
975 69
33 1587
1209 1870
1719 1394
1894 1650
505 1136
1723 1317
707 1658
1376 643
224 1414
277 1240
332 718
1387 680
857 288
813 72
811 372
778 1325
1772 1983
1026 1101
1878 1782
739 329
809 1569
545 1940
1769 1468
1437 99
878 1061
166 43
969 1036
821 21
987 766
743 354
1217 1954
1780 1367
1053 1984
1395 242
1417 518
1749 1376
413 1558
1692 229
573 190
1697 302
80 508
542 1618
1038 366
1322 1223
697 3
1599 354
1612 1472
420 1691
1008 1714
1526 1416
1810 1755
1783 941
1539 883
858 853
1508 1487
410 594
1646 1405
1245 726
874 1353
215 1423
1125 89
78 131
1984 1924
603 1686
1054 997
1146 1015
492 1789
894 1793
940 708
1881 1809
1895 63
322 117
1369 453
234 1510
640 1993
1317 1782
865 1991
926 1062
1862 386
370 1148
1738 1930
609 1903
1319 1500
1316 1753
1006 268
1455 125
1912 246
12 1197
947 430
1306 1445
432 248
439 266
901 1292
30 1897
1953 697
1234 1820
1989 403
1818 1490
1164 1563
1742 300
603 1102
1453 1849
577 9
358 66
151 90
1448 1978
683 868
687 1729
927 534
498 631
1596 1603
306 847
35 1861
39 1882
418 122
658 307
933 1859
1672 1959
1560 582
50 214
1556 184
1973 1652
987 1571
937 1750
866 1597
124 1109
1151 1169
148 1413
616 1505
558 950
106 1771
869 918
1456 945
241 586
335 1472
363 299
846 249
1631 1783
1567 429
120 401
178 1509
1718 1512
1734 1613
1461 1746
197 728
1568 5
617 1968
1697 1383
1485 1318
1671 666
170 1411
1767 899
538 216
1333 1259
1043 430
994 338
1264 1162
485 274
136 1876
1700 1852
1312 501
1548 1912
132 1578
118 475
176 782
297 1550
488 89
1725 1199
357 1481
486 404
31 637
180 1475
333 1663
1102 446
1057 489
1918 317
599 149
672 777
340 254
385 1996
1486 272
394 1841
1677 1078
56 1942
97 785
988 100
892 1511
146 88
1212 553
1448 968
30 364
1196 1758
794 1765
1025 718
1301 247
924 81
270 1962
1875 636
1836 1605
1811 269
496 1167
949 727
1721 257
339 1311
548 1281
703 804
1666 1721
1634 473
690 1958
1241 305
903 314
800 160
1817 479
1254 1024
1764 1587
1444 1963
184 1611
454 1608
1665 757
1477 1582
475 48
1307 1683
121 1090
1311 910
360 1219
2000 275
29 1459
222 1489
1428 1225
701 1946
216 1017
1857 150
1761 244
1514 919
1785 1992
52 85
1128 1874
1737 1876
1504 1305
1899 213
427 1167
595 892
511 1314
924 1142
1834 1467
1689 183
145 1321
1806 522
788 1337
265 1851
1377 48
487 1123
621 1515
185 1563
1265 1839
156 1332
1341 774
1818 108
1891 629
796 654
495 1108
1211 1382
654 1300
621 1519
1384 1726
1480 167
1572 1026
82 1085
506 782
1856 502
1238 402
194 1034
1031 1029
76 1612
753 1828
1964 1545
1087 1341
480 1474
1165 182
691 1979
432 161
407 1521
1606 1822
1120 1060
1137 1643
745 1022
861 857
1492 353
1517 1529
470 923
644 235
1351 1555
1878 257
891 1732
1506 480
819 795
742 567
2000 129
895 368
1045 1991
32 140
564 1245
1821 766
1179 1561
1493 1955
1008 236
1713 433
1315 1183
1324 1648
944 1330
1557 460
116 582
1502 1019
1866 942
1770 580
286 1039
57 346
596 1765
397 419
422 1685
341 1667
922 1045
743 1365
557 1970
1094 1564
1093 1856
364 822
1992 816
317 463
1193 940
1893 900
1763 623
1722 762
989 933
692 1960
928 1404
1603 207
1199 1304
53 1705
990 67
348 34
1496 909
719 320
752 291
1364 1670
1194 83
1057 1147
1272 162
687 1627
1261 1396
898 1231
1602 706
1492 669
665 964
643 1070
921 1845
877 1003
1681 1427
56 1140
896 1574
1083 790
1066 406
154 1257
1631 1656
80 18
1380 1767
1396 1098
1570 190
1739 751
737 1885
1648 12
942 844
1335 1536
1857 1712
775 961
347 424
243 865
303 1636
369 1500
473 540
1211 297
1365 1953
673 674
248 1068
990 110
798 693
912 986
1308 377
1085 1786
70 1173
526 20
1231 1122
42 313
1012 1527
1743 712
1327 119
719 1722
1614 397
1985 94
1373 437
1175 681
1098 655
319 821
1540 680
594 1170
1261 981
1651 1055
659 779
753 554
530 711
539 1921
853 790
1731 1976
1264 689
1863 1266
1477 10
688 1494
413 499
1196 1588
1743 1869
60 489
995 1461
1390 1577
1843 494
1459 1945
1271 434
1441 19
962 1600
1658 1675
1777 400
367 102
1348 998
816 1440
415 36
664 526
221 633
1512 210
1205 1460
1300 1130
624 744
206 1569
425 800
651 1136
696 520
44 579
1913 203
114 629
225 1950
1013 1951
192 350
384 545
96 1784
1185 564
1751 768
1589 287
791 361
587 1152
1654 228
1361 467
338 1064
1280 592
635 600
235 484
327 287
1545 628
1187 259
1679 1817
1707 1403
1338 135
1359 986
118 756
1543 1201
396 1483
1425 992
1889 730
1998 1294
1352 914
510 966
985 955
227 1381
1256 619
1328 47
1385 153
1200 540
497 1544
583 1372
1910 817
198 1960
1209 1420
1355 1559
109 587
1739 1150
1247 147
1084 304
1285 51
199 1874
1663 468
831 221
1901 967
1664 1676
375 427
1214 555
613 1863
166 1890
1310 229
916 1046
745 1434
1276 471
386 1508
318 699
1896 1948
438 77
516 1124
1601 1606
1667 1740
858 1081
1358 1269
314 312
884 1698
856 653
45 1798
334 1751
1730 613
1710 1088
776 1313
1378 1776
1711 1519
1001 1140
245 142
767 193
1230 1630
1788 873
1795 1306
626 1925
1499 260
1183 966
167 1806
276 1034
1717 478
630 535
1640 1382
127 779
1281 1153
1907 862
41 636
1035 903
1936 46
934 483
1680 523
1321 1066
18 1470
7 49
441 836
414 889
1854 662
1578 162
31 547
617 648
296 758
1559 610
765 449
74 1502
1790 757
710 1558
188 1360
1883 1862
804 514
631 1039
715 860
1422 698
54 1194
126 1331
1702 1469
999 758
1975 1310
521 647
388 419
1935 1081
1534 1361
1036 1909
1345 1356
1016 1601
195 1418
1074 700
1053 601
815 1956
725 1594
1986 388
504 1802
566 1312
770 663
1816 1974
1724 133
597 1566
1868 1347
1412 1254
1794 1688
1730 124
161 1827
505 115
194 1425
1805 979
1399 129
830 726
348 1228
325 1605
500 1844
1388 1309
698 686
1193 1920
455 342
106 127
1426 1175
1413 1316
677 380
134 589
108 1719
1119 1737
984 69
572 1363
1935 1854
649 337
1787 1952
163 948
1377 576
1116 961
1176 1122
1424 1649
1813 991
1299 722
1926 189
288 1843
1064 673
1178 935
1237 521
902 1919
1723 899
1951 1840
655 1613
1417 292
469 1346
1101 1717
1137 1027
1143 25
826 1320
1676 1752
1828 1617
1838 437
1906 1138
119 524
1642 598
251 27
1329 837
598 1591
351 1747
152 495
158 1104
1859 1235
1769 486
1381 1329
1811 1727
913 181
309 476
1093 625
371 207
854 767
399 566
886 773
1456 1696
205 1785
781 1227
1368 1623
1277 509
1422 716
684 667
791 814
1004 249
456 1452
565 251
1584 1141
1538 1734
110 1720
590 1655
1680 1824
339 974
992 864
1747 841
921 1390
632 478
854 1910
59 759
1129 1868
539 1848
951 792
1591 595
1668 1498
528 481
1144 1628
574 1576
812 908
442 447
1020 1733
426 906
1095 1374
1715 1718
571 38
1443 506
1744 1896
1501 134
1235 1851
202 157
445 897
175 1156
1511 169
280 994
1801 1449
610 196
1927 1522
1941 1812
1346 1687
1436 1303
1037 237
1507 556
978 1409
1698 1343
279 459
825 1412
709 91
652 646
71 1982
1615 768
1392 638
1479 879
1937 1275
839 64
1549 1177
872 1116
1586 1246
1190 1829
1069 20
911 973
1781 1384
1432 855
232 1602
1251 794
508 543
1105 1705
1860 328
1842 1913
1758 1790
931 1191
173 1684
672 189
1309 1701
1706 1584
1789 1215
712 1446
1190 390
1846 1823
1442 1670
254 212
999 137
1839 849
859 763
1892 1364
228 68
114 1063
875 1890
1423 178
665 1689
1478 569
1822 410
169 1072
1408 1642
65 1342
530 1982
1711 946
1948 1291
1094 373
855 107
828 1709
422 975
567 1592
1388 253
1218 380
1716 100
1865 813
1908 1397
1124 778
513 368
1132 751
1927 801
1226 1757
930 206
890 1691
1293 1903
1320 1056
1050 780
1162 1410
209 939
1402 560
398 1277
1656 1202
1725 325
1393 756
298 1515
1525 1673
392 523
1335 954
967 457
1139 1475
1028 1387
445 1343
149 1579
1761 301
417 949
1047 483
749 938
1774 1557
466 1288
593 416
1580 1887
1958 1669
1353 917
634 408
1355 1967
771 322
675 1940
225 439
960 976
1208 272
1392 1430
722 1028
834 569
576 239
1686 1426
1027 1880
1397 234
1292 1528
1447 1849
1009 1100
1907 769
1708 1847
1427 1946
1869 1135
1571 416
945 298
518 612
983 1213
316 656
1048 635
725 1707
993 1791
171 1541
14 677
748 1736
94 1366
215 58
1374 1113
1040 1678
155 1898
1867 905
796 875
256 525
592 1174
1620 1598
1704 443
1595 536
1554 657
1846 28
1298 1386
627 1158
1942 1583
1997 1834
1596 1814
1380 107
247 1299
1120 1473
995 980
1092 881
395 641
877 461
978 1179
126 1625
1575 357
1110 1083
1266 1076
1497 688
1495 901
700 351
1823 1952
533 1131
584 835
1915 1107
61 969
1004 1476
324 785
117 1695
1222 1256
896 840
839 958
1351 1058
1298 1383
1662 529
1073 646
682 1934
443 1581
527 581
647 1075
15 1113
1006 1805
1848 260
772 1814
824 1641
85 347
1058 578
295 1059
1283 1933
714 1928
233 1808
988 1370
1716 1117
1401 1464
1499 593
498 1242
1681 1965
321 730
1354 1570
1539 632
1800 1044
943 1772
742 1181
324 284
1086 1792
1022 404
1884 627
273 1733
173 908
1625 1893
1106 87
1163 1076
271 1206
92 466
95 968
842 1002
1858 1366
769 805
527 1184
1898 1687
394 187
4 1622
585 1924
1699 1275
1164 1755
1133 1274
182 1619
1234 286
1748 1
296 1887
956 1336
733 1629
561 679
1372 345
1016 1787
560 1911
1121 283
1633 820
1617 1682
956 666
1370 1297
876 1899
1592 399
103 1467
1552 1255
825 1159
1626 917
1847 806
120 708
1738 605
1385 552
1224 1287
616 1154
1840 1641
274 1891
633 618
878 1348
1470 1172
370 1630
1750 516
1486 953
47 1802
11 335
39 657
1440 881
776 83
1328 663
984 795
84 809
979 312
45 1622
650 1858
649 1015
1046 606
1810 174
845 1108
867 1975
600 46
716 1473
1892 525
931 487
748 972
214 1963
1441 323
402 740
704 879
302 1950
556 250
1864 789
139 153
37 362
1835 1367
132 1324
563 1955
266 918
532 824
736 1115
1435 1188
1728 682
544 1485
472 1645
1180 1049
231 965
1988 1323
1524 1336
1149 73
1360 1173
781 696
1307 577
1981 105
1580 645
1748 1923
1855 1824
1471 1949
1296 1986
1131 464
220 1610
612 939
1657 230
1938 1647
1588 1797
278 511
1210 1608
353 639
615 1134
493 177
1537 810
1416 1974
1917 837
336 1763
510 802
1556 1145
1326 199
1031 1706
201 849
1532 1174
1253 1532
1530 494
382 1522
17 490
1062 1186
1693 1289
1593 1742
17 367
533 588
381 738
827 392
310 275
101 1576
935 476
1206 308
1969 1400
1562 732
240 1452
38 870
1533 373
1550 534
26 866
27 1908
19 1713
1406 760
1314 1568
670 477
1873 1484
620 859
113 218
1503 1207
128 1362
111 481
374 728
444 883
1249 244
1111 391
500 847
944 1170
1303 450
1690 1239
1431 731
661 517
29 1989
1879 1150
1048 1525
970 1673
1457 37
805 982
141 741
1260 951
1104 1443
1160 57
1295 1432
1829 1171
1433 626
1474 1065
1566 832
1904 336
1252 389
929 434
889 281
1005 1671
1779 1433
1469 904
676 1197
1282 1439
1091 333
721 1966
1491 1375
341 1220
200 1180
922 352
1990 1808
212 223
1699 937
1244 330
763 1517
544 519
650 820
62 405
996 1344
176 749
575 980
848 1280
797 1871
1274 1933
998 1043
1830 104
958 1922
1186 803
174 823
171 962
695 867
1378 1807
204 802
562 1632
1929 1041
1501 1484
731 519
191 1520
331 424
148 1966
1035 390
1424 1368
659 1079
454 135
1621 888
16 172
1228 1226
869 981
1301 280
1649 1553
34 13
1638 738
1146 42
893 1358
243 529
983 799
1428 1438
723 1121
1302 737
1995 1604
1754 1339
1990 1243
1628 1520
1815 1771
1741 1118
320 670
1466 1014
2000 2000 2000 2000 2000 2000 2000 2000 2000 2000 2000 2000 2000 2000 2000 2000 2000 2000 2000 2000 2000 2000 2000 2000 2000 2000 2000 2000 2000 2000 2000 2000 2000 2000 2000 2000 2000 2000 2000 2000 2000 2000 2000 2000 2000 2000 2000 2000 2000 2000 2000 2000 2000 2000 2000 2000 2000 2000 2000 2000 2000 2000 2000 2000 2000 2000 2000 2000 2000 2000 2000 2000 2000 2000 2000 2000 2000 2000 2000 2000 2000 2000 2000 2000 2000 2000 2000 2000 2000 2000 2000 2000 2000 2000 2000 2000 2000 2000 2000 2000 2000 2000 2000 2000 2000 2000 2000 2000 2000 2000 2000 2000 2000 2000 2000 2000 2000 2000 2000 2000 2000 2000 2000 2000 2000 2000 2000 2000 2000 2000 2000 2000 2000 2000 2000 2000 2000 2000 2000 2000 2000 2000 2000 2000 2000 2000 2000 2000 2000 2000 2000 2000 2000 2000 2000 2000 2000 2000 2000 2000 2000 2000 2000 2000 2000 2000 2000 2000 2000 2000 2000 2000 2000 2000 2000 2000 2000 2000 2000 2000 2000 2000 2000 2000 2000 2000 2000 2000 2000 2000 2000 2000 2000 2000 2000 2000 2000 2000 2000 2000 2000 2000 2000 2000 2000 2000 2000 2000 2000 2000 2000 2000 2000 2000 2000 2000 2000 2000 2000 2000 2000 2000 2000 2000 2000 2000 2000 2000 2000 2000 2000 2000 2000 2000 2000 2000 2000 2000 2000 2000 2000 2000 2000 2000 2000 2000 2000 2000 2000 2000 2000 2000 2000 2000 2000 2000 2000 2000 2000 2000 2000 2000 2000 2000 2000 2000 2000 2000 2000 2000 2000 2000 2000 2000 2000 2000 2000 2000 2000 2000 2000 2000 2000 2000 2000 2000 2000 2000 2000 2000 2000 2000 2000 2000 2000 2000 2000 2000 2000 2000 2000 2000 2000 2000 2000 2000 2000 2000 2000 2000 2000 2000 2000 2000 2000 2000 2000 2000 2000 2000 2000 2000 2000 2000 2000 2000 2000 2000 2000 2000 2000 2000 2000 2000 2000 2000 2000 2000 2000 2000 2000 2000 2000 2000 2000 2000 2000 2000 2000 2000 2000 2000 2000 2000 2000 2000 2000 2000 2000 2000 2000 2000 2000 2000 2000 2000 2000 2000 2000 2000 2000 2000 2000 2000 2000 2000 2000 2000 2000 2000 2000 2000 2000 2000 2000 2000 2000 2000 2000 2000 2000 2000 2000 2000 2000 2000 2000 2000 2000 2000 2000 2000 2000 2000 2000 2000 2000 2000 2000 2000 2000 2000 2000 2000 2000 2000 2000 2000 2000 2000 2000 2000 2000 2000 2000 2000 2000 2000 2000 2000 2000 2000 2000 2000 2000 2000 2000 2000 2000 2000 2000 2000 2000 2000 2000 2000 2000 2000 2000 2000 2000 2000 2000 2000 2000 2000 2000 2000 2000 2000 2000 2000 2000 2000 2000 2000 2000 2000 2000 2000 2000 2000 2000 2000 2000 2000 2000 2000 2000 2000 2000 2000 2000 2000 2000 2000 2000 2000 2000 2000 2000 2000 2000 2000 2000 2000 2000 2000 2000 2000 2000 2000 2000 2000 2000 2000 2000 2000 2000 2000 2000 2000 2000 2000 2000 2000 2000 2000 2000 2000 2000 2000 2000 2000 2000 2000 2000 2000 2000 2000 2000 2000 2000 2000 2000 2000 2000 2000 2000 2000 2000 2000 2000 2000 2000 2000 2000 2000 2000 2000 2000 2000 2000 2000 2000 2000 2000 2000 2000 2000 2000 2000 2000 2000 2000 2000 2000 2000 2000 2000 2000 2000 2000 2000 2000 2000 2000 2000 2000 2000 2000 2000 2000 2000 2000 2000 2000 2000 2000 2000 2000 2000 2000 2000 2000 2000 2000 2000 2000 2000 2000 2000 2000 2000 2000 2000 2000 2000 2000 2000 2000 2000 2000 2000 2000 2000 2000 2000 2000 2000 2000 2000 2000 2000 2000 2000 2000 2000 2000 2000 2000 2000 2000 2000 2000 2000 2000 2000 2000 2000 2000 2000 2000 2000 2000 2000 2000 2000 2000 2000 2000 2000 2000 2000 2000 2000 2000 2000 2000 2000 2000 2000 2000 2000 2000 2000 2000 2000 2000 2000 2000 2000 2000 2000 2000 2000 2000 2000 2000 2000 2000 2000 2000 2000 2000 2000 2000 2000 2000 2000 2000 2000 2000 2000 2000 2000 2000 2000 2000 2000 2000 2000 2000 2000 2000 2000 2000 2000 2000 2000 2000 2000 2000 2000 2000 2000 2000 2000 2000 2000 2000 2000 2000 2000 2000 2000 2000 2000 2000 2000 2000 2000 2000 2000 2000 2000 2000 2000 2000 2000 2000 2000 2000 2000 2000 2000 2000 2000 2000 2000 2000 2000 2000 2000 2000 2000 2000 2000 2000 2000 2000 2000 2000 2000 2000 2000 2000 2000 2000 2000 2000 2000 2000 2000 2000 2000 2000 2000 2000 2000 2000 2000 2000 2000 2000 2000 2000 2000 2000 2000 2000 2000 2000 2000 2000 2000 2000 2000 2000 2000 2000 2000 2000 2000 2000 2000 2000 2000 2000 2000 2000 2000 2000 2000 2000 2000 2000 2000 2000 2000 2000 2000 2000 2000 2000 2000 2000 2000 2000 2000 2000 2000 2000 2000 2000 2000 2000 2000 2000 2000 2000 2000 2000 2000 2000 2000 2000 2000 2000 2000 2000 2000 2000 2000 2000 2000 2000 2000 2000 2000 2000 2000 2000 2000 2000 2000 2000 2000 2000 2000 2000 2000 2000 2000 2000 2000 2000 2000 2000 2000 2000 2000 2000 2000 2000 2000 2000 2000 2000 2000 2000 2000 2000 2000 2000 2000 2000 2000 2000 2000 2000 2000 2000 2000 2000 2000 2000 2000 2000 2000 2000 2000 2000 2000 2000 2000 2000 2000 2000 2000 2000 2000 2000 2000 2000 2000 2000 2000 2000 2000 2000 2000 2000 2000 2000 2000 2000 2000 2000 2000 2000 2000 2000 2000 2000 2000 2000 2000 2000 2000 2000 2000 2000 2000 2000 2000 2000 2000 2000 2000 2000 2000 2000 2000 2000 2000 2000 2000 2000 2000 2000 2000 2000 2000 2000 2000 2000 2000 2000 2000 2000 2000 2000 2000 2000 2000 2000 2000 2000 2000 2000 2000 2000 2000 2000 2000 2000 2000 2000 2000 2000 2000 2000 2000 2000 2000 2000 2000 2000 2000 2000 2000 2000 2000 2000 2000 2000 2000 2000 2000 2000 2000 2000 2000 2000 2000 2000 2000 2000 2000 2000 2000 2000 2000 2000 2000 2000 2000 2000 2000 2000 2000 2000 2000 2000 2000 2000 2000 2000 2000 2000 2000 2000 2000 2000 2000 2000 2000 2000 2000 2000 2000 2000 2000 2000 2000 2000 2000 2000 2000 2000 2000 2000 2000 2000 2000 2000 2000 2000 2000 2000 2000 2000 2000 2000 2000 2000 2000 2000 2000 2000 2000 2000 2000 2000 2000 2000 2000 2000 2000 2000 2000 2000 2000 2000 2000 2000 2000 2000 2000 2000 2000 2000 2000 2000 2000 2000 2000 2000 2000 2000 2000 2000 2000 2000 2000 2000 2000 2000 2000 2000 2000 2000 2000 2000 2000 2000 2000 2000 2000 2000 2000 2000 2000 2000 2000 2000 2000 2000 2000 2000 2000 2000 2000 2000 2000 2000 2000 2000 2000 2000 2000 2000 2000 2000 2000 2000 2000 2000 2000 2000 2000 2000 2000 2000 2000 2000 2000 2000 2000 2000 2000 2000 2000 2000 2000 2000 2000 2000 2000 2000 2000 2000 2000 2000 2000 2000 2000 2000 2000 2000 2000 2000 2000 2000 2000 2000 2000 2000 2000 2000 2000 2000 2000 2000 2000 2000 2000 2000 2000 2000 2000 2000 2000 2000 2000 2000 2000 2000 2000 2000 2000 2000 2000 2000 2000 2000 2000 2000 2000 2000 2000 2000 2000 2000 2000 2000 2000 2000 2000 2000 2000 2000 2000 2000 2000 2000 2000 2000 2000 2000 2000 2000 2000 2000 2000 2000 2000 2000 2000 2000 2000 2000 2000 2000 2000 2000 2000 2000 2000 2000 2000 2000 2000 2000 2000 2000 2000 2000 2000 2000 2000 2000 2000 2000 2000 2000 2000 2000 2000 2000 2000 2000 2000 2000 2000 2000 2000 2000 2000 2000 2000 2000 2000 2000 2000 2000 2000 2000 2000 2000 2000 2000 2000 2000 2000 2000 2000 2000 2000 2000 2000 2000 2000 2000 2000 2000 2000 2000 2000 2000 2000 2000 2000 2000 2000 2000 2000 2000 2000 2000 2000 2000 2000 2000 2000 2000 2000 2000 2000 2000 2000 2000 2000 2000 2000 2000 2000 2000 2000 2000 2000 2000 2000 2000 2000 2000 2000 2000 2000 2000 2000 2000 2000 2000 2000 2000 2000 2000 2000 2000 2000 2000 2000 2000 2000 2000 2000 2000 2000 2000 2000 2000 2000 2000 2000 2000 2000 2000 2000 2000 2000 2000 2000 2000 2000 2000 2000 2000 2000 2000 2000 2000 2000 2000 2000 2000 2000 2000 2000 2000 2000 2000 2000 2000 2000 2000 2000 2000 2000 2000 2000 2000 2000 2000 2000 2000 2000 2000 2000 2000 2000 2000 2000 2000 2000 2000 2000 2000 2000 2000 2000 2000 2000 2000 2000 2000 2000 2000 2000 2000 2000 2000 2000 2000 2000 2000 2000 2000 2000 2000 2000 2000 2000 2000 2000 2000 2000 2000 2000 2000 2000 2000 2000 2000 2000 2000 2000 2000 2000 2000 2000 2000 2000 2000 2000 2000 2000 2000 2000 2000 2000 2000 2000 2000 2000 2000 2000 2000 2000 2000 2000 2000 2000 2000 2000 2000 2000 2000 2000 2000 2000 2000 2000 2000 2000 2000 2000 2000 2000 2000 2000 2000 2000 2000 2000 2000 2000 2000 2000 2000 2000 2000 2000 2000 2000 2000 2000 2000 2000 2000 2000 2000 2000 2000 2000 2000 2000 2000 2000 2000 2000 2000 2000 2000 2000 2000 2000 2000 2000 2000 2000 2000 2000 2000 2000 2000 2000 2000 2000 2000 2000 2000 2000 2000 2000 2000 2000 2000 2000 2000 2000 2000 2000 2000 2000 2000 2000 2000 2000 2000 2000 2000 2000 2000 2000 2000 2000 2000 2000 2000 2000 2000 2000 2000 2000 2000 2000 2000 2000 2000 2000 2000 2000 2000 2000 2000 2000 2000 2000 2000 2000 2000 2000 2000 2000 2000 2000 2000 2000 2000 2000 2000 2000 2000 2000 2000 2000 2000 2000 2000 2000 2000 2000 2000 2000 2000 2000 2000 2000 2000 2000 2000 2000 2000 2000 2000 2000 2000 2000 2000 2000 2000 2000 2000 2000 2000 2000 2000 2000 2000 2000 2000 2000 2000 2000 2000 2000 2000 2000 2000 2000 2000 2000 2000 2000 2000 2000 2000 2000 2000 2000 2000 2000 2000 2000 2000 2000 2000 2000 2000 2000 2000 2000 2000 2000 2000 2000 2000 2000 2000 2000 2000 2000 2000 2000 2000 2000 2000 2000 2000 2000 2000 2000 2000 2000 2000 2000 2000 2000 2000 2000 2000 2000 2000 2000 2000 2000 2000 2000 2000 2000 2000 2000 2000 2000 2000 2000 2000 2000 2000 2000 2000 2000 2000 2000 2000 2000 2000 2000 2000 2000 2000 2000 2000 2000 2000 2000 2000 2000 2000 2000 2000 2000 2000 2000 2000 2000 2000 2000 2000 2000 2000 2000 2000 2000 2000 2000 2000 2000 2000 2000 2000 2000 2000 2000 2000 2000 2000 2000 2000 2000 2000 2000 2000 2000 2000 2000 2000 2000 2000 2000 2000 2000 2000 2000 2000 2000 2000 2000 2000 2000 2000 2000 2000 2000 2000 2000 2000 2000 2000 2000 2000 2000 2000 2000 2000 2000 2000 2000 2000 2000 2000 2000 2000 2000 2000 2000 2000 2000 2000 2000 2000 2000 2000 2000 2000 2000 2000 2000 2000 2000 2000 2000 2000 2000 2000 2000 2000 2000 2000 2000 2000 2000 2000 2000 2000 2000 2000 2000 2000 2000 2000 2000 2000 2000 2000 2000 2000 2000 2000 2000 2000 2000 2000 2000 2000 2000 2000 2000 2000 2000 2000 2000 2000 2000 2000 2000 2000 2000 2000 2000 2000 2000 2000 2000 2000 2000 2000 2000 2000 2000 2000 2000 2000 2000 2000 2000 2000 2000 2000 2000 2000 2000 2000 2000 2000 2000 2000 2000 2000 2000 2000 2000 2000 2000 2000 2000 2000 2000 2000 2000 2000 2000 2000 2000 2000 2000 2000 2000 2000 2000 2000 2000 2000 2000 2000 2000 2000 2000 2000 2000 2000 2000 2000 2000 2000 2000 2000 2000
