2000 4000
18 1727
1811 1778
911 890
1392 1479
1486 397
338 499
1478 715
1084 1060
236 667
69 1664
47 926
362 1023
1801 1960
1217 1014
248 867
889 706
758 374
12 623
1233 818
150 1188
293 747
1009 116
1012 1392
373 1173
802 89
312 122
163 1927
484 1345
992 1205
1637 1239
1229 386
1847 1004
567 914
794 247
405 794
1905 152
1761 1954
323 1783
1989 1500
271 1353
360 519
278 213
299 840
561 1524
1671 1555
1777 1351
471 1453
2 1418
1260 1791
1658 1792
1192 1321
1909 797
1825 1602
317 63
1306 1115
1023 668
1714 430
1789 1748
1950 511
73 1438
253 780
1857 857
155 481
682 445
774 106
103 1988
1874 92
946 1148
249 1816
265 1015
910 267
1845 301
20 179
1033 876
1815 531
1699 968
1929 519
767 1623
654 796
1455 784
1365 1725
189 1884
278 1086
1485 1512
1067 148
801 1482
204 596
340 679
1722 244
1363 197
1678 252
1282 1476
1093 1088
1322 279
1578 572
1838 446
249 1363
825 1018
1029 803
1447 910
512 1629
922 649
1764 753
1273 434
1490 1914
1283 403
854 1947
1452 790
1931 1206
1224 1161
34 1169
1635 586
1441 720
832 1798
393 83
1054 905
569 238
473 644
1217 1679
1689 521
639 714
1996 707
1855 1970
434 504
1077 1166
1628 1792
495 885
507 1799
1316 545
1449 1705
116 624
461 1003
1856 1911
1954 464
1795 140
1262 1976
1846 438
601 529
1023 765
867 707
1089 298
1356 148
1693 1287
292 141
1122 1284
1067 1051
1043 1295
1624 976
528 69
743 731
1067 1020
1894 1831
334 618
903 1577
188 302
950 471
886 220
1834 1871
60 461
1497 1637
221 562
608 1936
1545 870
911 607
1983 1825
1069 273
705 1018
1133 1745
1701 10
1550 1359
1193 558
997 74
488 1917
1938 1838
855 1610
943 1056
1849 763
1033 1650
798 1124
1463 574
1989 1205
1930 1674
1775 146
760 775
676 825
1217 1040
1832 741
21 272
671 369
1012 1180
1772 1554
1057 1420
358 260
677 794
771 370
1411 527
1129 1985
1147 1357
1212 1813
794 8
1928 507
1480 1439
1718 1003
580 728
166 176
252 1848
47 1357
102 1928
654 172
415 1851
1713 1424
837 326
96 1250
1257 921
325 1435
1607 1576
606 1628
925 1711
1536 1281
409 1348
1591 1506
865 700
446 1916
1485 509
869 729
1223 96
1542 9
119 1895
1751 1135
1346 1659
606 1112
742 687
447 598
1513 1213
195 337
1215 1178
1792 281
1783 1373
144 1753
323 428
1204 1501
1758 197
1321 99
1934 1413
215 1011
210 282
875 1599
1777 1445
618 194
903 1736
513 1884
1134 1006
1767 1559
6 1942
646 734
521 663
1492 1133
1848 233
1063 1352
1802 1276
1019 1044
349 1756
994 617
1468 61
1272 932
1598 1750
1352 188
780 142
807 4
1474 163
1851 807
558 673
1606 862
1214 663
1064 1985
552 1792
434 1183
316 845
612 1282
118 700
356 602
414 40
1781 1389
1109 1875
990 578
1198 193
640 726
408 1249
519 1760
927 1791
456 1635
748 849
1998 1176
1675 1505
1848 1315
1667 601
280 1616
1225 821
497 253
1175 1829
856 1077
370 1061
574 1756
1400 977
1697 1477
831 517
1482 469
1323 526
1119 310
1191 1447
412 30
506 578
711 999
1105 1393
385 1238
1608 1873
659 1243
1391 409
510 739
1788 1378
1166 449
1419 1291
164 1199
361 615
72 1648
1859 104
1411 336
1647 111
1807 1649
246 1686
711 875
1405 966
256 673
254 1766
1829 254
238 951
1481 364
759 850
1147 854
1430 564
1919 1264
440 1563
839 1813
1124 343
1394 1681
1199 1235
282 661
921 563
1727 1339
1496 613
1579 828
597 1446
1102 1378
324 1884
15 611
960 3
1832 1157
704 163
1056 327
1748 148
728 782
1528 1143
1449 1748
1333 79
119 398
1448 920
580 401
256 1413
442 350
1690 312
41 211
1828 760
445 276
1849 1687
220 1779
514 810
1709 1649
1270 459
150 933
317 1587
1988 808
1626 1543
984 452
209 298
443 1394
1497 1002
137 154
880 1258
1203 195
1918 752
1041 1824
18 1802
516 584
328 919
858 1673
906 864
954 1078
871 1114
232 923
229 1668
1145 672
528 497
1063 1675
1592 98
491 203
1708 1006
810 698
826 190
177 1045
1562 1389
1023 1720
1493 1502
1994 111
1335 166
452 190
1880 1375
1312 205
1588 815
9 1098
1697 63
377 529
257 1101
1667 1539
940 1748
1723 841
955 1723
1668 811
1350 675
284 498
551 1505
421 1223
541 247
1775 93
137 873
295 1354
319 974
1236 930
762 978
732 1745
900 1612
410 9
812 816
278 5
1778 1150
922 1588
958 200
1863 431
931 1655
1076 1139
1568 1861
1606 1688
1367 1774
943 1733
449 1444
785 657
699 88
1274 1933
567 811
460 842
554 20
1923 1961
968 1383
1704 83
1186 58
1029 155
1499 637
362 155
1292 590
1336 1889
736 1039
331 194
1294 586
669 76
1300 1466
1728 1691
1802 203
1209 206
1125 546
1942 406
1823 586
1763 1511
147 946
875 363
186 1495
593 1175
1806 352
1530 849
494 65
1640 703
980 1335
1544 616
1567 64
750 1281
1260 743
1094 446
556 522
211 1562
1013 870
467 1643
373 949
506 1873
1294 1382
13 1255
1801 777
388 841
323 1318
364 1156
1991 1469
1718 651
1461 1011
1642 1662
52 729
676 1732
1052 64
1765 953
810 1520
566 627
1244 54
1053 159
1890 1989
1606 1492
311 1656
1373 220
1146 888
613 1700
1087 335
1590 888
786 1685
1907 1142
1960 1595
904 1347
1072 257
960 1963
1991 35
1359 72
1711 1458
706 785
371 152
895 1845
1141 389
1472 588
502 1110
1438 522
451 1190
764 1370
233 174
679 835
341 1497
1296 372
1257 1147
334 331
1480 1867
1801 1687
1876 1926
19 1162
1344 259
856 275
1936 1462
83 1786
191 1102
967 788
1017 449
1456 542
1921 441
1086 742
1667 1476
1795 633
1141 1140
1606 1117
1030 1798
683 1161
1704 26
1955 632
1503 1178
609 1758
1597 386
1728 616
1609 569
1599 1367
360 192
1235 1975
899 1908
474 1784
507 1042
1100 1150
1990 450
508 1180
1360 1413
1846 246
1022 140
436 1501
1311 1968
787 304
174 530
677 1755
815 750
822 544
1043 1284
701 741
1082 1515
1468 951
893 1241
1145 124
1026 115
1756 1681
1882 847
294 1599
884 1979
368 476
1928 1154
147 795
1019 530
982 1434
1284 671
10 1642
919 302
224 1003
361 526
1206 1251
177 137
1578 1457
1132 1472
913 68
1727 1309
11 1863
75 829
975 92
1024 1347
1231 1943
1388 254
1021 1036
550 1068
427 1024
342 86
1286 1876
737 1331
471 412
1669 2
1979 2
1406 1894
1341 456
888 679
1931 283
912 514
507 1605
1506 1039
280 688
1484 1869
1144 1552
923 549
971 618
31 1576
1205 1985
359 286
1880 1650
714 756
81 1729
1220 85
201 576
1937 69
381 986
1463 1442
737 1993
1460 1563
1991 80
258 1797
1951 1404
1248 1353
432 847
1122 969
173 1044
1611 661
1664 1249
463 1728
1705 911
703 480
1787 143
709 248
612 1765
1553 430
1232 154
1243 1281
820 947
1843 361
1366 1558
640 1575
837 1343
1070 585
892 14
352 1475
127 289
588 1186
1424 314
351 609
1171 946
128 270
635 503
393 213
1289 731
1562 67
168 886
568 840
439 1155
139 103
1196 829
43 1055
1973 1909
1213 68
1359 768
1770 697
1429 206
67 1332
772 1995
1151 1445
411 1
540 1299
1874 1894
1010 334
182 1464
902 522
1187 66
1131 1794
1106 86
1024 212
1371 1856
1940 1758
883 859
979 399
692 590
621 641
1086 1143
296 975
1165 1172
1284 1976
1552 1971
1397 1446
1403 1549
1508 325
804 1264
112 623
1910 310
615 508
1390 1961
844 1460
77 1641
281 816
959 859
567 395
1099 792
742 240
1668 1167
1895 1992
821 949
819 1137
134 478
1074 1673
901 519
1210 14
1607 93
594 1647
1832 1183
701 1571
1709 1131
1575 726
1577 1067
1339 271
1090 415
686 1306
872 1961
824 692
119 1911
373 53
1382 68
1641 1301
1221 49
1627 1758
42 1935
1686 320
479 414
1521 568
1663 1759
927 1790
734 1532
1011 541
577 260
1757 1946
1479 1312
320 657
715 1050
1262 1092
720 276
514 460
1106 62
1073 163
866 18
1003 1302
15 1052
1362 1848
1075 819
151 1344
171 596
459 23
867 1550
546 659
1046 781
1159 1659
1382 118
191 1238
242 1404
1091 1015
1822 340
1108 718
880 86
646 1386
1737 1518
1594 1298
346 1425
1211 206
835 900
1244 117
1288 1575
14 1609
1335 1625
1709 801
829 1795
985 1168
1746 985
1136 843
1161 323
1748 1705
544 1519
830 1763
1513 471
722 212
1954 91
1577 838
530 504
1621 179
1623 1399
1249 624
767 1753
1592 1901
771 715
890 1103
1215 702
531 518
952 1573
1268 1804
1564 727
1442 346
230 1678
828 772
837 1067
118 69
1770 1536
386 814
755 1970
1655 390
1723 1556
366 51
689 1008
1710 1363
762 1768
1552 867
553 169
783 1438
1310 1839
1268 1715
130 475
1218 430
1451 1069
548 1065
297 1079
54 1923
1964 568
660 430
1680 1088
567 779
376 1300
187 1058
1901 1433
1101 1072
237 595
1495 1998
604 1660
172 800
1652 589
966 210
1452 617
168 1610
1561 1269
338 1685
90 827
160 964
1611 970
1996 1712
941 580
1730 1986
421 1615
1143 605
24 185
769 1634
42 1236
106 535
261 717
1227 219
1275 1111
1538 1287
754 1969
842 1746
1822 919
1558 1717
996 1944
1719 82
1576 1049
712 18
1534 1640
1927 1643
1447 1940
1771 167
28 1121
1347 1092
343 695
41 1776
1265 365
1919 1703
1343 1368
1369 180
869 1049
461 43
1056 1297
216 511
1326 651
377 131
1144 1414
966 85
1606 1133
1833 971
1648 658
1595 1742
1685 1920
1772 1145
753 1658
404 1708
1679 877
121 1199
606 539
1890 1833
757 735
536 1326
1945 117
1341 1413
914 12
1728 1807
1613 907
817 1938
270 298
1620 783
814 861
1195 782
102 542
608 1866
1628 784
411 835
462 401
731 924
1048 285
627 1141
1717 732
1582 251
1646 1740
329 382
374 88
1260 178
1300 1268
224 1898
1499 1334
635 1332
1492 882
127 355
1538 1663
734 56
1265 1349
1921 56
1812 92
1550 1430
1340 1295
621 311
1814 1082
1956 1473
1046 566
778 854
1224 732
342 564
592 1526
20 1871
284 1503
1154 1843
1924 1182
1950 1893
1339 292
991 1062
655 643
972 682
1057 526
4 1536
903 954
276 457
1040 1510
1176 1733
511 48
180 849
469 917
274 1521
269 1047
1202 829
1017 1444
1772 1283
1248 1149
783 731
92 16
1147 107
1557 1261
515 564
216 1295
1437 656
1796 399
535 797
1304 1670
1850 524
1345 1885
716 1666
1242 1106
804 1570
979 1003
745 720
1794 440
419 1362
1791 312
1780 619
1811 1529
1123 1397
913 1080
971 1500
325 214
1766 730
976 757
238 1007
602 1653
371 128
954 35
582 407
1633 1444
1723 428
634 1498
1094 1190
600 1519
853 1733
80 1705
151 1659
1545 1484
1841 778
1738 661
196 1631
1442 483
1792 1684
1915 472
876 19
1407 190
1011 349
817 590
1034 1871
229 1178
1985 601
219 1671
1352 875
1563 1345
956 277
388 899
57 154
1971 1853
241 276
1551 1635
1578 1074
1488 1664
1682 929
179 603
198 833
1297 1541
718 1549
1408 121
1399 165
1548 550
1156 1803
74 1256
16 1417
341 1637
1953 1176
617 1489
1442 479
62 1278
1589 1429
775 1316
1816 23
1115 251
537 94
1280 261
1391 889
1166 522
813 601
1523 953
1957 313
75 1903
907 1111
164 581
1040 118
1720 1331
153 1857
217 346
473 1240
101 1793
570 595
179 534
1875 113
1152 1732
741 268
709 95
1224 7
1919 869
1013 1527
1274 763
1259 703
730 319
1676 1989
56 165
160 1768
1239 1500
1566 801
563 1432
845 607
2000 1937
895 1429
1971 1274
1068 751
321 343
1937 461
1708 1041
477 1320
443 1496
1275 1906
703 1834
1383 627
1160 1717
1353 1014
31 1212
1281 1698
1138 1788
401 151
509 1738
1572 1565
934 1085
168 1164
1635 1360
1253 359
470 1420
1135 1270
244 400
1142 1490
827 511
275 1601
184 1949
1402 162
1433 577
757 1645
1218 44
613 146
818 1868
1666 406
168 233
1381 1708
1973 1756
306 225
1627 1239
130 582
1072 1185
1081 137
1498 999
860 921
962 61
1222 1717
601 191
1474 181
1206 1785
1561 163
1224 436
839 1677
285 62
882 141
512 1946
696 297
626 1544
881 1302
1717 1372
1548 1167
7 1376
1121 1226
114 532
1307 448
1437 1317
1153 48
66 284
175 697
453 427
1614 32
1524 1799
1778 1580
1309 212
1749 1830
1559 1328
989 1689
961 1570
1191 1353
496 1240
1064 1205
98 613
1379 481
1752 354
80 1803
385 58
1145 594
1030 1618
1495 112
1485 321
1033 1130
287 1887
738 632
983 1864
840 1653
772 1920
531 551
1930 896
1403 1026
1898 330
1629 782
113 457
263 317
988 1798
1663 1127
424 442
1397 400
1831 951
396 1736
147 746
1226 961
441 62
424 121
1199 424
1201 1113
1696 488
1731 89
1795 834
1696 1133
1215 6
433 1375
1271 1621
527 1960
291 216
1487 802
958 1281
1357 170
971 1985
1625 630
1836 1398
237 601
312 927
1139 1716
1163 523
868 1802
578 754
1200 1290
258 1679
1440 336
1500 1205
650 223
133 991
862 869
1827 1851
1887 1350
771 173
596 285
1215 400
1468 943
1479 1420
1108 255
1373 368
1724 1438
223 1165
1509 1820
1030 1729
640 1288
649 689
1095 82
983 1725
1076 780
1845 1223
1415 1607
1603 345
1537 983
831 1626
1612 1374
1318 428
427 107
236 84
227 1933
1204 7
1619 1988
842 304
982 1036
105 1230
1158 456
847 1325
1964 1516
465 893
36 1967
1595 1871
1880 1360
1866 524
182 249
699 1396
1961 1034
1889 742
1949 1268
1819 321
1280 1453
1397 1020
1746 593
1855 714
7 1205
1753 611
1158 509
525 1990
134 1340
1491 1458
1379 564
58 1854
27 845
1979 277
842 1580
1129 1989
1106 1920
132 269
1000 1853
1681 613
1846 1103
196 1940
1288 1937
389 1773
648 1837
1187 1594
880 37
1005 1924
1463 1795
1598 1788
1147 1452
445 1601
1754 38
1000 1045
891 669
1540 1035
1511 1726
245 690
1344 732
226 1710
123 1439
11 823
718 1026
458 1491
196 1593
1379 1430
1590 962
1349 365
1066 1223
1592 1428
1546 1214
1174 201
1697 965
1734 1506
328 643
1795 444
1050 1478
1326 123
1832 1877
917 1235
1048 62
1792 598
594 313
543 496
726 1807
199 1453
1988 1200
1076 253
1349 265
1606 143
1443 235
1274 1565
1022 66
1161 719
1437 1348
1191 1433
957 1132
808 105
1389 1038
193 574
1097 1862
324 1912
1156 1319
23 538
1146 1428
1074 1308
1016 981
201 1079
526 1957
1916 923
698 912
1986 485
71 1087
416 527
1553 1320
1410 1809
678 713
1660 1100
1298 498
23 1534
235 230
1708 1176
1290 612
1073 1752
46 829
1879 1217
727 1296
1072 858
990 157
123 651
394 1481
1383 153
1797 1477
1703 804
717 471
454 532
1031 1360
1626 1193
195 1375
1214 1816
542 271
55 96
513 1032
487 240
1117 1351
377 1876
395 1872
423 30
919 1294
583 910
858 487
382 96
1021 487
920 1465
1726 475
247 1006
1823 1935
1439 199
1541 589
1658 1852
78 1433
561 1495
826 149
1463 725
1725 1580
404 1270
1353 1428
1139 1252
1929 1760
1074 1522
1778 1406
52 310
515 1946
1346 356
1713 169
174 252
1696 1155
1768 1629
795 202
329 55
639 523
516 1219
1916 1838
138 1604
658 134
214 1131
781 115
1277 260
63 1797
1119 52
839 403
1316 1828
969 1976
620 1810
904 1675
233 137
1104 1677
359 1422
129 266
925 1000
162 1170
466 868
1550 465
916 1782
419 685
1034 1309
930 294
1427 1317
1443 250
1083 652
1975 1472
1285 1162
376 321
1079 394
51 1592
903 168
1571 1125
1763 1208
224 684
1746 857
751 853
1442 1336
391 362
796 1965
160 1629
1190 700
1153 1174
921 1419
1060 660
952 1564
258 1375
1936 1370
359 636
1863 421
1084 551
20 1742
204 873
998 1811
1098 835
1161 1962
625 74
102 1338
195 258
155 1119
1801 1150
945 455
1846 801
724 455
1490 1907
868 579
894 1684
1203 1654
1174 505
1517 1038
1821 1414
1112 1121
1671 642
761 1101
1879 1873
350 1862
1517 1950
1864 1692
132 268
1814 846
1575 1703
814 1867
863 1469
558 1690
1314 443
1089 1185
1570 1212
1743 866
1481 674
700 1612
1728 1065
36 140
1137 1404
1899 1273
737 1808
1293 842
1451 469
728 941
349 422
621 1910
1438 556
1131 1950
739 506
1423 1191
98 459
452 1344
315 1244
1247 1208
1932 1421
1939 1268
1427 1233
1936 1218
181 1289
1596 371
1982 796
1632 1098
1553 12
1674 1436
549 325
184 376
1818 1732
311 1084
330 633
99 503
369 475
844 363
714 441
1993 1209
915 1892
57 954
1611 282
1737 674
49 1896
856 273
1100 710
484 760
1789 710
669 1910
1895 1172
674 1004
465 1062
379 321
1361 1819
411 1817
548 125
1770 921
413 1482
553 765
1710 651
1603 701
1848 685
195 1218
109 950
391 1189
690 531
434 830
1727 1958
1680 1619
1011 690
1846 890
909 180
1644 836
1201 15
392 383
1953 961
277 157
765 1215
1948 607
1669 385
893 1188
444 853
835 1883
1086 276
991 300
1396 778
164 1828
459 1867
847 828
1874 1309
229 1234
1149 1112
752 653
1195 1942
742 1734
358 1528
591 1776
972 1461
783 1337
1768 679
1987 723
1754 1852
984 1868
1192 734
670 1054
571 1469
857 1350
435 303
276 1977
1941 980
1783 220
1925 1797
1329 1052
800 943
87 1811
1128 1860
992 1326
825 1626
1725 1417
346 822
579 1701
1118 99
1897 1434
1198 1262
1408 216
1133 359
735 1192
1832 1216
138 154
547 662
103 1385
1921 1984
37 1920
1931 1907
35 1501
748 260
1647 1183
1448 684
927 947
114 1359
41 741
533 1124
318 1915
1676 730
1038 1614
704 1927
239 1689
861 1867
706 1586
1840 579
1789 538
1042 1999
224 913
518 422
959 1338
183 318
1668 110
1861 696
869 1849
1717 36
1377 1349
1874 522
1692 983
395 376
1746 18
536 1119
453 141
1205 1833
779 503
1617 834
372 1749
119 1371
30 1558
374 1370
60 548
518 1459
122 1471
1250 680
1286 1997
1258 1307
329 1575
104 1529
379 1361
1017 1166
1405 744
1796 1826
1416 1840
1004 860
1508 1524
481 1615
1666 899
1085 97
1468 1998
220 1903
1744 1096
552 707
1917 304
1072 136
1849 862
1504 756
1003 1422
606 187
1593 1359
45 1208
700 882
1350 287
976 284
278 191
1712 878
877 1107
1184 16
1713 400
1491 1784
893 1767
1902 1633
982 1938
935 947
979 466
587 491
520 1167
1752 1091
1398 455
1917 1574
1543 111
965 634
1279 367
1710 199
230 1456
1089 746
239 452
130 280
1898 1465
1400 1221
535 338
1419 1368
732 7
1702 613
1859 1578
725 1608
935 312
954 338
381 1862
852 1007
505 1079
432 879
1855 574
1953 687
1367 930
112 1834
831 247
79 611
1279 1680
1080 69
390 1107
60 125
1676 713
1246 1730
1598 1311
1097 1978
118 650
1875 636
498 1178
156 183
1163 298
1805 1430
708 1277
1617 94
588 499
982 259
225 494
1126 959
590 248
555 1620
677 102
537 91
646 1532
78 1218
1281 261
1113 199
1568 1927
1276 1267
1734 1411
612 953
950 908
65 1052
1937 1636
568 334
905 262
622 539
1285 261
794 755
332 1204
1817 1659
1610 1319
1196 870
828 117
578 948
362 716
931 243
1405 1198
267 1313
1756 1463
1265 1787
1132 31
1070 1193
282 316
1264 286
502 1256
122 855
735 1359
1471 927
72 1550
1124 1835
597 1327
532 836
814 1957
1289 996
451 1313
404 865
1394 206
1331 1604
1550 1313
769 435
1313 893
213 1098
118 1294
381 350
189 127
1610 1262
1821 1037
693 754
1771 55
1279 1903
1966 380
1980 1859
803 650
992 1692
1616 582
185 377
1823 1435
1552 663
1293 727
13 894
1706 495
1191 1901
1957 1269
321 1424
1189 243
1058 1600
799 1847
1181 1638
29 1961
149 32
1687 1501
218 1303
1587 197
413 1739
677 1372
676 809
1964 331
42 1384
129 942
1476 17
1167 675
856 445
1343 767
818 190
159 1336
1909 249
895 160
1257 9
1773 1579
1820 766
1848 594
187 622
86 41
1880 309
124 360
1546 1816
111 713
466 837
1610 858
1806 690
1529 588
1556 428
569 1386
1288 210
327 1899
1838 1455
1984 1912
545 387
254 1424
596 1835
1241 1427
167 1591
1956 1812
86 1920
1344 1316
1912 1041
1591 911
619 780
276 1340
673 1912
30 710
1726 403
1816 202
1529 58
402 1095
1973 561
617 695
1393 1021
1322 830
559 806
713 1395
230 542
727 1255
1181 1751
1753 1363
196 45
1667 1810
1951 1649
92 1120
1955 1846
1958 1956
835 1950
576 639
134 396
829 1
1051 841
310 47
214 1559
1216 1709
1243 1588
624 13
1034 351
825 1630
472 699
1486 1989
1924 1545
1109 1283
31 1404
798 1557
251 1265
609 677
1132 1758
981 1313
437 1735
252 168
1672 947
1940 305
1357 1354
487 1247
1943 274
1964 618
1247 655
1571 1479
853 67
542 1338
1081 1466
1556 323
562 196
1476 164
988 540
1119 14
1699 145
1315 451
247 51
481 1066
230 1112
1392 1154
512 978
1893 1038
573 1683
1562 1068
173 1050
612 922
155 9
1657 1785
494 1448
351 1452
1192 779
1076 5
960 223
98 1620
970 1689
208 1702
1531 1328
933 1164
1218 1446
985 842
577 1423
206 682
29 737
1194 283
85 490
1140 923
1594 66
211 828
257 136
748 1238
880 342
1146 879
931 1913
283 1142
1491 137
345 1985
1740 309
1085 1452
1677 1071
945 1398
1839 306
651 1440
1826 126
1740 1339
1303 628
297 1648
240 101
369 1912
427 1260
80 1234
793 1910
1795 1980
735 1922
357 1333
567 12
1648 571
1313 1400
2000 749
1370 1765
1059 1080
1720 501
1764 1696
1563 996
1701 1518
1166 1975
1925 1561
1590 959
591 781
1489 741
725 1711
487 1427
1094 188
1327 1458
144 517
102 959
866 1856
474 138
992 1439
780 5
657 1645
274 1651
993 323
1673 1823
1421 581
1402 1540
1758 955
886 1427
854 1280
1018 731
540 1618
457 1603
1002 647
1269 1256
499 1702
1020 1014
673 950
961 1588
1912 325
1666 428
1828 1789
985 698
1053 23
1848 1393
1261 337
386 1480
1332 1269
333 944
33 1782
205 691
407 952
1102 1968
112 578
867 515
929 1762
200 682
1291 1380
366 895
1018 1757
166 1462
197 1584
1905 7
733 1161
659 737
108 1244
1032 1134
785 320
34 1736
738 645
1877 1650
1036 1886
1154 710
259 37
1253 1287
750 302
873 823
1634 653
1855 1198
1188 1947
884 1959
1031 1934
1104 270
1206 1004
1416 543
1937 749
369 247
1185 805
559 1013
381 1814
1392 361
937 995
29 1574
209 584
1269 1018
1832 1252
1804 1769
891 353
1811 1650
1244 107
1110 560
1419 1761
164 1686
1921 1206
910 545
1684 1754
383 764
1209 827
1236 1624
372 561
1467 51
625 509
300 383
1277 358
394 77
1782 1106
648 1129
1441 896
1773 1140
50 799
1211 1605
1513 261
461 1138
1388 1506
654 1965
1206 1440
1807 1741
305 1584
513 1853
1193 349
676 705
1965 1464
1932 307
710 878
1952 1136
1121 275
1122 686
341 1002
1322 1341
1712 1697
1268 523
78 1228
1642 1981
1138 1422
1930 549
1015 889
446 46
1885 1632
500 766
1270 1652
874 1532
402 1524
197 1447
1305 161
1172 813
1667 620
96 848
589 868
955 1510
664 1670
178 262
1249 1966
341 1874
1201 1753
572 1401
1147 566
1967 1222
1977 822
632 246
1573 130
1741 671
1299 1128
1048 1835
1931 1274
447 1625
535 1818
1330 1816
307 1729
242 1192
483 1860
426 1786
1487 89
1044 319
1058 1248
825 190
327 68
649 1176
353 1910
1238 662
1651 363
404 1369
675 1026
335 1749
1499 1560
1655 917
896 1840
981 583
82 326
256 281
218 231
92 738
1945 639
490 248
726 852
160 409
1233 1526
780 1800
375 1351
1584 1857
1186 1113
901 712
1768 409
686 1349
665 141
143 1917
649 1281
1275 1352
1551 1196
989 806
156 22
1585 1237
146 1576
738 1791
1075 598
451 252
741 917
642 658
429 410
497 1450
1009 263
622 606
458 1150
1200 1355
294 1774
1585 784
192 634
112 753
874 940
616 264
1580 1842
770 801
388 1051
25 986
1949 1177
106 652
28 1701
104 394
1010 840
1295 219
1371 398
1394 1315
557 31
1348 1811
320 757
196 1964
1020 1123
520 944
1664 974
871 933
1002 530
1952 112
161 1228
1932 1319
803 129
1535 114
817 1303
85 1572
233 1090
1857 675
1519 1210
119 691
1432 200
257 277
1986 853
1881 524
1941 1301
463 35
1045 1491
1785 1069
695 638
815 758
143 1718
942 1751
600 133
1155 488
1648 784
714 286
924 1332
207 1736
1330 1571
886 1475
112 1696
444 1504
1158 1196
1228 176
1266 1678
10 704
1117 1676
1739 1320
694 378
554 1161
1242 1424
1366 1967
169 702
1025 1267
202 610
1228 1673
116 723
1427 1372
87 1426
1554 1411
837 399
992 947
1494 430
529 1930
750 1698
1854 1802
1130 1201
1676 40
336 359
526 1392
1391 573
1956 1627
1282 1523
937 592
1506 246
1366 1280
367 958
462 832
1480 1357
1101 1864
203 332
884 1413
1928 361
248 1740
199 155
158 975
1713 702
1566 770
199 740
877 709
711 1505
517 475
688 4
264 1873
1270 868
1481 315
42 1168
1148 854
1779 1028
837 401
1008 1878
1393 11
489 1642
1324 1827
987 25
923 360
1879 616
1370 307
1454 956
1431 1247
530 1980
482 646
1454 335
523 576
1952 1830
535 1577
890 1447
1626 705
92 27
220 476
1154 361
1436 732
1366 866
1820 761
70 1531
170 833
897 499
110 1633
1226 1400
1182 70
1743 626
1088 1706
1068 231
541 288
1020 1557
219 34
805 184
528 586
572 1105
1253 72
1199 1098
939 1055
1485 1543
1288 1558
1278 932
908 1018
610 458
175 78
422 1663
1304 1173
172 1934
1639 626
2 405
1667 1534
141 917
1270 1978
1514 784
1202 773
1867 386
1077 1359
1197 1518
478 1501
1323 1883
1743 850
510 157
1389 1709
1034 1727
1096 804
1067 8
433 1267
348 692
1488 1460
164 1888
738 80
648 830
264 1558
1542 1191
1497 1627
568 194
265 1586
1320 1
1494 413
1636 1138
1371 866
1090 1475
1757 1794
1993 170
1640 1259
1487 1496
565 1608
236 1513
284 1298
317 1504
1031 1488
198 1707
1542 1119
1310 1052
1719 837
1844 468
1874 1014
1239 762
814 760
1699 313
417 1726
614 1163
1840 347
671 535
932 171
1975 1077
94 1926
1084 383
198 1525
388 1959
542 1809
1938 228
146 93
1533 1152
405 677
124 1091
1759 710
1037 1144
1776 1470
1455 110
1663 1709
1370 1200
235 1802
230 463
1869 1409
1607 1560
1555 1227
65 633
1548 166
1025 794
1638 157
1945 53
440 1524
681 1855
1833 1985
1440 1176
1648 1130
764 1058
752 1672
1570 646
1593 1277
271 1522
1998 141
211 1694
1344 820
1218 213
406 693
149 872
315 1376
1891 745
456 1360
1941 215
345 1904
1909 1522
1271 1016
172 175
781 1199
664 724
1960 683
1551 842
1241 450
1665 1157
773 1715
1861 181
1978 643
142 213
7 1327
1482 789
859 1153
845 968
1364 534
1943 715
990 1695
693 39
1268 1769
995 1063
1564 130
285 204
1797 967
1957 1749
926 1346
651 832
933 274
1613 1514
855 312
355 324
1483 1440
607 736
842 58
125 846
1748 87
1464 1784
644 1240
312 647
905 429
536 729
1117 109
1060 1062
25 1385
356 1525
871 1945
1609 366
1672 303
1516 254
534 4
1357 1122
1160 777
1713 183
140 1603
1742 89
63 70
786 1610
18 309
75 1896
1966 439
1855 590
1561 731
1179 1115
1484 1342
1142 1931
352 886
969 1284
14 569
674 1522
191 1126
77 980
1353 1433
735 106
1869 244
844 1808
345 113
1906 1683
707 1081
1973 431
1460 996
1695 1811
1946 1805
629 1957
1634 1260
916 1106
1655 1253
805 1071
1462 1225
796 1214
1526 1900
1601 1935
33 279
1614 615
1872 811
1877 33
963 1963
1563 1885
102 489
265 1391
728 127
1307 1107
185 90
817 973
836 681
915 1815
510 956
549 374
1274 1120
1197 1416
1136 775
1152 1803
129 155
402 557
1181 155
787 199
848 55
261 1190
1126 1252
1913 339
1090 1427
335 578
857 843
1839 1650
95 575
785 1387
1977 1425
1990 604
1242 1829
226 1218
1740 647
1577 797
264 250
612 17
24 234
839 1511
688 534
1296 257
767 898
636 1195
375 581
838 1563
1805 1869
470 29
1617 1886
442 479
1231 1478
284 1022
1587 95
6 448
1219 1999
179 1364
413 437
1121 1245
192 188
483 1055
306 65
1181 911
644 539
988 1408
1463 899
1573 1564
1207 817
1663 1781
1716 294
1314 1665
701 1384
277 739
1259 97
1981 910
261 829
1767 281
1260 457
570 509
450 886
1854 712
622 1097
381 1809
1954 94
1562 1332
586 1059
144 879
1689 796
1489 894
1431 575
1186 1669
826 32
578 1686
1422 1302
1682 1455
401 623
774 468
1143 1530
1863 1401
920 633
87 1695
1827 68
1456 1338
515 1805
691 1121
1735 660
213 253
1220 808
1100 946
1238 366
1550 1074
556 1724
1993 659
771 1793
1316 151
69 1382
35 1436
675 1136
1171 746
151 832
1649 265
1375 760
1 1348
1071 128
721 1331
1407 818
1953 1655
490 1646
1106 1836
26 1560
1936 1507
1109 1001
539 655
284 1410
1989 808
551 1369
218 1064
245 1060
406 1805
125 1415
261 1040
1357 389
1831 1778
1543 1512
311 1365
884 851
1469 1836
282 845
872 1313
753 803
159 1164
690 850
1784 37
1873 945
1418 934
502 348
309 1246
979 1719
1618 1729
1707 483
168 312
799 1737
314 344
1182 1917
1515 1065
1298 1623
1229 1867
336 1028
682 1209
157 506
982 1444
1849 853
301 700
1583 1225
950 662
689 1157
752 1260
974 289
161 955
1186 455
1045 88
454 681
332 447
792 79
866 205
932 983
1653 1659
1381 1911
1394 1443
841 1682
882 918
1890 1129
1415 869
920 684
1813 3
1964 840
1670 1008
1269 529
1639 849
1621 745
1282 162
645 110
1246 647
222 467
221 1208
250 1681
138 721
470 1574
1923 1579
928 520
1990 1776
607 1695
1046 1120
1412 1904
549 1681
831 1531
968 68
820 1872
1134 189
902 73
999 605
1779 309
1761 419
1523 1355
1099 357
1410 1862
1160 30
1247 1047
1650 290
1365 1184
887 1073
814 1229
1532 82
1163 1027
1238 1631
1569 495
1323 1539
431 186
387 185
912 810
734 1919
411 1632
948 725
1470 1025
772 71
126 1419
891 18
1645 1355
850 1288
264 1990
1845 1443
126 572
500 1509
1553 477
193 590
1337 743
494 1649
405 1372
1674 896
1155 936
15 1348
1949 316
989 316
1975 1973
359 271
1466 1177
124 1073
77 1593
896 1504
1752 997
1426 1317
1908 406
635 1750
1618 1463
1054 814
1817 47
1474 1289
1896 1289
1531 1587
1687 8
1530 708
10 633
1453 1148
987 1619
1639 759
558 547
342 1194
208 1547
146 1049
109 1179
1007 1565
680 1066
1330 231
469 1043
1499 629
1744 874
147 1171
48 308
287 372
1747 553
1440 988
629 392
670 1257
1274 1035
140 789
1039 1938
1473 302
947 855
404 969
397 971
1232 1722
851 1085
741 1987
1470 677
1917 1312
67 1269
1116 1624
1072 1509
772 1805
672 968
203 858
1029 1157
1988 797
1870 1564
1179 1377
604 1470
24 529
279 1278
931 273
908 1969
232 1761
417 1405
1800 1206
557 963
1094 1680
26 1002
395 1263
200 560
605 1238
1358 628
1668 1641
1365 1580
1921 478
672 145
17 764
479 1211
1527 1409
1512 1738
1194 1850
350 1885
170 939
831 407
1335 858
1118 635
595 423
293 161
656 87
108 1742
1451 1955
663 71
133 238
390 788
1104 553
493 1797
885 1795
1423 172
957 449
840 618
395 873
859 1522
1103 420
1414 1037
1408 1114
742 1088
1987 116
1670 639
1455 755
860 364
1401 1116
1261 1123
384 240
1910 432
326 466
472 1396
1499 26
1887 1383
752 435
416 1591
1731 758
1060 1614
1548 333
763 1035
5 1252
1319 393
1508 1823
1878 919
942 155
1057 1303
1358 1001
150 839
1051 212
1988 1337
806 456
1786 1780
1512 949
301 1314
881 1906
1204 732
801 1276
284 538
1402 567
296 1390
31 1706
1285 558
119 1341
1897 982
1331 1431
1267 33
1908 1051
948 1654
1956 975
1454 990
413 1714
1426 616
1882 1638
1363 226
497 1141
1192 99
1374 555
1621 438
1879 725
1385 1230
1292 1042
1520 698
521 1675
1675 551
836 998
1529 1168
719 733
1106 880
1968 1718
1556 993
1690 812
433 901
384 1886
1476 1290
1837 154
1410 442
976 1401
1773 1141
108 117
1660 337
1543 316
1905 1071
401 1221
675 1762
599 1308
1070 818
997 1704
187 1369
972 650
1432 100
545 377
116 408
1655 1236
1627 1692
1193 452
1381 1483
233 607
1552 763
452 688
1917 780
1183 713
1744 1386
1740 1730
1350 1785
1721 1944
360 774
1074 294
1043 671
1272 823
1234 486
162 663
1902 1121
836 310
100 1279
736 1948
838 1885
689 1676
219 207
1597 750
786 927
1962 1537
1732 1634
161 775
1216 103
1392 1928
924 1058
91 232
1809 442
1525 482
1009 1987
933 350
1746 460
1628 619
824 1118
1240 543
619 201
1870 1573
641 793
402 1212
1501 697
338 1547
293 857
585 1888
1992 697
1526 1606
316 27
821 841
269 900
1090 1241
328 1680
1084 465
1381 1926
599 1457
1767 1939
354 1073
1207 1057
1535 831
1137 363
234 59
1365 1842
1364 688
249 1341
865 1891
846 159
1221 1779
862 93
789 1878
1461 1770
1674 634
1672 653
484 844
905 670
905 349
740 1033
994 469
1972 962
59 1938
981 1642
1263 12
1092 904
1159 1653
998 1039
1045 403
1885 996
626 759
397 1833
1686 420
301 1741
378 366
1899 434
1813 1465
1527 1484
1569 1233
1913 250
1949 1939
1741 1976
654 1161
1766 1723
1800 1657
1081 1804
1684 1536
631 1831
1543 1583
1963 1951
370 1231
441 1251
186 1591
1306 885
1560 726
163 222
1656 1184
1972 879
1465 684
305 881
864 1016
1797 566
1323 692
139 808
790 774
1925 731
255 1549
1305 1617
1188 598
615 1898
408 1009
1373 1428
1745 1688
1659 694
1977 744
1764 935
542 1522
1747 1254
1431 1725
140 1042
215 1641
1213 84
1109 973
1968 135
1789 832
493 1942
227 1342
609 339
232 1997
1205 1486
425 929
625 348
289 1032
43 482
1779 49
1511 1292
721 1784
277 283
1401 600
478 431
1689 858
1662 981
981 382
1072 1293
1631 849
999 549
1810 97
1505 290
268 98
759 1017
891 1914
1977 217
235 1845
938 107
502 824
1389 969
1301 527
1033 1201
1055 822
477 1856
1774 1597
1039 1734
715 1231
1600 1223
1145 1957
1834 936
1629 1640
1218 1511
1398 1910
1639 897
381 1410
1803 1533
432 828
719 1995
32 1528
218 1993
975 1874
265 1683
234 1897
1510 1664
736 449
1628 668
544 951
1801 226
431 1611
968 1745
743 1269
935 1382
1502 1677
534 1969
150 274
638 1124
1622 1092
1608 1217
1717 1366
77 820
1597 1218
1643 704
1914 1907
847 108
1117 1758
850 1639
1245 120
1737 59
1618 307
1029 1771
1370 1355
862 1004
290 752
1760 18
197 305
897 1806
593 1402
1617 1292
354 887
423 237
1566 1665
293 33
1799 275
44 417
938 524
1900 390
1224 478
1172 1507
995 1526
98 1614
1511 403
1850 1866
922 1806
36 1160
1619 1367
290 830
1216 1880
1087 1161
1700 1356
637 1667
1297 504
1916 212
1644 763
1395 1647
490 309
1266 252
1922 1083
1130 123
1962 776
818 1340
541 1006
1607 869
1467 25
1078 797
1529 385
911 736
1167 486
877 948
741 335
10 920
1764 488
492 1127
458 287
1380 1790
436 35
581 1156
627 1309
295 45
1004 1430
1366 1765
949 828
106 903
965 1498
1900 1107
583 1400
1536 750
1027 322
120 1911
1847 1481
337 626
543 644
733 1440
1329 225
1169 207
216 121
1899 1837
1194 722
239 661
32 1777
885 742
158 171
1449 1655
803 29
496 473
1129 956
998 1283
841 899
1660 408
1450 1357
1054 1369
1023 801
1820 257
1674 1314
318 1148
506 990
1914 47
1754 1646
907 214
911 1557
893 263
1569 592
1651 1521
1375 1220
1940 1339
1376 1882
1854 1276
1299 1860
521 1170
162 1825
7 478
533 1819
480 30
1698 19
193 349
822 101
78 1428
158 435
666 91
1418 1085
935 858
1878 821
792 1296
1766 593
1255 434
699 400
570 423
464 135
1492 3
415 754
1220 1385
357 547
272 1600
1790 1649
1733 1064
1938 789
228 1539
418 258
1781 284
490 1627
1994 1395
131 511
277 1347
569 951
82 1343
1338 883
1325 1982
1216 1663
1860 1514
1705 291
1505 875
1918 1123
1596 1677
291 777
1576 1090
672 538
580 439
226 1113
227 1516
1209 522
501 243
1095 326
994 343
1368 1807
1237 791
1908 1959
167 591
1376 702
271 1115
1267 1760
198 1299
1979 318
1502 39
1858 768
1308 1599
1324 1493
1542 1063
793 76
295 1621
266 1181
963 788
1283 73
262 394
1445 503
382 1008
1974 1405
1243 1731
416 1858
398 559
594 145
570 237
44 1597
1254 169
1335 587
1262 1756
751 1808
367 29
123 515
25 252
1865 790
821 1462
729 1467
182 1996
347 1050
1005 806
898 464
1791 1471
329 1468
895 1408
425 863
63 709
638 379
1899 432
1886 487
739 1454
414 1019
1968 1003
1377 330
701 231
884 1473
1387 1844
1933 344
1661 1762
1347 1611
1958 730
195 604
1275 551
1858 453
264 565
9 905
339 1025
585 1151
1856 691
1652 1416
217 1425
1585 1084
1077 1132
1421 1618
1822 964
391 1720
1042 961
1721 623
603 4
1342 1409
909 215
221 989
702 323
1347 322
1948 1411
316 661
1436 1500
1980 834
393 242
1871 719
1040 324
809 1630
1083 757
659 550
850 626
189 1142
594 101
1693 485
1699 30
1674 549
1685 1258
175 958
894 1819
1733 1028
768 918
1959 867
449 1902
1168 629
1011 1203
1075 274
1649 126
783 67
1182 1479
347 1416
178 1716
1437 1695
1974 1691
725 1304
438 906
819 1947
1069 605
1532 940
1730 292
805 298
1889 1093
375 822
716 391
862 146
696 201
30 764
1692 525
557 960
678 880
1924 1215
1850 1451
39 1458
561 1541
12 983
351 4
1156 1750
1879 1544
81 540
614 1090
1443 545
873 1278
1875 1412
1630 1626
623 1803
1869 870
1840 587
1310 1567
105 1220
1892 1459
1568 1847
1223 680
46 1916
1582 1265
630 1347
86 1485
1984 450
1706 181
1099 1333
247 144
544 892
811 977
845 970
574 1970
712 204
820 1941
1872 1218
881 1563
1273 648
135 56
483 482
822 1425
1670 455
351 1470
1449 1700
1606 1745
967 1900
1855 1756
911 1948
785 885
1266 451
1883 259
904 1622
1142 1914
1638 1982
42 1069
106 467
1200 764
563 50
1078 1702
1544 1014
1060 991
1925 1652
1799 1601
155 1135
798 1918
1507 1895
1619 81
645 1428
1102 461
1928 570
1398 1659
131 185
755 1762
290 1832
1306 1695
13 1987
407 292
565 662
681 663
331 299
720 1268
1351 1888
614 1945
1694 776
460 1980
1900 788
652 622
52 1514
382 1055
630 858
909 1441
1865 283
787 698
288 1668
1155 1689
1261 1327
427 938
822 479
788 6
950 281
725 1217
122 878
1380 668
16 575
22 1148
1787 1688
762 328
1117 662
685 1681
57 499
313 1598
1240 1467
1120 115
697 1507
1602 1027
1709 1581
993 1887
1006 665
1836 523
130 1870
637 620
1781 1709
100 800
1796 1380
1301 1127
1850 668
385 392
1832 1226
434 1031
88 1698
1824 1019
1388 1778
350 1809
288 694
1929 1802
852 903
1477 1944
434 1541
1593 813
241 1126
1108 95
1248 102
910 861
302 914
1855 422
805 1999
1581 1757
1280 699
378 928
977 1473
1113 1553
1841 183
216 1463
1811 656
667 1285
1235 871
1467 1336
1106 678
1773 1916
383 1237
367 560
1488 1880
1270 1867
1662 583
1889 885
451 1164
1199 871
793 1488
1334 1780
61 1771
620 480
1840 28
61 1120
1563 178
840 353
303 158
986 139
382 1615
1111 1935
751 737
1759 1852
1110 1680
847 13
699 1795
1661 110
1384 400
241 936
489 883
1209 1795
986 1600
40 472
132 1047
1757 1538
109 297
449 826
1259 1250
1542 78
903 1702
1814 548
54 315
536 102
239 282
1914 172
1087 683
1436 436
1255 530
1182 1054
387 601
1011 492
1881 668
1023 1043
141 1190
1696 491
924 968
1248 959
95 669
1214 669
600 1609
872 997
1247 1600
82 1442
208 1858
1755 1913
462 1789
289 1853
955 1584
418 948
302 943
1716 1168
245 791
867 1805
1457 927
317 111
1761 666
387 292
412 876
1983 1092
30 1222
522 1732
813 1165
1312 1574
1061 1050
1644 665
1818 1697
21 1058
380 636
1883 498
1019 1912
631 1388
488 936
1730 647
538 1589
1410 350
851 283
1916 552
971 59
881 1015
744 463
395 447
400 1232
997 1038
1144 1772
613 1314
1043 519
452 1070
489 1600
1024 1936
1859 747
1626 809
556 542
1322 687
1996 38
1931 1914
1639 1162
1035 1408
1984 1475
1435 1675
901 1854
1145 1793
1135 542
326 34
1593 562
1906 529
571 1455
807 908
1715 411
1439 454
1560 426
374 1731
504 830
1763 1354
249 6
1909 186
1613 308
813 77 979 136 1248 723 332 362 1021 1729 903 428 380 1096 646 372 1353 382 118 81 1531 42 1479 1627 1630 1710 414 1158 884 137 979 1487 782 1414 332 137 473 150 9 347 340 888 1349 493 1232 760 221 1311 1116 1526 1479 1070 157 104 1220 1698 1243 965 1182 1641 81 25 559 1382 1382 1511 1346 794 794 559 81 1208 1223 1240 1116 17 745 1065 5 1102 1720 1579 1710 118 1351 473 310 462 84 1627 1400 337 1179 1400 559 1220 1679 1602 1391 816 830 1217 1630 965 1630 1824 360 104 752 1102 617 1031 532 722 81 380 104 794 793 793 1207 857 646 1706 1641 1372 81 72 135 26 1627 1602 1096 1414 1698 17 135 135 1630 1002 730 1248 939 722 830 1179 16 362 1487 505 437 72 212 135 135 42 186 154 1479 1227 1002 67 1657 1575 1698 234 81 1318 12 1349 25 816 524 1318 816 234 135 965 136 1057 1657 240 42 285 1627 612 1531 760 81 1228 1248 760 1199 9 314 1232 696 1349 646 816 1311 16 234 25 793 1338 1414 1243 42 1351 340 360 1248 1081 745 1207 1741 1133 1414 1116 1232 1657 1255 1729 1382 646 52 1182 735 1217 1133 1400 1318 1182 794 118 442 1096 414 1031 1248 1391 20 12 1341 1167 722 878 240 794 1508 1318 1248 52 6 752 17 314 1182 1586 118 965 559 302 1777 135 1125 1602 1602 72 1217 1531 888 505 1338 1248 186 1248 782 26 752 414 77 1511 25 1120 212 735 81 782 362 878 1002 1076 1232 337 1311 42 9 1341 794 428 154 723 696 1382 1720 1311 878 1070 372 857 830 52 104 414 559 42 347 1824 13 221 87 81 1081 1579 360 1227 1220 1729 9 234 735 9 186 496 314 1243 11 1227 884 473 13 52 532 1741 1158 1240 1199 1279 11 627 17 1706 81 221 5 1586 1120 760 1378 20 505 1526 1508 1479 816 1116 722 524 72 212 157 462 1575 285 1627 735 13 761 1279 1220 1341 1031 965 1142 1627 490 404 723 20 965 1391 965 428 1414 525 793 1579 12 437 979 493 1057 11 490 26 380 1227 1021 813 118 11 347 9 546 493 314 1318 1167 1220 1199 442 1207 1102 1710 360 87 1021 11 612 104 382 360 154 332 11 1140 761 1081 546 1279 794 1120 1338 760 234 723 1510 627 1318 1228 730 722 157 485 532 16 1142 723 1524 437 1271 1698 1341 1579 1657 1824 888 884 118 42 5 135 722 1116 11 332 1741 1679 1220 1349 1349 1346 1120 735 1031 1031 1217 878 234 745 723 1382 1498 5 404 1511 1243 17 20 1240 1391 360 1311 186 1338 1378 438 186 1627 1227 81 723 1208 42 722 1221 382 735 67 1223 157 360 340 1378 546 794 1627 360 1221 722 13 136 1243 1070 1400 1479 1531 1720 722 1217 5 1096 1627 1133 752 1641 831 1133 879 150 12 81 1602 1223 979 752 64 816 612 1232 1526 1208 302 404 428 9 1096 442 1102 903 1777 1199 372 157 1065 186 1158 761 1575 26 1125 42 1575 794 234 965 1158 1199 81 1016 52 830 442 25 145 505 1076 1096 1627 221 136 314 1586 1531 611 360 11 16 646 1353 794 157 1378 302 13 9 1311 1679 17 1531 642 380 1240 872 404 1142 965 234 6 1167 1729 831 1391 761 1679 13 157 1351 17 1414 1531 5 1102 1721 878 360 462 1255 646 1824 154 240 1531 310 1824 1414 1133 11 414 752 67 157 722 1400 118 360 17 1021 1215 830 752 1526 212 863 11 473 1227 1220 722 1338 81 1729 1318 1508 782 136 557 872 793 1240 9 735 13 1311 1255 723 42 730 888 12 1679 1657 863 1777 150 1586 559 150 879 382 617 1120 524 20 118 6 81 1057 135 360 380 157 302 1351 17 761 1070 347 1346 332 81 1721 1824 611 1133 1102 186 646 888 1498 1346 1271 1057 16 1002 1586 1524 462 1133 154 1031 9 1102 1120 1824 462 872 437 17 1227 67 1353 12 17 1698 730 154 557 524 81 813 1824 437 340 362 42 1391 1248 81 761 1346 1311 1824 857 723 723 557 77 1341 5 17 11 16 240 1243 145 1526 816 557 84 135 1721 42 64 136 1630 863 723 428 752 1255 1142 462 752 1142 1228 505 745 438 1741 25 1240 863 1487 1627 104 813 360 722 437 1349 1002 813 722 1579 1346 493 9 490 723 212 1346 414 1641 104 1220 1586 872 77 1351 1120 42 857 1338 212 234 1217 1526 1142 1179 1102 1140 1057 793 1208 1158 1179 64 1207 1487 25 1721 879 118 314 150 124 473 1777 730 1217 77 1498 627 1706 124 1777 1167 17 1096 559 13 1479 831 872 1698 490 1602 382 1223 1243 221 1021 1140 1081 136 1057 1125 611 723 794 428 1221 473 888 730 1227 1729 1526 462 760 1346 135 221 857 735 1102 1076 888 25 505 77 857 1031 1016 360 1349 1721 761 135 496 735 157 16 857 314 438 752 1096 26 1353 1243 696 186 1510 816 1217 979 782 124 979 1227 831 1351 723 830 1215 414 525 1255 1142 81 337 903 428 1227 1579 745 1125 1182 340 1228 723 1630 1630 1720 414 186 1341 646 87 13 1016 1346 1487 546 831 135 1142 884 1524 1526 64 722 1351 557 380 9 745 1378 64 302 1777 1140 1510 863 347 145 1031 1511 20 360 11 6 221 496 135 1720 485 81 646 337 67 1031 4 1487 546 81 347 1002 1215 347 135 81 1602 25 1179 524 490 1382 1479 1021 1349 360 1142 1531 794 1341 524 1341 879 525 1641 1220 362 1133 888 1228 72 17 1706 1076 505 1248 1510 1243 1311 794 285 1641 1824 1341 77 1248 81 1498 42 627 1706 221 1498 760 1579 1721 1531 813 5 16 17 1524 1167 72 903 473 723 6 1142 816 1081 1217 646 1207 1508 903 752 1391 1070 81 793 1215 145 13 1133 1248 745 1349 525 646 1081 1510 939 81 135 212 505 1524 1248 404 404 140 1586 4 830 124 404 42 1217 16 1575 642 1311 1378 1031 1391 557 485 221 137 81 118 157 1318 1255 1510 735 965 1414 67 16 1255 157 1311 52 496 285 1511 1508 1378 135 884 617 372 42 965 1511 505 20 730 1065 1391 1228 360 761 485 1158 1199 1207 1353 646 813 314 332 525 546 1142 1232 1338 1096 1338 979 118 240 12 846 302 493 42 1630 1116 137 1220 332 438 782 1414 234 1142 1630 524 12 1016 735 1207 888 1341 1586 884 5 627 52 462 104 793 878 1531 1217 380 1220 546 1248 1120 12 360 1240 1021 473 1679 154 145 1199 428 1721 1508 1318 382 285 1346 1142 1140 25 360 67 879 382 1586 25 816 42 462 1353 546 1215 118 1400 1120 1351 1657 1353 1372 1002 17 794 1414 17 360 1511 1349 285 745 1524 1142 157 1002 1508 723 1076 337 1382 1524 884 1125 794 1318 437 310 87 1391 11 1391 782 1182 9 104 646 145 559 1382 1133 135 1346 5 1710 234 1479 1346 1217 878 1414 485 64 1579 437 1346 221 221 310 1508 212 1575 879 1065 1232 1353 362 404 1142 1208 485 13 1318 646 136 372 137 1076 1372 1057 1353 793 11 1116 1602 314 104 1508 1524 1208 1372 496 794 212 888 1630 1721 1824 6 846 337 1777 1378 903 794 617 42 145 157 1698 1125 903 67 6 979 1271 6 1228 1207 64 1279 546 532 485 4 1179 1158 372 77 1372 884 1720 1524 1065 52 1741 310 627 1065 1479 1208 372 816 1065 1182 1081 332 310 1223 646 496 1057 1741 794 1510 1575 145 696 1729 362 404 888 77 42 186 1102 1217 1076 135 1221 1346 1255 438 1199 240 1729 285 1479 496 1102 11 857 1510 428 1657 627 1353 642 524 884 1142 1526 557 496 64 438 525 84 485 13 140 135 939 9 11 612 794 884 831 1710 525 332 9 1511 1120 879 546 1255 1081 17 81 493 438 118 1311 1641 52 1487 1158 1096 723 505 1217 1353 1081 1349 1016 64 1586 965 1586 559 1721 642 1679 722 462 340 846 1182 67 360 1065 438 302 64 240 1243 735 6 1208 485 67 11 546 1414 87 145 137 559 1710 1346 1346 1346 26 1351 557 1382 1657 1016 1721 1133 1351 26 884 1351 1179 1243 1076 104 372 846 1508 438 696 1341 1777 559 462 1479 124 546 1065 1232 1511 81 72 493 1524 1076 1531 1338 221 532 135 1338 939 1179 302 1096 857 414 1602 1311 1487 1220 26 1002 1720 1630 1602 1140 221 1698 903 234 863 884 1311 1227 863 1586 813 1510 154 485 1524 884 104 872 1679 745 1125 1657 722 1824 878 617 1311 1372 782 505 1158 221 314 888 372 546 150 221 314 1102 1125 846 81 557 490 1679 735 965 157 1414 154 234 831 879 347 72 1318 314 816 794 1102 1777 150 473 1167 362 939 414 752 1271 340 1120 340 310 1031 642 462 830 362 1158 1243 1721 1710 362 1498 1349 496 846 646 135 150 12 11 813 965 137 1524 1579 20 642 12 87 1223 372 493 337 1271 1720 878 462 642 496 546 11 1414 1526 438 11 878 1215 81 872 1721 939 723 12 362 212 1391 135 1706 646 150 11 1199 846 696 150 382 1400 1102 1232 1031 1353 52 559 1227 285 1255 81 546 404 1076 1179 340 1575 6 1116 1710 846 473 1116 135 546 1710 939 1524 437 1372 857 150 830 1081 1002 1372 723 1720 1338 546 362 382 642 285 1208 872 1372 1133 1279 1679 310 337 979 1641 1221 240 221 642 13 17 4 1227 1081 347 221 1372 9 437 52 212 6 782 525 1031 25 157 360 760 1382 1158 42 372 1378 1824 794 1167 1526 1318 1179 360 9 150 81 382 1199 793 212 730 1002 1349 1657 1279 903 340 77 360 1142 1228 64 26 81 428 302 337 532 1400 782 557 302 485 360 104 1182 81 1346 1031 212 1575 1498 525 1057 1221 1487 6 1255 1116 1182 1729 360 723 1065 1510 1116 532 72 1777 140 490 612 17 793 347 11 140 42 760 884 145 1721 473 546 1824 104 64 1346 1400 1657 1378 382 831 140 1720 52 485 1081 360 1524 1182 285 696 745 723 524 642 157 1208 505 611 285 1487 979 212 782 1400 1167 337 830 337 490 81 337 340 979 9 240 761 137 1524 136 1199 67 124 612 1271 1510 1215 1741 1531 77 1002 1125 104 221 627 525 1120 380 1630 525 340 1102 1255 1133 617 81 150 1400 496 42 1524
