2000 4000
1968 1430
944 1937
264 1479
1123 1310
250 485
850 1376
424 869
968 936
1579 1671
1054 1984
1101 1251
1785 1101
65 1490
1006 800
1515 1498
640 1809
913 652
1693 1347
880 1764
717 1606
946 692
1517 1949
1641 1703
758 681
1334 574
1290 791
1733 232
1680 1029
1398 492
970 422
779 1532
1884 1505
1071 1796
1880 1828
308 1489
1259 1822
187 1001
1809 1912
1627 1095
1253 1546
1959 1389
660 1650
220 1520
802 1491
1221 762
993 1512
1176 1299
686 265
706 123
788 460
1875 1371
1118 577
1914 982
482 378
891 598
286 1580
1883 334
212 1606
1624 1435
1224 1694
220 1172
521 1187
64 1134
1830 1253
1237 48
1594 830
1236 1516
1511 294
415 1083
1281 1401
1996 614
1550 1051
1997 1494
240 964
8 1339
364 1103
1107 1295
359 1532
194 791
1917 536
735 1864
228 918
1980 421
792 898
774 1037
1263 1881
84 1476
1179 43
533 377
1631 481
978 1285
790 797
1089 1048
622 341
606 1119
1937 483
1272 388
1606 591
9 36
553 496
854 852
1744 1499
1030 411
859 625
1669 1743
1396 26
320 24
1412 174
606 387
1617 1294
387 857
654 1464
193 1627
149 29
1672 1710
479 622
509 772
1496 496
1401 46
1449 1589
1416 1208
1745 1887
1418 760
107 873
689 1342
1507 38
1730 102
565 306
1125 1989
471 1170
1946 80
1048 3
1024 927
1305 571
1407 431
1230 1166
1727 39
596 1772
1046 1330
1044 1060
310 1339
272 792
794 722
1718 838
644 1202
1609 1230
1620 1313
1912 1466
753 1804
216 237
822 152
467 547
860 1168
1031 1400
1461 350
682 1232
1376 1703
1858 1477
971 1387
1277 1230
1177 1553
1799 218
1847 549
690 619
213 9
1114 1369
583 1712
1728 1157
1719 452
1751 1633
224 669
1636 261
287 1298
1871 1306
1436 229
1820 1839
1392 1798
1953 1572
11 1182
1192 1422
1714 1533
459 1880
829 1010
545 697
1635 1290
748 1726
750 1458
1132 1758
548 1761
1965 1012
1832 1702
94 340
988 1602
336 126
445 1388
1166 1277
1808 248
233 781
1534 1695
61 1151
1441 598
1959 1071
950 1503
604 208
645 1561
1095 291
1261 1559
1086 117
488 321
234 1444
1508 782
1202 1472
1643 1526
1653 554
365 1338
447 1041
747 174
766 1731
1485 481
601 105
1674 1755
471 613
156 1072
1720 1162
505 1956
707 164
178 1119
1158 71
1498 619
816 1773
755 567
1422 1372
1513 163
172 1968
1013 973
1373 893
1004 278
1724 1185
1779 1375
870 679
1002 1583
1174 583
1373 639
1685 896
1544 446
1703 10
1903 1812
1064 816
1164 473
1938 1317
1379 87
1630 1159
610 1014
1299 626
1954 941
608 1459
1827 354
797 507
130 944
724 1831
72 765
1096 661
1264 1592
1259 721
682 365
946 1445
1742 392
134 1629
1513 1791
1815 1673
97 353
452 1939
1144 1470
1604 986
999 130
874 287
987 1420
296 1709
909 207
1705 454
1899 284
9 146
568 1429
1223 607
1964 1394
449 1140
1143 430
257 1815
1777 1781
1434 1443
6 1704
1251 1762
909 730
1959 1487
1383 1731
372 666
10 1034
1987 1015
877 1015
1009 236
1687 471
307 1595
408 1147
975 591
1557 1354
92 528
948 804
149 1894
1708 243
1394 1954
1392 1760
465 1627
1343 913
1882 498
15 1417
445 705
402 531
1145 1659
1908 1443
1371 1126
1055 669
1392 1053
1967 200
415 318
47 957
1761 1049
1124 1537
1907 1980
1965 1087
1832 1569
733 1943
974 1568
2 1250
451 1551
1058 1561
1067 1625
67 1836
350 706
973 1373
756 1653
1859 709
1829 1739
162 821
208 1530
1266 1420
338 1934
85 1584
1896 1001
1577 435
192 1312
641 190
1142 840
1137 1524
647 211
122 1725
1002 618
1848 728
868 1315
1830 1546
1408 1228
414 609
819 737
873 556
955 1398
211 1425
1394 941
1855 357
1539 120
1212 549
1605 1819
1242 921
1982 1360
680 1570
625 369
418 1984
789 1790
338 1296
1451 1084
1979 1618
1960 853
585 1435
301 1930
673 1562
1158 1434
593 1453
238 448
8 284
1991 552
1586 1578
569 1397
105 1459
1104 1863
1327 19
611 1488
1118 1973
1091 825
655 1872
1976 1697
870 319
801 1024
1284 1780
631 100
1746 1779
462 1912
1564 972
834 908
832 775
1395 207
860 277
922 115
1018 1506
1074 283
1456 36
1619 925
512 548
201 989
1512 137
260 99
1120 1845
302 1838
84 1420
830 1810
301 106
466 1141
1437 1790
1011 1617
1590 1355
1651 1910
1862 185
1050 1152
945 202
1658 1163
562 204
1242 1054
812 1761
223 22
1104 205
253 274
620 52
1273 777
1241 1159
1284 298
113 1652
86 369
1179 1357
92 597
809 1204
500 1546
1573 885
281 296
1356 1698
1114 1198
456 623
731 1844
1149 1301
439 486
1565 111
390 817
94 65
1661 946
991 898
956 1225
981 1311
1009 351
1670 542
66 1750
420 1205
635 1120
246 132
1209 646
1387 1038
246 1332
1997 1985
847 1757
626 1176
1109 141
165 259
544 901
1088 780
1454 1228
249 1603
379 1290
653 736
505 827
1938 776
1260 278
1322 1924
1475 1660
786 468
248 345
1088 1623
953 482
1355 686
1980 1267
657 720
586 1780
1077 1124
1139 981
1581 1210
301 1448
210 1686
1160 1302
1934 1410
1133 1208
1528 115
1921 823
882 1479
722 1638
1698 1847
947 420
1083 1366
836 785
1019 322
595 473
1694 1900
950 1637
1147 1275
758 1450
1472 644
75 922
1687 729
1219 1356
1343 1401
1706 1904
234 1516
1857 1432
816 536
610 223
1503 1472
440 994
1647 610
1620 1287
516 1201
167 503
1759 1216
1814 834
1339 121
1754 875
1003 868
835 1825
467 1041
557 1461
247 1209
1650 747
1855 1476
476 498
568 393
1751 803
501 978
158 1360
347 909
1746 1542
323 623
279 484
1862 1803
1756 1059
435 1805
537 1027
1714 1123
1843 49
1463 867
862 761
376 1968
731 463
1135 1916
1079 1267
388 96
337 642
951 1687
1618 96
798 810
1043 269
394 965
1017 1138
1405 1740
135 364
709 953
795 1021
1842 615
1350 81
1192 1086
1481 965
148 626
315 1452
180 317
319 1873
908 879
404 1869
566 1141
1126 1571
326 1634
1665 1622
1786 1548
299 368
1149 1642
1302 1379
344 689
437 881
1810 102
570 712
297 97
167 999
449 589
1057 1413
1740 1317
655 334
745 1832
726 1632
608 1691
85 1612
1722 752
280 1376
379 194
1031 795
1579 297
1635 1982
331 1300
724 932
784 1302
315 1484
53 1227
1196 1615
1506 510
212 419
1826 898
1492 1522
1633 1370
1153 1985
1686 1089
950 541
902 965
79 1081
600 1433
1746 1158
817 1961
1796 1543
1826 991
559 1200
1266 84
726 1523
1239 335
1571 814
178 606
937 64
406 347
519 659
1507 439
1856 1628
966 288
1775 1513
1891 459
1170 729
1175 1841
1950 1398
284 1128
1314 939
1978 466
1399 1594
513 152
759 1192
1873 233
1669 1214
1927 1513
909 1474
588 1904
1174 171
630 249
52 1951
241 1489
221 903
176 1110
953 889
1759 166
819 667
1710 575
981 704
1195 1359
1175 579
1487 1692
173 1795
1579 291
1725 1121
968 1058
276 156
1022 1640
187 994
336 1638
1672 575
864 1778
1645 627
650 1924
1086 759
1471 1121
688 1106
393 1429
659 404
1991 1858
593 1316
341 1449
950 267
940 695
42 690
1589 622
1688 1724
88 839
1123 42
1224 205
1803 1402
1250 243
1735 1977
1883 1992
168 307
567 665
687 1679
1612 1225
1038 1202
1976 1883
165 1906
1952 305
1676 744
470 1297
133 697
284 1593
1421 50
1877 931
545 191
1636 392
1622 17
1591 918
1999 1616
1723 1292
695 1440
789 136
1277 1208
1351 918
1678 1639
483 944
1874 1500
219 1742
1807 1300
1696 939
1576 641
1345 1410
1678 1806
1994 741
1890 472
750 223
73 1766
935 1560
724 1969
1884 1707
264 546
822 513
1147 1753
405 884
1635 379
680 1226
151 392
428 1136
1743 1923
1644 1587
445 1940
1974 326
528 1922
1875 1126
1663 924
972 161
244 474
1331 1800
845 396
889 1783
69 1017
302 238
947 1067
1815 1897
1003 1374
18 751
196 295
730 1474
289 1912
886 135
311 491
1942 1349
1640 142
148 1365
1135 1794
640 1193
689 1069
1829 58
1483 35
1981 264
956 18
1886 47
488 1019
1770 1730
666 63
559 1320
410 464
1544 1736
1753 1275
1032 186
760 20
130 330
1547 1414
481 89
945 363
1370 1751
1042 292
305 1156
1737 316
730 1896
217 1871
529 942
524 391
628 221
20 1052
520 1983
65 1207
560 1100
1491 1008
843 1240
377 1070
1575 1329
1496 1807
522 1022
630 1188
1230 1307
931 1923
1599 1827
171 583
1065 1217
683 1252
1469 1420
1872 1176
413 24
1565 1442
253 160
1375 1948
911 14
1016 636
241 308
1574 1146
1200 1552
1457 1645
810 110
1328 1243
770 657
746 1254
1693 1097
538 1233
903 1756
1932 1068
952 1656
1075 346
740 398
1139 704
362 411
904 1811
1161 438
309 1334
1340 808
308 1455
1482 933
1546 1265
1695 251
1789 199
98 1856
1684 155
1765 143
285 1734
615 1521
1718 376
511 587
41 1634
1321 1996
1757 736
1199 726
297 1671
291 297
289 1466
618 158
1750 1705
1675 1803
1209 1556
1169 725
1710 933
441 487
962 902
1630 1241
1917 1852
1368 984
1563 565
575 70
1706 1327
1155 936
1239 1181
767 370
1604 1304
1588 1948
192 1220
1413 1849
293 1977
74 1834
1258 664
1934 769
1619 104
594 1865
2 243
1198 320
604 1861
178 1324
734 1243
1193 1044
1093 930
779 814
649 716
216 256
1466 462
25 69
263 1997
267 1099
871 1656
1555 907
1511 1486
142 1022
1332 1034
919 1596
1306 810
459 1652
1468 459
1382 1195
1224 1900
1345 1296
1051 154
651 1565
1515 1272
1073 177
1323 1567
1502 1748
104 1035
1183 370
1837 1378
1948 961
1839 352
1429 1151
681 707
1739 1905
1745 625
1919 1485
1993 539
380 562
1589 341
275 1746
1645 1729
1611 917
293 980
224 1256
118 1134
158 1626
141 1087
1139 1122
1286 1480
103 1076
660 436
876 938
14 1944
661 1114
1944 811
1360 1626
252 91
15 1603
1380 1210
524 1254
1929 1913
1780 1897
1063 1690
90 1744
48 1125
745 744
184 274
1257 1267
1838 493
1237 1421
1701 113
616 1493
515 1858
1923 1877
17 1665
1325 1587
1132 1379
465 1095
1270 1914
1915 1659
1142 1681
84 31
1347 1747
1514 66
282 1431
378 1462
14 1699
1805 1798
1526 825
1815 643
1737 353
1108 1357
1066 614
1988 1818
1442 512
1102 177
1244 803
1567 1110
1977 786
1583 1715
2 198
227 988
1585 110
1958 709
1297 995
1822 530
826 1456
1268 605
1774 1318
473 173
1225 18
970 701
448 470
1288 1938
418 1054
3 55
325 1071
867 1291
679 781
237 776
1458 1026
1580 239
1631 385
577 1973
1243 1381
1887 1876
230 1498
511 580
1876 1415
785 370
298 1936
1306 110
299 1901
1619 145
953 1859
1169 987
154 634
1895 1190
1966 1235
701 1688
1931 262
1001 730
79 960
356 1404
1173 412
361 1944
20 63
323 456
669 157
1763 566
1923 1214
1077 1537
239 1025
1767 526
1567 176
862 270
1547 209
744 1234
199 386
1682 1229
1027 632
1770 54
1142 1024
1840 147
1115 799
85 876
710 1764
1995 1785
1860 1776
1414 1229
888 359
746 1898
1557 788
1205 1067
1276 777
678 1828
914 472
558 738
1917 1741
1436 1021
1435 543
1971 714
1352 1515
855 1446
543 1091
914 155
526 21
1609 1307
791 851
770 720
1440 1581
1161 749
670 51
934 290
903 1240
1296 6
1685 1231
1270 923
787 1168
1111 448
1316 1231
921 1681
1023 875
388 1352
131 329
1533 1032
796 148
68 475
668 802
196 1428
1246 1989
1518 1902
156 1975
855 1093
886 1103
1231 896
78 763
1329 370
1765 317
157 1256
427 76
1386 362
656 389
1427 1835
1065 401
498 1724
971 1038
1146 1443
540 464
1039 116
1406 1844
1099 1787
1833 961
717 975
1418 719
1851 314
1375 275
1857 1711
1164 793
1853 1662
173 2000
1706 743
1163 908
1517 1404
1740 762
728 342
1373 461
839 1098
1075 561
761 1260
450 1213
895 1748
1388 227
1344 948
1972 796
212 12
1962 735
1399 1097
864 1853
1223 1278
1734 558
764 209
1930 60
916 1331
433 708
553 184
1940 705
331 1807
1799 499
1159 881
1534 1333
1613 1633
51 1970
1108 753
1705 1551
497 977
548 651
1467 642
1721 684
621 427
352 1834
1499 1871
21 1675
1662 1778
1922 597
989 277
518 1848
345 1808
1788 1761
1045 553
578 943
1471 1801
570 1920
685 1408
198 1340
590 245
757 1922
683 1169
651 1442
1925 329
1193 958
1381 1004
1003 1654
990 1447
1471 1878
883 57
678 665
138 905
1503 1202
443 894
23 169
1793 973
751 449
523 489
318 1083
1157 1156
242 1319
1186 101
762 1405
1538 1024
767 1329
769 875
1809 1060
1814 908
826 213
136 1350
694 1118
685 1454
755 665
1719 1939
189 239
178 387
296 1732
175 1248
1088 698
1389 1692
1102 1073
596 29
244 1346
859 1791
587 388
309 716
1122 972
809 757
933 1531
1684 1027
1087 418
964 1597
357 416
86 1927
480 1666
368 1789
1385 997
298 586
1258 788
1020 1862
90 144
1753 539
1494 1419
215 1363
1777 509
276 1072
247 342
461 639
1121 122
231 126
621 1766
382 316
837 771
1664 107
550 1986
1084 1890
1967 1893
1136 1349
150 1969
118 1598
1741 542
46 1582
371 1486
1480 1068
1248 1784
1964 1768
1558 305
103 800
975 703
1827 268
793 492
1439 210
1985 263
475 1294
1870 560
166 739
1138 25
270 1197
576 1799
967 797
466 510
1967 1423
1646 920
806 989
1305 1549
467 447
498 1185
151 1742
1443 71
1823 1944
841 1475
1501 979
1199 1092
220 1033
560 1865
591 717
1776 116
1218 713
366 1771
1382 1359
1535 407
1465 357
1294 68
61 393
148 1918
292 1463
1721 675
976 756
328 356
1901 368
1319 129
533 1070
791 1268
737 1459
865 429
134 1559
655 1697
1833 1990
1411 495
1273 1276
434 911
504 1218
1539 574
1908 1574
667 601
93 1677
372 1203
423 1343
996 990
849 128
1173 1623
1804 1108
283 1492
1535 564
701 1280
997 456
278 1381
1484 685
1672 1117
568 358
1553 279
1084 1874
98 680
595 173
540 799
1999 1559
808 2
133 545
422 523
1865 1870
335 1181
359 787
26 984
990 1190
1224 1104
1341 274
1188 15
1487 1389
1111 995
160 923
984 68
446 1736
1344 804
1866 711
463 648
1738 1654
1996 1417
1791 1927
1470 1711
164 681
1943 997
152 1867
1283 371
1774 1572
1953 1854
663 1943
1723 1105
1564 1667
1778 1853
754 1866
1667 972
1321 585
885 856
1452 1484
1338 682
858 1111
37 1569
1542 71
1380 1581
1680 282
1659 95
1091 1624
390 844
1076 977
1191 367
185 1020
450 1433
1045 1341
1062 650
1282 1235
1159 884
866 1695
784 87
43 1108
87 1302
684 675
1887 1438
1938 237
1059 1240
202 1163
334 1976
1928 1021
1166 1208
916 1800
95 661
1847 1212
748 578
12 1606
853 279
1991 1263
656 1078
1217 869
1734 1505
636 765
1763 1141
320 413
877 654
267 1637
1806 1116
943 1902
517 1936
1774 259
1031 856
1500 966
586 643
254 1200
109 1061
1016 72
1086 1115
1936 1560
279 1960
1529 1752
663 733
477 1807
483 330
936 1058
893 1013
24 1198
610 750
1806 1639
1818 1521
4 1816
146 718
1477 1991
540 1115
1820 1716
1757 910
859 86
599 885
947 1336
618 1715
475 1617
965 962
353 316
1196 704
664 1354
368 199
1648 1777
1514 828
569 1244
7 1293
363 756
1067 1336
629 1722
976 1653
1303 559
195 633
342 1848
250 1920
1444 1236
1521 112
1754 1023
1700 1377
799 464
637 1347
1252 725
809 58
361 811
916 1344
1053 1760
1495 313
1294 1368
373 1598
1497 763
43 1357
529 378
1005 1489
632 1007
260 531
1835 1305
507 967
1854 657
402 1255
348 847
426 1925
319 781
1668 521
1577 224
1416 1277
1130 1419
1616 1002
67 1926
196 891
910 348
360 744
832 1913
1262 1160
490 1247
1275 1993
904 900
141 1965
642 746
779 1571
838 376
1101 1167
816 1852
652 423
751 956
1576 190
16 1093
1365 1972
1970 1309
54 1509
1885 852
1460 1219
258 531
1582 1028
1478 622
457 1061
796 1365
997 663
771 1891
1285 129
127 809
1085 401
522 142
1613 1591
1701 837
358 393
1956 1206
356 1162
1693 711
1450 1005
649 309
1189 228
1133 1189
1861 1550
1953 770
1569 1702
836 1183
937 1598
62 1838
1829 1905
617 169
1678 986
1706 588
1881 552
1500 288
1369 1096
564 1568
190 164
1645 1916
563 1883
1885 854
1145 1569
1990 1588
1320 1200
1610 1909
1954 1768
843 1059
917 1092
1940 227
1002 1715
1450 308
876 179
1908 1146
1347 711
556 549
478 435
1044 1525
364 786
1063 525
250 954
613 513
1879 1279
1134 720
802 1008
1712 171
951 67
1687 1170
213 1396
1810 1399
492 1649
450 968
1678 1116
1963 1768
764 92
534 1415
929 1961
1763 310
1576 741
1361 188
1054 1087
1014 1458
1841 222
1813 1293
474 1881
115 226
1048 1686
943 1518
1383 766
1854 770
125 203
325 1389
58 1905
1367 263
1752 905
1479 411
29 1772
739 1759
1309 1876
29 125
1235 1895
1914 206
1729 627
397 1878
1468 1880
39 1998
204 380
985 1719
1839 74
1849 1057
112 1842
451 214
1712 34
790 1511
1543 639
264 45
144 1744
71 1434
1823 1819
5 1012
1875 1571
1721 167
1299 1918
525 1900
245 848
901 1717
1308 262
34 714
1485 1949
1098 192
528 209
1705 451
1040 248
455 1850
676 986
1417 535
852 299
1725 358
681 1005
1728 1595
724 805
374 1792
1747 1693
581 562
1183 785
1935 884
1699 811
1652 1891
1500 1451
327 1113
952 1105
1676 1702
1446 16
1935 871
775 1264
1694 525
1899 1128
617 1627
1585 1884
399 1367
1925 1540
1824 1519
1514 959
1491 560
812 512
1154 93
1380 460
1504 1634
1088 1863
1281 1289
1484 489
829 1432
621 73
1738 1247
49 960
486 2000
1071 1846
497 1253
19 1904
101 346
614 235
185 1541
1522 1046
376 172
1800 1427
969 1283
582 1218
1295 1713
1107 440
169 1563
1480 1932
229 1651
994 1713
119 101
927 801
727 1055
1190 996
1755 1229
733 728
1056 727
105 819
945 1658
506 1548
184 1341
1743 109
1533 1856
643 257
260 1956
1079 421
1926 183
1130 1554
1253 197
1896 187
311 917
1064 1773
1241 884
913 89
80 887
1285 501
647 1425
1231 1643
1987 1709
1711 1144
1999 1261
406 1395
256 136
930 32
1901 1789
398 1924
1073 1653
1249 831
1387 1017
480 133
1552 1449
1495 1483
1397 602
1157 307
679 319
493 1461
1259 695
1601 713
1288 1740
232 1236
539 79
1512 572
1051 1861
416 1465
768 119
59 867
1955 280
1329 1825
1323 906
815 406
62 493
1688 1280
1186 1362
1085 295
1911 57
91 957
912 1359
1882 349
715 1893
995 470
383 219
840 1681
1353 440
837 789
1845 1755
262 495
754 637
1610 1840
1203 63
1370 1351
1077 1651
1314 1696
77 1769
1061 417
1699 841
1322 398
1945 392
1792 768
238 62
307 1156
501 242
1669 109
760 719
804 916
683 1689
1562 1937
1614 93
1561 432
1822 721
168 1952
1903 1607
437 647
1322 740
1508 313
1362 768
130 483
875 1151
478 1577
476 381
1213 936
1599 354
592 1535
386 699
1183 925
1428 891
351 236
31 1855
1428 598
1587 1813
1282 1895
1988 959
153 635
1311 1122
1880 678
44 1085
503 330
77 1890
1574 939
275 1542
865 1888
1859 723
1140 245
396 783
13 124
221 1657
1724 1148
1117 933
367 17
1979 1973
285 558
1777 778
457 1669
778 502
1657 1541
353 1671
1641 132
1794 1337
44 295
1109 1965
1584 1137
564 111
1820 352
1502 1298
198 1250
630 1269
1784 175
1394 373
1492 1074
1467 348
1844 930
203 1894
1335 153
673 38
440 1713
959 1818
452 1727
414 1131
137 993
941 373
114 99
294 1486
1490 33
495 732
1483 654
779 892
1265 123
843 1407
1525 823
50 48
800 1076
204 848
920 521
573 1913
863 1639
1973 694
1601 742
1211 906
921 1358
675 167
1249 605
1879 741
696 1941
1417 235
1497 161
1462 1958
1112 1696
782 1793
98 186
757 1204
485 1797
486 38
1090 1535
518 728
249 1269
647 881
1215 349
725 1469
1816 572
231 1348
1586 831
863 1806
281 1732
1293 273
1117 1710
641 1994
938 1584
648 1555
710 1470
1135 1457
888 787
1035 1817
891 295
1892 1794
1238 1312
1437 789
369 1745
24 1369
470 1111
1483 1464
1910 1537
138 1019
57 324
786 293
707 758
751 589
988 1868
793 1649
1596 1605
455 627
188 19
969 687
1787 404
998 1998
218 576
1716 1771
1613 1351
594 1870
1029 282
1962 1864
1346 156
1268 851
1107 1257
974 1442
1155 645
628 384
1 427
955 576
699 41
1573 1274
853 1184
979 1998
629 333
633 1215
203 1802
737 608
1245 1069
763 413
251 866
1975 1303
1006 1076
1584 1524
1674 1229
1337 22
1216 1226
940 1210
1406 731
846 765
1909 1143
1363 432
1204 127
402 258
473 1795
1834 904
1210 1440
659 1869
101 1362
442 453
1490 94
294 1283
1641 280
1510 870
692 236
1427 1305
1311 1139
1622 1080
1271 1526
534 1876
1987 877
478 1256
1544 1129
1997 1419
848 590
176 1323
1377 1386
643 1897
1795 1527
1165 1617
1196 56
1262 1227
522 677
627 1850
1868 227
1665 332
1342 344
1272 1352
1520 899
1120 1674
1751 602
778 509
1403 1235
1805 1577
340 443
963 124
115 849
330 999
1249 1268
1366 409
736 336
878 289
961 1824
570 1849
1447 453
431 1292
927 1681
1257 1079
1839 1834
871 952
636 1056
815 1395
331 496
1656 1105
761 1782
1166 1609
714 107
195 1192
1663 765
889 723
121 310
711 637
168 1156
1708 821
1326 683
1346 474
589 1140
66 828
416 1554
587 96
1604 1116
524 1898
787 860
1494 1985
1391 1716
199 41
1686 1439
1334 1539
216 81
1858 702
850 705
1549 1835
1271 1091
1346 1072
1562 1507
1196 981
329 40
852 1655
1628 1714
666 20
608 1222
30 1726
1064 447
1829 899
853 484
312 1508
1952 1558
1353 1001
1168 277
773 1464
477 696
1776 1039
966 1689
1782 1260
1943 518
1763 121
1951 1110
854 1655
1677 1614
166 1869
1721 503
254 1320
885 1274
546 754
1120 339
82 1184
842 863
1600 508
404 166
469 755
261 306
1929 487
1472 541
1971 873
1060 462
1798 435
1214 1877
1234 1136
412 1623
1647 223
1786 506
1621 507
81 776
396 380
1278 607
1109 5
1011 1165
1969 1831
436 1650
992 870
596 149
1920 712
1708 90
1478 479
1752 1232
846 1808
1874 966
549 1664
1775 163
839 192
418 141
1376 1955
970 523
147 934
1714 1310
573 775
698 1104
1308 181
238 858
377 1124
195 759
1760 1000
1536 1564
27 1309
1433 1411
34 1971
10 132
137 572
1662 1590
783 380
129 242
56 704
1621 790
857 1018
658 410
256 1350
1290 194
506 1269
1471 397
131 983
1739 1520
228 1133
1906 868
1475 993
1284 517
949 567
1996 235
1470 1683
1409 1075
170 6
1106 708
253 1341
1692 1324
611 400
1222 737
150 1831
1494 1130
1950 492
1403 1282
399 40
207 347
395 824
303 1161
1027 1007
517 935
578 1426
1732 271
251 1178
738 285
476 1185
1161 1181
1249 1578
1992 390
691 1971
1388 1868
1251 1167
269 906
667 73
1974 1504
1393 929
900 74
1326 1252
658 849
750 1014
1287 1313
1396 984
1951 620
1384 990
736 910
1438 369
1114 1096
366 1820
16 1223
1090 1781
1390 12
949 1828
866 1333
268 1599
1527 439
825 1271
1824 1364
1436 1928
1242 1358
76 1766
574 555
1304 1179
1989 1152
1575 767
672 1031
1103 135
323 928
1734 1150
1059 494
1837 684
685 315
519 1787
1942 1986
1278 1264
1652 1468
1194 742
57 355
1545 442
935 365
638 1662
1000 960
646 1556
1464 35
754 1981
1475 434
1304 1357
1497 78
854 354
1150 1884
1553 1960
154 1550
1865 1491
1052 719
1335 339
198 808
531 114
240 1597
798 1585
842 1418
575 100
671 1563
61 1429
1964 1963
1732 1709
940 1440
1982 379
408 662
1026 1014
1004 1260
482 709
858 302
910 653
211 437
743 588
667 105
1144 1857
1739 899
1018 1978
917 455
579 596
1950 955
718 1359
1387 644
174 1650
1833 1824
1205 947
450 600
1195 1548
1487 1324
1145 37
1655 299
1618 511
1255 747
1204 1922
1393 446
749 438
1673 257
671 169
781 1873
454 333
1804 351
1886 91
924 846
1327 1094
168 305
1758 1788
696 752
864 286
1025 189
915 453
698 1863
656 813
1069 1582
371 969
327 527
976 945
1479 45
694 1600
63 1052
468 1977
1747 1097
436 83
1342 1899
372 1424
1112 1146
1940 1388
1680 147
1029 934
544 268
485 954
1844 32
872 1407
1793 1508
395 44
587 1352
1950 576
959 615
1793 1013
1517 1720
159 886
546 1981
1810 1730
1534 241
1701 771
344 1245
139 222
1827 1717
236 1661
942 150
895 1209
1050 458
197 497
1626 1635
1172 1276
181 303
1314 1070
1010 1431
1899 344
1550 634
1726 1878
206 1036
1008 1100
813 1821
191 469
650 398
1276 1033
27 51
333 752
1931 1308
640 1060
165 1774
1958 482
100 1672
745 1702
108 1762
1684 914
590 1140
314 1425
597 757
1039 1608
415 1677
864 1580
1174 1173
354 1885
1102 554
1723 1656
1150 1505
1281 46
1176 655
1595 1157
1035 1640
996 442
1182 273
489 1452
1747 1594
1821 1191
106 1448
1463 1291
1987 773
1881 244
723 1783
769 1023
710 1683
857 606
62 302
1754 61
1445 692
1864 774
389 1078
920 1903
127 1905
878 547
983 399
1629 108
635 339
1698 1212
989 1597
1306 217
408 255
1 76
844 817
374 143
1343 1281
273 11
347 1395
880 616
480 738
722 1348
822 613
551 1802
714 873
1066 585
1412 747
693 390
1547 1682
1410 338
738 1666
1643 1685
598 1995
1405 177
1384 1895
682 1529
971 69
547 1041
912 146
670 538
1607 915
1374 1738
1586 1247
974 1565
932 805
283 1784
360 1234
712 1413
1666 697
83 979
1121 1801
430 1925
675 1837
95 1096
1767 206
1180 188
73 601
502 861
1181 749
445 850
1393 1961
564 592
322 321
1737 233
499 1668
1473 907
571 1800
1017 971
642 1254
204 581
1760 1843
820 1516
1321 614
1018 387
1274 458
1615 417
985 1983
1741 894
552 1263
1610 1143
1632 491
1258 1557
286 1025
360 1136
1154 1614
1171 436
278 1782
1608 932
421 1297
1641 10
1011 183
1770 1509
1825 1575
1921 958
814 1126
336 653
1537 377
140 1053
18 179
1663 72
664 794
1886 716
1481 394
1459 819
1299 1872
962 200
1261 1616
1240 1756
672 1400
1947 119
1049 1132
420 287
1318 1953
670 1233
41 386
925 836
824 401
1430 172
820 723
508 694
763 1536
70 631
1197 1782
799 410
1 1322
998 1501
1790 136
1538 801
798 110
170 1704
785 767
48 1246
424 1217
1889 314
1423 902
1295 1267
1773 447
1 740
624 248
1930 992
1007 537
1871 144
1385 456
1153 1367
1947 1792
293 1735
1778 286
343 1562
893 639
1622 367
469 567
1841 890
695 530
727 157
1898 1555
1286 1932
1638 126
1269 1786
501 129
1068 1201
578 1518
240 269
162 1708
1556 247
1888 429
34 691
1862 1541
1974 975
1596 1889
1780 298
1785 1167
1187 1668
266 845
1670 894
961 1990
1123 532
1364 1319
1015 296
851 194
322 488
356 1720
1449 254
734 603
755 191
160 274
1257 1295
698 205
268 1717
601 1766
1699 911
469 545
3 1089
1241 405
535 1603
843 494
718 912
1081 1993
1909 290
213 1456
1796 325
1812 1545
1460 327
1141 510
1945 219
425 686
630 506
890 1175
666 1203
1594 1097
327 715
145 925
384 1657
424 1065
47 716
1039 1194
1172 1033
139 403
179 1612
717 703
887 1946
1291 978
1673 928
1499 217
1016 1056
517 1560
1077 1910
1026 963
882 1030
1220 1775
49 1000
1082 690
1430 1403
944 343
1169 1252
790 507
1101 1995
555 1539
375 270
593 514
743 1340
100 70
1080 1665
741 1279
780 412
1143 1540
1585 1707
270 1797
602 1370
255 662
998 39
1966 1430
892 359
1663 846
1425 1851
1748 874
680 186
1560 1338
897 1424
1099 519
1063 674
60 301
1392 140
351 753
1403 1966
155 537
128 658
1409 561
1930 1510
514 1609
1402 526
35 1495
391 648
823 958
1409 926
78 320
1502 895
116 1601
1830 500
584 189
571 1331
1823 919
1855 1465
808 743
541 1503
983 1153
1754 1151
1262 53
919 1819
163 88
1528 75
170 1296
225 1733
624 1040
45 1981
1330 1522
231 722
661 1915
1110 52
649 1334
425 1590
811 14
863 1418
1707 1505
1929 441
563 1976
942 1969
1010 1029
271 281
461 1543
397 1726
1168 888
1983 208
82 1963
313 35
234 820
1261 1583
1476 31
375 485
1197 761
1570 1226
382 1737
1683 1144
546 1866
463 907
240 201
1970 27
1501 1171
1933 1835
1160 53
1580 1025
612 1802
245 581
300 1928
271 55
1165 183
599 856
272 869
858 448
1316 896
973 893
30 1426
739 1869
653 126
1378 170
1400 1021
1481 1149
1728 1312
1462 942
1082 619
599 1573
1946 1921
423 1401
565 671
1266 1469
915 1545
1885 1599
121 566
36 146
55 281
153 339
1046 1074
1593 8
835 1040
1325 1771
371 1679
1769 914
1386 1700
871 405
1178 433
1064 1852
876 1612
1316 1453
1735 335
1336 1625
1655 1901
265 409
1744 162
982 923
1390 419
381 349
841 434
1900 674
1911 569
1223 1446
1667 1122
352 366
611 1946
1162 328
1859 889
1931 1411
1431 1432
1496 331
708 688
1691 70
1130 444
692 1661
1809 462
239 1566
378 1958
383 1960
206 982
425 1355
454 214
1854 1572
915 1812
389 1821
405 1935
1689 288
217 810
1153 263
1957 1424
1530 1861
1047 1381
673 343
693 817
1597 201
1523 103
224 478
518 733
1758 87
1238 1728
612 203
1049 1788
881 1630
1416 1133
1986 1078
1034 132
1779 1588
1860 1608
872 1292
1160 784
1911 883
60 1448
1148 1185
329 426
215 662
28 1825
1441 1428
1531 1482
1184 1963
860 806
672 599
931 317
1191 813
1491 1100
7 1813
1289 1028
1244 1397
520 985
1603 1188
66 1551
1851 1596
1055 1056
1246 1152
1865 1100
748 1426
1273 796
617 23
1368 68
1540 426
862 1197
534 1309
659 1787
1248 1233
901 948
484 1184
1765 1877
23 465
874 1298
1919 1517
1113 1460
1727 1939
748 30
3 271
342 1556
142 13
37 1832
705 1955
1516 1444
1399 830
903 628
1128 1593
732 600
1377 210
1062 818
287 1205
803 1397
289 547
1894 125
120 555
1266 31
355 324
527 1219
1288 1317
1578 831
700 1879
12 419
1361 1180
1075 926
688 1932
660 174
1486 1283
1919 1949
1644 7
1213 968
762 1288
532 1082
144 1499
1258 460
652 1631
52 1567
165 1315
804 807
232 967
1003 1906
1683 1764
1811 603
646 1502
1853 638
1390 1421
1555 391
1629 1762
1094 19
1907 995
1574 1112
1238 1595
1523 800
5 516
1544 414
1964 1954
400 1488
1274 1050
402 1412
1776 1608
1084 77
1507 673
1583 1616
1441 1785
1378 684
180 1792
943 1426
1837 1704
225 1444
938 1137
1383 1287
1476 357
1941 1300
119 1362
988 1227
290 1840
543 585
1244 1911
197 977
668 1008
1407 494
974 111
1697 334
504 742
656 1986
550 428
505 304
427 740
25 93
1978 1506
444 1465
1878 30
384 1541
677 963
1220 839
774 106
1941 477
1720 1404
850 1955
962 394
1630 437
1879 1994
1034 246
1719 520
628 1756
878 1466
1789 386
1816 609
861 1509
1634 699
151 306
866 1178
1821 367
1700 362
1158 1542
72 636
484 82
1993 79
588 1340
1717 544
230 690
1764 616
525 674
803 602
1992 844
934 1680
1332 1538
660 1171
609 1131
1441 1995
620 91
1675 1020
1679 969
1129 414
1664 556
140 1798
924 1808
725 987
59 978
1749 1593
818 650
1315 1906
1058 1155
1554 444
1598 941
1493 991
827 304
1893 1113
1256 669
88 1220
1684 537
828 1988
97 1671
1345 338
1348 1354
1509 1730
26 826
242 1519
1044 640
1188 249
949 665
1866 637
1010 282
1382 718
580 577
468 1103
182 1836
1745 1438
23 1563
569 883
225 1236
1552 1589
624 28
365 1232
1790 1350
1364 1519
1452 523
1092 311
303 438
1811 734
22 1892
1636 151
1310 1628
193 1095
623 928
497 1830
879 1163
162 90
824 1065
1644 1391
1013 782
1696 533
1936 1284
1165 475
1722 1941
1036 1767
577 1979
986 1116
1228 479
1982 1626
486 1527
912 36
742 713
471 822
1457 1916
1211 176
186 1570
1314 533
1400 795
726 103
1933 400
1216 739
1813 273
1089 210
677 124
1802 1524
835 1575
228 1591
604 1983
1006 197
1344 1331
337 1254
399 131
697 480
855 930
1801 397
1170 613
1228 1478
481 385
536 542
992 60
1629 1251
231 1638
412 1174
1536 161
326 1504
1842 1521
1781 1648
154 1361
1620 1383
764 1682
96 511
346 1186
1767 21
500 1265
805 1860
1422 633
1356 1212
589 956
1788 1132
457 109
1246 1125
1474 1896
838 1731
1047 1243
937 118
1924 1062
1402 21
1218 332
621 76
1888 561
571 1427
1451 1874
1127 707
1948 1990
292 153
431 1723
1481 1301
50 1390
777 1972
1042 867
234 1783
465 617
615 1818
919 1605
1127 190
1180 634
1870 1100
291 193
460 1581
848 581
1437 837
619 230
137 1660
83 1171
693 1393
1530 604
1525 1193
65 1057
1189 1591
1237 1125
1219 1698
1957 897
769 1410
1255 258
710 616
321 1162
1632 1199
1178 1106
1495 312
28 835
1463 1042
1238 1098
1201 1480
1554 1419
1952 818
426 40
215 645
17 1191
668 922
1794 1457
1631 89
1688 1148
1129 1736
776 216
180 143
931 1765
1406 32
1620 766
1450 1489
150 529
1779 275
1559 108
557 350
1811 900
1186 926
1646 1903
476 1882
488 138
215 432
332 1080
1293 11
316 97
732 1433
312 782
383 1553
441 1531
145 836
1310 532
823 887
1371 865
434 1660
314 211
539 1275
1311 1667
226 1528
928 257
1211 1043
689 1245
92 209
1646 521
433 1106
355 883
1413 570
1532 888
1303 1320
1852 536
394 1301
337 1467
1817 104
558 1666
56 417
8 1749
830 102
1611 311
1180 1094
1758 1379
1689 1326
304 1206
1045 496
152 1445
1707 798
33 443
1600 324
122 358
842 719
384 221
746 524
1527 2000
1102 1221
924 345
1915 95
907 648
1838 557
362 1030
1330 886
22 1647
1568 111
123 500
1462 529
106 1037
1303 276
1752 138
732 1411
603 900
1035 1022
1654 868
878 1041
749 1239
520 208
1614 415
430 1610
700 1279
1625 406
1857 829
1605 1889
1207 94
1037 1448
550 1349
882 45
1318 259
81 256
768 1947
805 1831
721 304
1690 11
1601 1194
1318 1572
541 267
1298 1748
1501 83
88 1775
218 1187
442 1447
1353 994
1833 1364
4 1131
1715 158
1118 1600
1242 1984
851 605
1307 514
493 557
1762 1167
1682 1414
573 1929
26 1368
113 771
54 861
243 821
1578 1247
1888 1409
926 346
313 312
1873 382
202 1658
1654 1374
202 879
446 929
1989 1050
180 374
1365 1918
177 1221
1173 171
1085 395
1566 584
1328 734
1843 1000
350 123
1372 1215
422 1280
266 897
67 182
1962 1287
1019 905
134 108
620 252
745 1676
1207 1849
1845 635
1694 205
409 686
1864 1313
756 554
840 921
1372 349
1498 1272
825 1624
1327 1904
420 874
1651 300
842 1639
562 396
1611 1850
632 1279
1245 1028
1289 46
324 508
1602 1262
1119 1324
1801 122
1195 1786
157 1055
1742 1945
1221 1405
514 1453
1066 1321
1435 1066
1733 797
638 425
1773 467
985 452
1623 780
417 457
1226 1759
1447 996
1978 510
1222 631
1177 383
1867 1445
631 1691
159 135
792 991
1582 1289
1836 1926
1023 1934
1271 1643
586 1897
872 494
1369 1198
1552 254
1081 49
1972 1273
1919 1404
727 1016
1215 381
758 1005
1438 1415
1536 1497
4 572
583 691
1042 1335
85 938
444 416
1850 1729
1213 600
1164 1649
1931 495
1280 1148
1177 219
56 1615
13 677
244 1072
1886 957
1621 294
1319 1519
181 438
1615 1061
1772 579
964 1043
618 1360
1587 7
1692 1119
688 1286
1749 310
1363 662
1564 161
901 807
1984 1358
513 1867
428 360
1659 37
1493 1826
646 895
276 1975
902 200
1926 1011
332 582
982 1270
1339 1749
364 468
580 1618
1437 1701
218 499
729 182
490 1738
432 645
834 112
760 1052
1772 890
1840 1909
1187 499
551 1137
1860 932
949 678
1769 472
1391 1771
703 1504
1336 815
443 1670
225 232
1270 160
1282 1384
1558 818
538 1248
1703 280
321 328
1640 1817
260 114
1207 1057
847 1467
516 1068
375 1797
191 133
509 502
1234 1676
1743 1214
629 214
535 235
1147 255
300 229
703 1974
1713 1107
1051 1530
326 699
1453 896
828 1750
1799 955
116 1194
1770 102
408 1363
1416 1189
652 89
1511 1621
1398 1649
605 831
1602 1868
821 1250
272 898
1007 700
1371 429
1529 1232
526 1036
515 833
880 1826
987 1469
1094 188
504 582
735 1037
1822 827
189 1566
290 147
731 1473
449 590
538 175
1551 1750
958 1525
1264 607
872 431
64 720
1342 1128
979 998
255 1753
262 181
1074 1784
128 464
1695 1333
1674 1845
1455 1333
584 515
1957 1203
315 1408
1113 715
409 318
1135 1337
1356 527
1709 1015
1975 559
1675 1402
328 322
826 1396
772 861
1718 1731
824 424
1917 542
50 1237
1910 229
361 1823
40 131
78 413
1492 1046
454 451
1179 676
1942 550
1177 1945
120 1518
44 196
1592 775
1358 840
422 701
1817 1619
1677 1083
1098 1312
69 1138
207 1474
807 948
277 806
1856 1032
1512 1816
164 1127
381 1882
1338 935
1644 1325
1446 1278
1769 155
247 1848
1526 1685
472 77
651 512
1422 195
430 1540
107 556
175 283
1891 113
784 53
584 833
441 1482
117 759
75 668
1506 857
721 827
16 855
1036 1914
1657 185
1028 1069
890 579
845 897
318 1366
182 951
306 1636
1921 887
241 1455
1966 1968
1124 1070
597 528
1043 906
490 1586
149 125
834 879
980 1239
869 792
1697 1872
1538 246
1992 563
1009 753
794 1348
1642 403
226 658
1092 491
552 1477
970 489
626 1918
1607 1812
563 844
13 522
75 802
33 894
1349 428
253 923
491 1199
1182 1063
508 355
1335 292
1510 679
1520 1172
918 1613
1920 954
929 1736
1040 28
1451 1890
1328 603
1313 1962
127 58
1424 266
1648 778
1478 341
366 1716
633 1372
400 80
1933 1549
700 632
1828 1468
1482 1117
421 1907
595 1164
654 773
519 1637
992 1510
27 534
200 1423
1898 391
1386 1439
638 1590
1152 458
458 1573
1534 1455
340 33
1757 348
317 143
1847 1664
1233 51
592 1090
1690 1182
554 1073
964 269
1803 1020
39 1939
172 838
1190 1384
374 1947
1722 696
644 1038
951 729
226 849
1729 1916
1217 272
1805 140
1894 612
1579 193
139 1642
1937 343
544 807
502 772
1908 1434
1893 1423
309 47
1797 862
957 252
179 1225
1458 963
1889 1851
1604 676
112 1814
1414 1755
1668 920
382 233
1523 1632
1326 288
395 401
265 1366
1660 993
1473 1406
1030 1700
439 38
580 1979
1543 1846
1942 1078
1473 463
553 1496
663 1385
1317 237
1529 905
300 1436
1345 6
1928 795
335 980
1691 1222
117 1115
693 1961
385 1949
1863 780
333 214
548 812
715 1967
1012 516
1994 1576
504 713
453 1545
976 363
1045 184
1265 706
118 373
551 612
1673 323
42 532
1892 1647
1935 952
419 1421
1004 1047
1570 1216
1531 487
812 1049
1408 1454
594 560
764 1547
1374 490
201 806
954 712
561 865
474 1263
832 573
609 4
261 671
461 1846
1913 487
1670 1741
1592 607
1285 59
1485 385
59 1291
832 1592
1206 505
551 1524
1980 1079
1131 1129
833 1566
813 389
1725 568
595 793
980 1735
592 1568
535 15
99 1956
1112 939
222 1175
530 940
230 1515
1804 43
611 80
1090 407
1875 429
1082 42
1970 670
64 657
1690 674
1412 1255
433 251
856 672
691 1712
1323 1211
946 1867
783 266
1109 1012
1927 859
967 1733
555 1902
1149 403
1704 1378
163 1791
1796 1846
1047 1328
220 899
833 702
159 1330
623 1385
1308 303
904 74
1301 1642
1602 1227
565 261
1957 372
32 1093
676 1304
1558 1062
411 882
104 145
1633 1351
1048 55
1380 788
1377 1439
1607 1646
1933 1488
773 877
25 1154
1325 1391
345 624
1026 124
922 1528
54 772
1456 9
403 222
1201 5
566 466
664 1557
1286 708
702 515
794 1354
1522 159
183 1836
1332 801
1382 1548
1105 1292
1711 1432
1150 285
503 999
1361 634
1206 99
82 1768
98 1032
1783 820
1841 139
1431 829
1138 1154
1127 641
1998 1727
120 1902
1009 1661
407 1648
1628 1533
591 212
1658 363
983 1367
543 1624
1959 325
937 1134
1006 977
1080 582
1999 134
187 1353
913 423
1951 252
892 1532
340 1490
258 114
1099 1637
410 128
1887 1415
735 774
1588 1375
629 752
1315 259
1081 960
1843 1053
1461 706
1781 407
815 1625
1300 477
1488 1549
1355 265
2000 1795
1988 1514
1460 527
649 574
361 1819
1477 702
1493 880
841 911
1142 927
530 1259
540 117
479 1454
892 814
375 250
86 625
1611 455
845 783
1842 1814
1907 1297
1718 766
593 1307
1915 1145
1892 1337
847 337
1155 1561
1033 777
1020 1161 642 1345 535 211 1604 696 1767 558 1608 1480 865 1333 1783 1058 56 1687 1152 1711 1284 854 317 88 1893 1762 980 885 1670 187 471 1062 1558 1631 656 1768 78 231 1132 452 1492 1855 1728 409 628 709 172 1474 916 1476 978 165 575 608 643 105 1831 1387 1415 293 200 814 1710 350 1562 1250 1750 1759 1891 1036 1436 895 1025 1592 1991 1022 490 91 919 1526 1214 338 1127 472 1682 990 579 997 716 1167 169 1395 1895 1561 82 1844 307 1864 1113 1037 127 612 833 872 1028 290 1635 395 110 1175 593 1241 1204 1115 1988 44 1978 347 125 180 692 194 821 863 1672 1086 1388 1984 1419 223 453 557 1189 394 963 1211 1341 733 1662 910 539 867 119 1169 874 1769 441 1372 1671 34 325 1740 1408 1146 494 1933 901 385 965 1275 95 1166 995 509 360 1872 219 1009 318 212 1627 275 237 1122 973 162 1225 680 1685 120 947 1749 1753 1271 1290 1865 793 1150 1917 507 1191 1000 312 378 1974 407 828 1160 1494 1652 153 1235 1674 1697 1617 1280 787 1140 1396 638 1320 1481 1765 1256 929 1215 1172 249 329 1381 1294 1663 856 904 16 1987 569 1816 1454 1851 1088 15 302 20 1786 1734 1217 812 1916 155 517 1420 1163 1930 1694 555 767 888 1780 1571 523 168 1274 1940 925 1213 752 1117 359 1114 322 945 458 627 1903 1703 1880 1506 157 1575 644 418 1607 1273 1432 1934 150 1581 334 561 645 437 971 698 1183 1913 776 483 1541 442 311 1410 957 7 408 647 309 746 1498 1455 292 813 948 1109 1010 323 1007 516 174 693 840 659 658 1322 1952 305 118 1900 299 89 729 730 755 1833 673 1489 1646 728 451 222 1266 52 1257 1364 954 1085 1077 208 1407 1559 1944 766 227 702 889 129 786 1080 1969 819 1732 1595 306 1503 1832 726 468 196 145 70 1330 633 1232 961 739 1597 57 1496 988 879 4 1707 345 121 1573 276 1448 30 380 1699 1968 303 331 1293 719 1493 682 1846 61 1358 1071 326 198 1656 411 1700 190 1017 454 1524 412 1118 1661 1874 1312 784 599 926 1902 1983 631 1624 90 1348 1898 466 107 541 1479 777 804 1958 713 415 1906 450 1021 68 136 447 1304 930 525 1337 907 1125 1318 949 232 796 1045 262 1557 465 566 1352 1546 810 1691 938 1254 1135 261 1255 843 757 109 1468 1201 1097 668 1538 1067 1982 315 688 1545 960 1192 808 1744 491 238 1929 1757 1966 1263 905 1947 1187 718 28 224 336 1572 233 1046 731 1955 368 838 243 816 1301 943 1268 827 1965 250 823 1418 605 220 49 1110 1777 11 1834 604 687 1843 588 1741 1806 1921 534 743 763 1877 1138 253 866 1956 1073 1613 1283 1644 1394 32 1104 1116 1856 1446 982 1784 1551 496 975 921 1980 1882 1553 1793 1508 1190 625 1543 587 1638 66 1677 1926 1269 1228 179 1636 817 1184 1937 1997 133 1698 1361 595 321 690 1194 197 1828 1567 1517 1343 1049 177 1038 247 1839 184 1667 1841 1696 51 1628 1919 1791 748 1845 1156 1690 1693 1483 596 1805 2000 239 1669 1393 404 1464 939 1026 1824 1588 1141 374 681 1054 1032 1346 857 1525 1675 1743 1788 1244 425 316 386 1852 167 1023 1945 756 887 989 1370 845 1295 1258 1779 1035 499 1972 1147 1406 896 622 1908 667 1535 506 1076 750 1886 931 770 1319 1069 175 1015 589 715 1084 653 1366 62 352 1985 1875 1124 83 927 760 1093 1195 1709 1027 1992 902 977 320 1462 229 1612 217 1724 864 1197 298 1866 511 738 480 216 1951 1904 1 528 703 1853 1630 1736 1356 1836 1103 1261 1188 1619 1491 500 1959 1922 1486 103 565 820 510 527 27 427 621 1568 48 1633 1648 173 1484 1771 1714 351 1107 1089 23 37 477 835 899 764 1747 790 1065 941 762 1587 287 1083 1031 1185 1871 1019 503 47 1157 72 74 1074 1121 186 951 858 1689 1259 1731 624 1193 1230 1391 512 1976 1713 1578 1222 92 1397 894 280 880 124 205 353 1205 606 652 288 1051 1216 1377 603 142 1622 300 661 1701 577 878 959 147 1096 1209 10 377 419 241 1091 1459 1374 12 1176 1981 832 552 1993 1825 1512 38 151 1510 1159 1389 1174 1332 586 60 141 783 1549 1357 1013 1029 21 1164 1742 1530 413 1796 1764 1108 1249 434 614 372 1050 1920 1239 884 876 1207 277 999 547 1336 1716 1300 1359 1702 892 1079 1695 1986 564 376 1500 335 1501 1059 1463 683 811 991 149 607 1576 1717 1912 135 522 1413 363 417 297 1310 1303 1634 775 203 1683 651 1542 1237 424 1317 630 1830 1313 1465 964 1528 146 24 1666 406 143 665 1556 771 1802 1704 420 1383 1590 1509 1653 1296 1591 734 159 1068 1238 788 1082 1335 1770 714 493 259 1514 841 1818 1327 254 546 1990 1276 891 875 130 550 754 1353 1061 116 39 1042 440 741 935 348 1681 1443 1102 344 33 183 225 1233 1737 779 1511 1196 1881 1748 1309 26 1570 246 1688 170 1531 1246 917 1426 1654 862 156 1655 484 13 936 3 1957 1889 97 664 592 1485 1231 829 1416 1129 955 102 1278 455 1761 1137 1722 476 571 152 265 421 295 1340 795 807 264 759 1130 221 915 792 388 364 1582 513 830 498 1994 1733 436 1754 536 663 859 649 897 1890 684 732 1288 1458 868 204 551 1915 861 497 706 438 632 1461 1863 1379 556 870 1281 289 1887 43 886 1544 1411 158 1534 1270 968 1584 641 584 1469 1144 1712 912 542 900 898 1564 934 1299 1536 108 1014 1611 1548 414 1790 780 532 705 1447 672 1932 1227 970 131 831 1451 63 802 53 918 1854 1899 488 410 1977 540 1621 640 598 1795 839 1060 1151 313 84 617 1001 1878 1996 400 1226 962 1618 1307 526 798 1729 537 164 809 1442 1647 85 1979 1721 1041 1837 679 1405 193 99 1857 1449 1473 139 508 699 1349 463 1347 582 1814 349 850 69 1679 1892 101 1692 689 549 446 430 79 1440 924 1962 1659 1181 201 1470 457 1894 933 1008 1006 1435 1315 576 950 727 1236 240 1755 1810 399 148 478 1745 1126 1380 1625 1626 1665 1368 330 524 1726 1149 952 1609 877 337 1964 128 251 1781 1815 266 58 1975 1533 45 1774 104 1577 87 837 1939 533 1885 1708 1390 778 1111 1563 1812 769 1100 160 1640 937 113 1970 1869 416 50 1643 998 1224 1033 1056 1616 1686 1868 573 1948 1401 1809 1801 737 976 71 270 17 1475 1003 953 1298 1314 544 1585 1827 704 1472 369 974 373 1162 398 479 826 1075 1119 903 800 1095 1105 1580 391 574 1927 1053 822 473 801 375 1778 1277 1797 1848 1376 1467 922 1378 1811 1055 501 1960 710 269 5 745 1417 529 283 1220 708 379 1414 1305 1606 1758 799 210 806 774 1369 1264 1658 578 1936 1725 1519 1173 1807 946 981 1858 100 1002 284 1445 361 1803 1219 357 1421 1938 1789 1018 161 678 1601 481 1153 1586 881 966 1515 554 520 176 1409 781 852 740 694 1158 1272 701 712 1513 209 1931 620 1090 67 1212 1820 1847 794 1092 1905 1642 1727 545 1772 384 1148 126 928 1423 1373 1901 456 1760 86 1822 137 1971 666 366 1430 562 636 214 580 1098 1583 1773 281 267 758 635 1888 568 675 1478 1600 911 1354 343 785 1763 1826 244 615 1460 711 1285 271 724 1223 1064 1302 1950 132 207 942 1120 1566 1400 984 1813 1785 1715 462 474 1477 1973 1651 1705 1321 185 1518 405 199 273 435 433 940 1437 1792 1456 1208 986 637 1101 403 590 1438 18 1738 1057 263 291 1942 514 487 1954 1804 1949 518 1766 849 860 1030 1645 818 31 1412 654 467 1540 1078 1200 475 429 191 1884 1066 789 1338 470 1924 1946 629 531 1657 1043 655 1953 720 6 676 1523 515 1560 1995 969 423 461 657 1267 93 1850 1170 485 1128 772 1883 1488 1180 685 230 660 609 296 8 1342 994 1248 1849 19 723 182 1422 1382 1243 967 834 1678 1532 1798 234 1989 736 1142 1044 144 1861 519 597 94 1450 553 178 448 1291 1434 669 1350 260 824 1398 1775 1521 1145 1252 1941 332 464 1070 768 1094 1012 393 742 932 228 319 96 591 1918 163 594 77 1867 140 356 1466 1441 882 505 906 371 310 1914 1099 707 389 1680 1177 370 1603 1429 1943 1907 1817 1052 697 616 1005 1325 154 346 1504 1835 46 572 1782 1723 1326 1482 257 41 1808 445 842 1684 1819 1896 106 390 1756 1842 873 282 9 55 1623 1794 782 383 314 1860 396 1316 717 836 1821 1490 381 324 1879 1087 1718 869 559 1660 1799 1602 847 255 855 601 242 1123 1453 1202 1229 365 1499 1308 1292 1234 80 1339 1735 1909 893 1637 54 1186 98 252 111 1555 308 1039 753 1403 1286 73 1897 1720 2 439 548 1399 428 495 1800 639 1746 1961 482 1610 1034 677 619 1615 521 1444 1365 1641 1334 634 1206 75 560 213 1253 1155 1178 1165 648 1040 431 1629 797 1859 387 1598 1507 278 1136 725 218 1260 1306 1963 195 188 1133 1004 846 611 279 646 14 1182 956 1351 304 367 1384 1221 1554 327 112 1168 987 1433 618 773 695 1251 1823 735 923 202 1402 1297 1081 581 1870 913 585 397 691 426 117 1024 1282 340 492 610 1599 1668 1547 358 996 42 602 1911 1431 747 600 1579 22 972 401 1776 1876 583 1495 1210 993 122 662 851 236 671 1574 909 248 1516 192 1676 1287 1730 908 1719 1265 890 1537 613 1589 258 1605 1240 751 1344 871 1245 1328 1596 59 1106 1329 1424 883 422 1505 1198 1385 825 36 76 1425 1593 1520 1751 215 815 1594 443 1664 1242 914 1063 1404 670 1639 765 1565 844 1323 1550 1910 354 469 1862 432 1923 25 40 1143 1289 1620 286 1998 623 1739 570 1873 1999 1171 1367 301 486 138 983 115 189 502 1199 1928 1967 1362 1179 1502 171 985 134 1324 489 1203 853 1649 1673 268 791 749 1072 700 1614 1497 181 256 1154 1386 362 805 1439 444 1452 1829 1539 1048 1279 81 848 1552 1371 722 1569 1529 1392 114 1016 449 1752 992 1457 1047 294 944 530 1522 206 1311 744 226 1218 1134 567 1262 65 761 1331 328 1527 123 1428 721 245 166 1011 355 342 563 1112 1706 29 674 333 1355 285 339 341 538 272 1650 274 35 979 1632 1375 1838 1487 1935 1363 958 686 1840 803 626 382 1139 543 459 64 650 1247 1471 1427 1925 1360 920 504 402 1787 460 1131 392 235
