2000 4000
1142 1165
527 1117
1665 1106
786 1127
1260 335
1113 1772
1514 1131
1948 1297
1783 203
1535 379
926 1370
1877 1538
194 1546
368 1582
1532 167
419 1868
9 930
1335 709
459 211
355 447
1596 476
812 1797
117 1156
67 401
420 1112
819 626
1015 1773
265 813
420 1436
1472 1184
1239 895
1969 1259
510 1125
1840 1222
886 982
1196 1565
1903 1626
269 712
666 538
1875 1560
1341 1004
1623 821
1554 385
686 1457
1959 1323
215 1345
1402 484
608 132
1086 1691
463 493
1561 32
1349 1363
252 1473
1852 1901
1129 1460
1407 981
777 1728
670 1675
1584 1927
1413 984
183 490
1505 1510
691 1033
546 637
1456 1026
1839 545
528 829
1052 93
817 1416
1193 150
430 380
576 141
191 475
1657 1980
1020 1937
1185 937
261 941
1664 383
508 1554
1429 1982
1347 467
1827 1128
1893 1294
522 1607
1326 461
1556 1912
722 878
947 992
186 602
231 1219
893 1083
492 316
622 1065
1484 954
365 1576
184 1798
644 223
1593 603
1333 699
936 631
208 683
480 1583
1192 918
1635 912
367 567
1488 1697
639 576
26 704
1286 693
739 1872
1104 891
1544 201
979 119
1585 233
896 140
1237 34
985 218
50 1789
492 79
204 321
1489 746
599 243
1537 330
824 1726
67 1966
1453 408
1087 1869
1142 1609
39 1616
986 1952
491 1151
518 1136
679 1984
126 154
1668 1256
1016 563
129 1300
874 445
1933 1645
520 1090
1202 218
1771 279
1354 166
1034 527
1703 66
1455 680
821 721
1751 487
1078 160
969 351
992 205
1257 207
1068 1467
1891 133
149 1199
652 1459
921 1478
1240 1515
1694 1543
1520 1673
567 1976
1725 970
384 1891
1623 1984
1644 967
902 1862
1094 1920
605 1200
542 105
151 17
1956 1758
1261 398
528 1410
992 571
217 334
272 162
1123 256
263 367
632 532
1989 163
1735 1499
231 11
308 1079
1034 566
141 300
1068 932
1943 1013
1991 954
1020 1541
632 402
322 1805
98 228
778 351
955 304
1488 1672
1194 581
572 177
1718 1879
668 1417
428 1007
1009 1874
1605 1108
663 1251
1221 1657
442 1947
1028 231
1832 1490
540 1410
1164 1819
613 1821
1683 1646
27 744
204 662
948 1141
68 1867
709 900
771 1018
1807 239
887 1453
248 984
1731 37
906 1128
367 575
1085 1418
768 1331
945 1670
995 1095
1709 526
54 1997
1536 512
1036 84
70 73
1980 1287
65 1041
1843 1874
1094 234
562 1124
1122 444
1027 465
697 797
86 238
1160 514
1421 1587
1029 1379
1818 1034
1624 1294
559 1066
1711 1168
1342 634
1227 550
1466 1994
631 1903
375 1552
375 1107
45 557
1481 635
782 463
1649 1411
880 346
431 179
1603 1144
1373 1927
1615 147
1006 1613
172 529
1022 1935
328 1278
623 658
1936 1748
1044 370
267 1012
803 1779
317 1153
345 159
991 570
1477 533
1953 227
1511 935
1460 455
247 962
1007 1642
617 1860
1284 724
1641 1111
928 1093
881 1203
1059 876
854 413
1970 460
1360 1988
1357 1945
1582 1804
1471 1433
1957 168
719 1721
1971 607
909 826
1399 1572
668 1956
673 1796
494 1772
109 288
656 1973
1983 1951
822 520
802 696
19 385
984 1033
880 572
892 1186
1432 1493
1603 6
1430 1530
1327 1240
949 377
33 756
785 1012
846 1296
118 496
1027 499
1290 600
1497 375
911 1400
652 1304
626 387
715 353
131 1991
1856 1813
15 1866
107 127
1815 623
1437 1666
588 1588
294 574
642 548
1557 541
1850 1920
1074 1404
954 765
107 299
373 1538
8 1501
1297 4
1848 1371
1422 504
234 1187
187 318
1857 982
1479 1025
1307 146
1570 1947
1052 604
528 168
1819 1366
487 730
1311 1312
625 1535
447 1330
170 1737
564 598
924 851
1630 1052
1170 129
1491 1028
705 819
1399 280
1238 236
1656 464
1488 36
911 1189
1262 298
664 1205
719 31
746 638
1593 1310
1370 1291
1054 349
1701 1156
1374 77
1928 1167
510 947
633 1107
750 944
1538 718
777 468
546 1643
893 1526
292 1266
603 854
195 756
33 203
1114 44
669 101
298 1670
560 1188
741 1911
540 275
155 68
281 1343
853 580
899 1493
887 1501
1786 1583
359 475
545 184
634 1
1937 1886
877 881
42 1146
636 1760
618 783
834 1059
968 442
1745 748
678 1581
102 1566
726 1703
256 1592
963 994
1960 1423
258 380
1121 712
155 1214
1744 1864
1815 1030
445 425
940 212
1764 336
1208 1974
582 68
842 1641
1776 1386
1446 933
996 1972
828 1060
1924 629
1714 1910
143 813
205 1114
1232 721
771 406
920 1715
769 682
1744 1675
1570 1724
1650 964
725 552
1790 930
140 1499
903 10
999 772
331 1450
1276 1378
1578 1660
1541 1893
826 894
1498 111
1041 1283
388 1487
1788 1129
945 1787
908 1115
1929 1148
511 248
1559 956
1431 1161
585 1946
782 1573
637 816
1983 1555
1837 416
1297 991
1031 1878
1030 665
1002 222
324 1799
1785 661
1784 341
1746 1806
1388 155
1343 929
1393 1776
619 113
1651 168
1144 214
1236 1152
890 1736
1949 203
898 1581
1444 80
952 787
1003 962
96 1866
1022 677
276 1872
8 1559
1859 349
5 1414
465 1271
1923 797
1833 1623
1887 1278
979 814
453 424
395 775
1337 272
388 1818
1500 876
1776 133
1481 1301
1600 707
301 840
1312 1828
1361 810
705 646
1446 362
1727 831
1375 250
762 1193
716 1991
1594 6
1739 1523
683 1308
112 65
1665 1527
818 426
538 838
249 1823
484 55
297 1686
1882 393
1667 736
578 827
1328 958
1262 1787
189 25
649 829
1096 1155
941 1123
1112 1071
697 344
1802 38
1806 1800
506 243
414 3
519 671
1729 1759
1560 889
1469 1026
1660 1873
1917 1844
1728 85
459 942
1584 1772
1778 258
430 830
1044 1163
907 108
1725 1694
306 1860
45 60
1591 643
498 37
390 76
549 1196
1599 1516
320 624
1300 1915
847 1317
1228 1876
46 1361
1418 991
1761 260
728 1780
537 868
73 446
418 1227
743 634
1571 1066
1149 762
244 719
158 737
114 858
1428 1121
806 314
733 1934
1803 1152
1437 63
1403 1233
101 428
1203 486
1876 306
436 1953
1992 561
1785 1070
597 976
1049 47
1372 10
1619 1108
205 870
402 1339
1257 229
1471 1106
548 1601
256 1583
891 1981
1993 699
935 1851
409 1838
1763 1591
118 373
1708 66
366 1294
1434 1154
1327 1186
1157 1420
769 685
769 1017
929 441
1805 1612
1318 193
970 568
317 888
1906 337
558 1000
1557 185
581 505
405 554
1116 1127
763 184
1855 1059
1298 138
998 498
1329 43
1739 1165
1577 1915
1282 848
1862 1021
1846 100
632 1219
846 770
529 876
1799 849
1183 1109
1831 1569
1800 952
1320 257
371 1376
1753 671
1590 905
1697 1105
974 1611
486 741
434 427
1686 973
472 389
650 1479
1812 1217
862 908
224 466
1824 394
1936 1474
331 928
1132 803
1885 951
1517 1645
257 1176
1367 1639
661 930
1111 670
16 1547
735 933
1168 1981
229 1516
119 1715
1370 812
1090 332
1991 1760
1133 139
1015 83
53 1056
776 1976
784 1518
799 1159
1509 1522
217 493
551 1088
253 924
1724 843
1043 1064
1699 1566
709 1192
417 485
1969 1401
173 305
1911 881
199 612
1747 1665
223 1622
1697 1058
1369 1484
1960 917
1424 199
125 425
98 1951
1974 1529
88 1691
680 1019
549 916
1499 558
1954 1765
923 1690
907 121
398 1730
1108 1128
1725 847
309 702
788 222
700 1096
213 262
749 1214
1195 178
1529 1448
849 662
245 973
499 42
41 1211
1974 1061
950 1559
1063 804
406 833
1642 641
671 396
1697 562
1747 1471
728 1908
610 1173
34 1654
463 155
1038 1060
1906 1685
1859 577
1378 1573
1992 1446
362 561
1770 600
100 1992
435 1684
223 1766
1958 462
615 20
1023 1891
481 1904
1628 1058
1209 78
221 1444
1379 479
1922 263
1175 372
1336 1172
130 1477
524 1752
1464 734
1120 1655
1317 1092
182 1028
1571 1647
1513 1252
350 1079
1482 1248
789 152
386 639
1677 436
124 688
177 734
1302 727
1075 787
1842 1576
1361 399
4 1085
1497 752
544 1239
1790 724
1073 1555
1773 490
409 1547
1787 457
1400 1013
838 981
334 799
1729 1215
540 377
92 927
309 1056
1666 1235
879 725
1454 67
1946 1050
1043 922
1320 320
1932 1325
252 491
89 1139
1550 1337
1794 1638
1481 554
1916 398
872 1983
1852 937
1534 1005
1738 1408
1032 596
1978 11
221 1905
1070 1318
373 1319
625 222
330 1942
89 1859
710 1867
1417 1614
200 1177
897 1904
1990 1965
871 1786
1244 1337
1849 760
687 428
1568 111
1847 1704
582 858
593 501
247 1315
287 1100
284 341
1399 52
1934 602
677 1079
1562 104
1637 811
360 1831
330 459
463 799
551 1406
1172 448
270 1567
766 1727
49 758
987 1705
523 1380
798 1050
626 1585
703 179
1722 1
219 1199
768 1305
914 1373
1274 164
1207 1092
372 1416
62 97
417 120
117 1277
1362 1264
1397 1540
1694 965
513 337
1321 386
1952 594
303 1076
946 312
1064 1506
1543 953
1495 714
1897 452
698 400
361 1940
1348 1595
1607 1832
1896 744
1707 152
489 1200
1140 560
891 3
262 1657
1635 1233
1579 828
1692 620
1177 1763
429 758
473 300
230 1655
1430 1157
560 419
838 1129
867 46
1979 220
417 1634
1156 438
628 370
1280 302
450 708
186 768
1053 1417
1237 372
1354 1494
347 195
249 531
1387 446
1556 65
1321 1356
1401 415
1044 1062
1863 675
899 1380
1581 1325
1441 1478
820 335
1869 2000
512 1065
811 1393
1595 1598
1707 376
207 1599
479 932
1141 893
1917 78
908 808
585 1863
889 583
515 413
1317 1007
857 855
1394 407
754 1695
1375 1539
1549 792
418 1071
1728 894
1207 687
1853 701
1350 913
534 571
1924 855
91 170
1248 920
1415 440
599 1029
1380 86
51 1701
1484 597
1843 440
139 1976
1960 1870
1950 608
1057 1631
558 934
391 758
756 1678
1093 1941
1892 1047
1414 1676
22 583
667 1490
798 119
1236 80
573 1719
2000 318
1035 681
1820 1493
1005 1719
436 1781
378 1264
465 42
882 477
1389 138
1637 570
1748 354
1930 759
1505 342
1789 1886
153 784
931 1902
685 259
236 378
231 1578
696 94
468 563
1271 1551
1183 770
1053 285
863 306
1132 69
423 525
1765 1877
1190 29
1865 92
539 1812
1447 1031
950 1101
960 23
549 1963
1295 124
424 1610
176 1332
1544 165
1424 502
416 1673
391 1627
347 922
1817 1063
959 25
1121 860
1806 1242
286 1627
562 1125
1676 281
722 277
1574 748
1588 692
744 1301
387 1119
837 745
1484 469
1913 1694
1735 1260
1185 1719
1927 1939
309 505
1097 1624
960 1158
1854 1115
1434 1654
1786 1359
1718 775
142 1731
1455 291
856 1884
1418 1948
1463 683
1241 738
390 1572
22 319
1826 172
673 1511
783 1222
810 1397
1133 1539
332 1747
1836 800
1435 1305
579 1987
344 1923
1351 84
659 426
466 1281
743 1658
599 225
1713 1400
700 433
126 1761
400 213
878 447
169 524
24 37
1338 472
1537 1458
182 11
431 569
1837 1571
693 377
1019 364
1203 625
1836 24
1738 282
288 1590
215 1311
17 698
1868 1816
757 1390
946 383
1486 225
591 1216
1234 1492
1954 1971
1324 1915
387 619
1743 237
238 1762
1119 690
918 777
936 1626
282 1184
1216 340
1755 1544
509 81
1723 50
1231 1087
1876 196
517 706
1524 1998
475 255
1785 1206
1381 1793
1398 356
1414 1509
1663 249
646 1957
1952 575
597 131
1778 237
826 369
990 1344
1600 584
1375 1976
269 473
1962 1817
1497 759
456 499
1782 84
1018 714
374 821
1734 1207
1242 1972
1270 1135
91 1046
49 1528
1249 1704
1154 34
254 822
1576 1274
1684 1849
339 1887
721 467
1668 1277
1547 483
1318 1688
94 251
268 969
794 545
1596 487
1045 509
1804 1744
150 940
41 1437
1209 174
192 427
69 1467
1436 112
608 230
929 1414
1426 359
1603 1706
1721 1270
1182 90
1740 63
1704 1779
1961 770
1911 304
1253 218
577 1434
1963 1565
1292 835
1981 720
417 1518
1170 431
912 1108
1095 1567
1081 405
1753 957
1864 670
16 767
610 614
1997 488
75 1865
1755 23
1621 874
1711 1630
151 1687
253 1288
653 1639
864 723
139 367
1036 1313
727 1600
366 1115
690 168
1796 410
329 305
1554 1894
1196 410
1015 173
1739 1046
1334 35
1220 83
1896 1731
148 427
9 1169
1366 391
14 360
1044 1197
368 461
1510 1130
627 1157
1325 1691
1591 345
1636 875
483 681
1280 526
1633 109
1002 388
1396 1138
665 1236
1126 764
1584 1898
1280 1882
630 1359
585 1881
233 586
510 99
298 750
775 555
1212 856
1424 1417
1605 1880
572 1094
859 1272
1960 1158
1628 36
1432 611
382 1968
1797 1746
832 1009
784 792
667 86
345 1496
1589 843
402 684
973 1520
1477 1328
809 392
1468 166
1229 1663
1314 38
1611 1459
1710 302
1402 1138
1010 1912
1348 418
1169 724
1479 56
817 1222
1835 516
350 1634
1669 1409
20 1269
1293 1684
1298 369
123 929
710 114
1774 1371
1360 1226
197 162
592 1774
1909 529
1696 931
1580 1607
384 56
988 1343
840 1599
16 681
173 1381
809 1565
246 1689
1740 41
136 365
1060 1705
1292 564
1182 750
571 1114
692 1216
1277 1089
1616 1272
1768 1512
1091 779
136 773
688 1055
960 1402
325 811
237 348
696 1535
314 24
1509 548
1033 1188
994 1017
1368 234
979 1946
423 759
160 421
969 1019
1629 808
180 807
716 1608
675 938
346 234
1362 1238
475 310
1789 1889
151 616
603 1611
507 511
1312 30
147 71
445 1674
584 190
537 480
1271 1700
213 1287
1169 1419
1410 649
1444 1564
1647 973
527 239
401 1929
635 389
1886 466
1470 1702
185 498
1322 1032
1296 1109
1022 1944
1083 940
517 1485
1184 7
121 1439
728 692
1369 765
660 1793
1258 332
870 708
1618 1051
40 914
165 1402
1762 523
573 47
12 1652
1482 745
841 906
150 1526
1195 1928
532 630
1592 941
679 797
265 181
110 412
1627 412
1906 990
144 794
1625 1752
1390 1720
439 1952
1601 1558
319 1560
1165 455
684 630
1523 170
1211 103
1940 89
728 271
1925 1602
541 27
1683 1932
678 1756
132 1916
1856 1591
1841 602
340 13
715 1692
622 1921
1662 1382
1086 678
875 171
1953 1233
1928 1331
726 1902
241 1140
1894 1333
832 921
1633 575
1266 1795
14 796
1408 1472
978 1457
1355 858
1617 1684
542 806
790 1539
1410 1651
1780 1588
1699 1872
1056 1770
1712 1329
1707 927
1827 1880
1074 1206
1085 58
508 19
1883 1802
716 1924
1047 733
1105 404
1830 793
1614 175
289 1077
288 986
331 1096
1649 731
907 253
1232 374
1914 501
100 1234
310 1941
655 1962
862 366
1383 1155
1485 277
1027 1551
1073 1938
489 1231
613 1979
507 29
1332 76
181 1076
343 675
918 1344
684 1873
1883 1314
1195 1811
1872 901
961 1349
1346 57
226 1208
1291 8
674 753
416 1647
289 193
1160 423
1554 192
651 638
1100 227
1778 825
311 461
287 1062
956 812
810 1698
281 123
588 1908
275 975
63 232
1810 566
1508 853
561 735
752 1186
224 801
326 679
1618 695
557 1733
1644 1145
1295 1051
1252 1723
1356 543
601 663
1723 466
59 514
1238 312
1137 1668
324 662
411 901
1011 357
536 431
478 349
1938 1141
1641 1675
400 1657
1459 515
702 240
1357 1223
1211 232
312 113
350 1022
989 40
1160 1107
268 364
579 216
251 802
383 819
1046 1425
868 1359
1680 293
1781 1619
1659 258
1688 289
1354 1082
1898 1226
517 1257
43 1574
252 1857
193 1404
1492 796
1265 910
966 1472
1118 70
685 1669
513 727
1223 1171
568 729
40 963
1726 1838
523 1432
926 1101
718 1008
1949 756
1159 1989
1461 1180
362 1053
1864 1018
363 180
1775 64
1165 170
1198 1070
1066 297
1834 56
1440 215
1116 654
1304 25
1810 94
1847 1782
444 872
1985 1944
1104 414
1338 1081
1088 303
45 1706
328 339
883 933
1723 1889
1098 691
658 740
1842 437
883 1846
565 1476
1581 985
329 745
1246 616
1931 1169
1337 1625
1509 1558
1429 1899
1788 1609
544 1822
1516 517
946 619
1661 435
1272 666
1943 1149
1822 1791
1628 1105
519 1150
1978 1491
1405 729
678 88
1135 719
93 609
1183 1465
1935 791
1569 262
1921 46
296 1822
1032 1166
832 167
1473 1524
804 1807
1188 241
319 631
401 559
551 398
586 1651
1743 967
1779 850
1818 1810
647 1040
1982 332
112 1010
1608 954
1449 227
1433 922
1977 555
1893 1575
559 890
1314 1480
279 1510
684 1309
1854 1918
1110 1995
808 957
1260 1586
415 1911
924 972
817 1936
1950 1916
601 869
242 1095
1339 1309
1140 511
1497 892
1305 939
1487 379
1118 738
1717 279
1840 1474
816 464
51 1759
1620 1328
689 1265
1825 1263
953 1913
393 967
1247 779
747 1780
175 199
550 1348
413 266
1674 257
326 1638
1086 230
1604 903
1200 1341
1452 1275
1393 1023
220 1622
1143 1243
1344 900
142 998
116 1947
1191 1409
1648 686
1658 1865
1150 1629
1894 434
503 1903
394 206
73 958
1495 780
923 1482
296 1816
1854 1097
1561 1377
504 13
1943 323
933 1234
1248 1562
1670 1182
380 967
439 263
296 161
612 668
1907 948
479 599
146 809
1710 1067
36 1741
1925 1542
1309 868
1205 96
1316 859
113 1664
1749 1412
1120 1950
1353 432
791 163
215 1766
1254 667
278 1120
403 1258
732 807
336 1706
229 198
820 1586
1586 1499
1061 90
1184 1835
473 860
1161 1515
552 1851
454 1036
1895 453
205 156
470 710
1470 1705
559 283
1988 1584
347 33
988 999
117 1137
1733 1706
1661 1617
653 207
1672 1105
1553 483
1113 1360
1821 1828
1112 550
457 55
636 864
1405 1913
742 733
506 899
1411 1949
372 1997
1435 1841
1838 16
1363 1182
1580 606
1181 1374
1503 177
1527 1090
1988 1939
641 1734
407 1054
1479 781
788 741
366 1541
1884 1593
695 1761
1147 952
922 1878
1919 321
759 1107
1503 531
745 1690
1707 290
691 1413
961 1262
1420 543
1677 227
848 172
1846 1831
668 175
1606 1562
1857 1853
351 1455
232 1650
1732 731
1759 1156
533 183
593 519
527 521
315 1550
1436 1227
1990 186
60 336
1115 648
1481 27
1847 1132
1996 656
500 348
1894 148
1374 1610
919 1631
1927 494
285 735
1840 1416
1006 1483
270 242
38 437
1265 997
1383 191
1067 1280
546 242
353 1489
965 1092
1287 1221
763 144
1450 1616
1367 207
1569 1980
1478 1057
926 1559
1127 645
1224 22
1803 77
1302 337
353 1771
454 1467
531 1464
791 677
1339 532
99 1488
1686 1837
277 706
949 1445
1858 354
1429 1447
1652 1678
251 521
1276 163
1594 1144
693 275
1941 255
910 790
1382 313
737 1587
1533 284
1575 1624
1602 674
987 1579
491 886
1174 1072
1383 1777
1540 1361
557 1225
1825 451
1564 1236
429 1528
902 176
1768 996
248 419
818 456
1693 860
752 1552
1227 1010
1786 654
1364 488
1545 901
531 1890
160 1014
1996 1311
1504 1964
1735 943
801 166
1729 146
66 1897
541 1250
1592 645
755 835
356 1021
1844 1555
1171 1143
1504 1377
1161 1653
1069 587
1500 1826
1286 474
1089 1215
1011 453
536 219
1958 1993
264 1839
966 516
1122 893
239 655
1608 469
616 1221
1702 1579
97 1398
411 313
556 225
842 1864
1398 1332
1293 471
1887 797
1212 676
646 626
216 125
882 1413
956 1768
524 1173
1398 154
129 179
1771 746
1717 1167
97 126
1297 1418
641 1317
621 1465
622 1540
1074 1070
1510 651
1078 371
316 1897
1406 1861
1512 1972
183 1502
598 1475
161 1791
659 1350
1480 747
680 1347
1098 67
1457 1224
87 437
1454 477
704 905
1921 1397
836 663
1648 1784
776 790
1470 1443
99 1628
1325 1756
895 1411
1617 760
1589 1570
844 1404
1912 1462
2000 1767
1822 29
1327 1431
1593 974
1392 1519
1243 1292
340 1422
1034 251
1596 596
986 481
382 295
107 823
934 140
672 355
852 1166
722 26
1178 1881
1203 788
850 1099
1967 422
1326 495
1418 1829
1652 1411
564 520
740 937
910 1968
1880 1619
1887 326
1587 1319
267 1483
742 602
304 1401
817 1175
640 1185
1777 310
1615 458
1667 850
175 362
299 1054
857 363
117 1215
1029 1820
395 1421
241 1413
1856 159
1289 875
1830 1666
245 381
1537 1532
1244 1752
566 971
1453 164
1767 1200
1522 5
1750 948
544 1190
1567 1961
472 554
427 508
441 772
826 1016
1947 873
311 1524
1714 1977
1923 1638
87 773
1670 1349
914 293
1531 1500
1323 240
216 257
35 841
300 1999
223 1440
1861 1088
677 1548
1364 1237
492 1632
174 1951
381 1003
82 688
1662 1699
444 948
1257 840
192 1993
1629 671
1009 1478
1556 607
1828 1345
1003 1346
498 1836
1353 1315
660 1220
1712 873
1143 1809
1213 228
808 648
1975 1409
925 1308
1359 1339
1931 1206
210 1615
456 1376
1950 1261
815 915
1146 1551
906 1204
93 720
1610 134
371 1027
805 452
93 1136
974 856
980 1687
1722 92
1355 1726
1475 254
994 1669
556 1379
1835 1282
1088 181
534 870
112 1462
648 396
420 1283
1933 1235
931 732
771 1495
839 448
1 1658
347 1064
497 633
1769 815
1967 1421
1570 1712
687 512
218 898
1218 1756
1981 609
1545 739
1035 1553
1170 1324
484 1396
1154 1139
70 1477
1099 253
206 571
1951 188
1664 1238
534 156
1713 323
230 278
1092 970
866 955
290 1340
691 1454
1071 346
62 1390
392 1196
1091 1597
1276 1159
685 40
828 1801
1871 1389
1955 624
923 1045
738 1620
958 1118
955 486
1621 1442
1910 1285
1513 1082
1710 304
403 564
1745 1428
636 716
1009 919
438 1089
1212 1310
842 1326
795 1749
71 1118
1017 1395
4 58
977 44
583 48
146 51
707 1685
1508 194
536 1324
1993 148
1210 1136
1714 422
250 1968
1171 1456
1868 29
1825 903
1875 1457
690 646
1875 1648
1708 1696
118 1024
338 1495
136 358
390 902
652 266
1482 1715
651 353
75 1722
1102 1449
1533 460
39 700
798 920
928 255
919 1441
1123 480
1757 1491
1310 657
560 984
1526 212
1392 244
1751 482
553 823
1225 214
1671 338
122 153
1622 1472
490 1793
781 318
172 834
567 1922
305 83
62 1021
17 1221
1734 970
1194 1323
135 1373
106 723
57 615
1276 334
1889 1937
1031 1064
1247 1671
672 905
713 1175
270 1296
717 1039
959 1537
1973 30
890 1966
433 1407
885 80
266 942
52 286
1403 912
1458 167
271 747
1633 986
657 1168
1659 1422
900 777
1608 629
669 1065
1518 1679
1689 1480
1902 316
1445 1049
1076 1354
1531 1909
764 482
1119 1585
516 848
1750 1083
1388 1867
1268 614
786 1336
629 1760
629 864
377 649
178 1130
1006 1412
61 169
1501 322
1801 1451
5 1601
674 1542
1899 1106
1990 1435
430 393
1999 269
698 1246
1677 1102
1193 1742
594 547
1330 26
569 149
594 109
79 1035
485 21
1142 1129
789 1722
1263 1604
1720 1761
885 1030
1011 476
1283 550
704 897
1145 526
414 1168
273 494
1206 844
1287 14
1536 399
1758 612
252 1998
1223 1910
1415 167
1195 1305
1102 1275
598 822
1690 305
1385 1142
637 995
5 123
361 1654
328 886
1941 1096
827 290
14 262
1372 643
1172 1692
544 731
1038 1848
846 1465
1677 1452
1231 244
1187 1071
471 760
405 284
993 404
1091 589
1498 1522
1253 1683
980 216
1110 322
1463 896
682 1669
1429 1747
805 767
512 1642
307 796
878 1485
1859 327
609 3
53 1290
1247 1597
717 968
1007 1207
1146 1700
1813 1814
673 549
1498 642
1606 923
171 386
621 522
1266 522
95 1626
345 200
1916 1861
461 1804
1014 913
240 580
25 330
874 1320
1226 369
178 939
1791 1732
1917 1983
1877 737
757 695
1389 369
656 1828
489 397
1816 1190
1431 145
1286 1049
1404 64
639 543
1217 1754
1315 1269
835 403
761 460
838 1316
1607 1795
723 732
1055 1384
1552 423
1662 102
1782 1467
1225 336
1811 186
503 889
1646 157
1428 1329
135 1939
656 501
190 727
1602 201
798 814
633 1640
670 714
1198 1931
1709 1743
631 889
556 243
909 1226
352 485
1176 579
1842 773
1797 996
122 485
897 355
1228 863
1148 890
1643 1656
77 1895
796 1569
988 1137
1443 906
898 1683
428 1065
508 1342
88 1932
1138 1755
245 1346
911 450
1922 2
832 1843
1439 1779
421 818
518 1630
711 1695
360 307
1440 1821
1268 1594
1719 1852
1900 1161
1460 538
1520 381
568 965
785 1563
1229 1890
487 1166
748 860
1304 942
1595 1112
1047 194
1613 849
813 303
1763 1604
991 325
697 701
1777 210
1964 1529
972 108
949 474
214 610
1381 1220
1612 408
1687 1358
329 1045
672 26
638 715
1239 1791
795 785
1178 675
1741 1672
1218 1120
1369 1504
1303 794
15 194
1748 1222
989 259
169 1625
1023 570
1136 1245
103 1909
1130 1928
1162 945
956 1291
538 1609
1284 204
106 636
123 1558
1783 195
1494 181
1208 32
1589 1201
872 188
261 620
605 1135
591 504
904 990
773 1274
1267 1355
1313 479
1248 837
1256 441
1341 1869
126 1390
576 1356
395 158
1800 1180
613 1345
424 476
1388 470
314 110
1150 957
1028 196
135 273
525 375
340 825
530 1306
1134 152
1811 1331
971 521
2000 1004
1303 1798
703 569
272 315
254 1292
276 1566
1264 18
1883 1438
1855 529
557 1764
659 1209
1830 1299
458 191
662 1919
412 542
310 1155
639 627
1635 1619
1270 1392
467 1019
1915 903
1632 66
1113 1939
1365 299
1261 1406
348 830
753 497
384 1025
1210 535
1117 566
122 1549
1710 866
219 129
189 266
628 1102
1433 1031
462 432
43 1724
1194 815
1038 987
238 1432
1306 410
606 647
1845 1515
210 1426
1358 1246
209 1099
1987 1246
1676 1558
1745 43
854 652
533 958
1219 1491
202 7
111 1431
42 1376
1381 1773
736 1439
844 1198
904 565
878 301
978 761
1469 1171
121 209
830 1743
1858 1936
1731 541
358 87
829 586
1216 588
188 1073
39 331
1024 158
1067 1145
228 913
24 142
321 1412
1667 1048
280 390
979 104
1349 944
1724 861
1606 837
1534 640
609 1630
445 624
940 1149
502 612
23 165
1674 125
1716 1176
12 1732
1318 844
1713 1808
343 502
1110 950
1269 754
365 408
836 291
101 1536
1486 1068
1394 107
1995 887
124 1384
1042 140
464 794
1551 1376
1782 1249
255 1383
1878 1506
1940 1037
553 879
959 211
1131 1445
535 404
1252 224
839 715
1673 1346
1109 621
1525 1461
1191 682
1266 1465
1104 1310
13 692
1879 422
1147 1525
452 1632
142 185
1401 302
1297 1637
1784 1970
189 459
442 1201
1824 1808
1040 1580
712 1693
1199 179
103 876
1172 1489
1240 145
780 589
623 665
283 297
999 1277
229 1367
492 1708
608 1218
1285 1977
825 591
896 943
816 1798
1494 813
97 1862
643 1604
157 1253
666 1316
1483 1382
1776 56
633 525
574 987
974 676
1774 1174
1663 1001
1194 580
12 1352
900 85
176 280
1962 1807
1251 869
166 1513
607 718
1641 1018
1978 196
1380 611
1163 317
86 1493
916 1511
975 949
143 1076
1148 1571
505 1323
154 260
1868 1140
1765 718
1080 1265
1834 1386
672 1904
337 565
1284 1799
788 379
391 52
514 497
888 1466
240 1769
414 1884
419 507
1162 917
203 1652
136 1612
1717 1130
558 335
409 114
277 1330
642 145
658 885
1636 141
1861 1730
1179 938
1063 95
1149 1742
464 184
320 1084
1322 1754
861 1712
1015 660
1412 849
1082 1986
1550 197
1443 294
1660 1219
147 1426
430 1709
503 1273
1999 875
941 786
217 1214
1640 1160
1256 281
1925 1138
1260 934
836 778
1945 1469
858 1867
1368 1888
134 1181
883 1492
1331 939
2 439
1063 655
575 2
1896 1250
176 28
64 618
1460 1385
725 1511
1084 1442
1464 1663
4 1829
95 1391
382 1080
682 1395
198 1441
947 1124
101 1642
895 1732
1954 496
845 824
1568 548
741 877
1711 720
1543 729
35 294
1841 1965
1659 348
523 667
212 1750
1048 1132
1703 1696
1285 1945
17 213
1050 1881
1205 15
992 1125
828 1848
1462 1971
416 245
1914 1150
1122 1938
833 338
563 1871
1228 182
270 1183
1783 1678
524 614
1273 319
545 208
1060 1702
579 1358
1368 1920
1057 1639
975 983
484 1870
109 439
247 1427
392 1307
739 1157
81 1220
664 1965
918 1335
355 722
1263 1577
1418 115
333 1341
847 965
904 1685
1152 221
267 313
397 1270
1496 867
1557 37
1682 1179
31 128
1197 1700
441 1676
158 1718
243 137
10 1763
1100 628
449 1279
1069 311
1423 1787
326 344
904 1302
34 1997
1430 276
368 1069
1934 664
286 429
1178 1255
1151 1857
1530 1681
831 1347
96 1546
1474 54
857 106
76 356
1525 1800
1507 1375
926 1768
450 1824
301 706
483 845
780 406
224 1789
1387 1502
789 927
1729 1279
85 1335
1933 1830
1769 581
412 1819
55 1158
1700 1163
1316 1407
852 1812
1197 1994
1858 783
521 1810
801 1986
272 1103
1419 1785
462 148
295 1955
13 1908
1037 577
1956 1424
1078 426
1673 1686
1365 407
411 1699
72 680
12 1649
1240 1653
1139 1364
686 1970
1299 1975
1770 236
1017 1409
1043 1899
1592 1116
1405 820
1821 1311
1320 425
443 190
1394 478
489 1869
547 905
1288 951
1972 787
693 1445
1720 1618
1291 1101
919 1639
1041 1912
641 687
1039 707
586 1957
616 400
1039 513
730 852
60 1523
114 1726
350 120
915 1866
312 1264
1005 740
1826 1909
1842 246
171 300
226 1061
48 978
1837 283
1250 389
115 1948
584 751
734 1001
960 1870
535 1672
1425 45
737 373
1636 1693
1913 568
1757 1873
127 879
438 1137
1967 775
997 295
1796 1963
1576 358
1437 1650
1835 1738
1233 1452
1353 1926
1008 1954
711 1427
1336 620
1834 781
1205 733
1996 30
1648 48
1190 161
673 1306
800 998
543 1530
478 1037
451 1577
1746 1512
482 357
1403 1781
1302 707
1736 1792
1656 995
1755 1602
1507 910
530 916
1053 199
1378 774
1794 679
515 1304
1307 449
1469 1910
1202 149
699 432
1977 1967
537 654
1004 781
823 552
384 1393
1452 1781
1008 1462
587 982
1281 1020
74 1253
1329 843
476 1751
1653 111
597 1448
164 365
259 293
1959 1290
53 378
935 879
630 871
1175 1474
502 938
1295 1823
225 932
54 1416
1340 1091
451 1300
1794 1833
472 1301
1931 661
767 1553
708 1114
60 91
1369 1448
1534 937
1420 1681
418 420
1615 738
121 850
455 1609
1178 1179
426 1014
226 1363
271 1314
1598 1094
963 769
27 389
555 274
1213 659
1574 861
177 1920
1804 842
708 394
648 1918
1656 1303
1503 1850
1458 440
761 686
1441 1367
78 98
65 1971
805 681
694 1342
188 1844
361 577
145 1568
1839 1308
1072 1801
69 1351
793 1645
96 1047
1237 713
71 1328
80 623
1753 1914
645 1336
1824 1400
699 1926
1415 1874
1085 325
751 116
1117 655
68 493
341 1081
642 1653
1258 755
187 650
1059 1826
774 1935
163 1548
115 4
154 1021
292 1109
1083 1742
346 1595
1625 197
978 1784
1055 1051
1425 1523
1263 1372
924 209
1155 928
1271 1466
76 28
1647 297
712 1745
1547 824
1254 1762
1735 1042
202 1855
981 1788
235 201
551 265
1764 91
966 7
772 1668
1243 1456
7 1282
1016 1728
621 865
222 1487
1244 61
1854 1294
1186 1515
1730 265
620 839
200 643
361 1139
343 1956
1309 871
1553 452
709 1476
572 1888
1040 522
1514 640
1406 132
1074 1688
249 595
1541 1097
1998 1069
1955 1080
1982 1106
1783 1506
833 1111
1737 1385
676 854
370 287
1564 1803
1003 20
352 308
887 1805
1420 1321
1517 1395
872 1907
1803 134
457 1870
1307 1963
751 443
92 1134
1937 1893
1549 128
867 1397
44 206
694 1
951 663
1430 1545
380 237
75 694
1664 18
1315 711
977 394
1746 787
54 713
32 1363
574 1204
482 424
120 352
1243 598
1605 841
1143 1475
1135 1231
120 1944
458 1241
592 1801
580 915
592 1217
1373 1680
975 649
1572 28
595 1295
246 38
1640 753
1408 644
1846 307
90 32
734 1888
644 282
1863 1682
635 405
1600 717
1754 1774
9 324
1572 1528
1438 1908
800 542
723 180
1286 1514
1739 1385
164 1805
506 1379
930 1419
1708 1902
1775 354
676 1459
1849 617
1563 1006
1050 104
58 991
1905 1564
285 1446
657 1884
1338 635
1610 357
1598 880
1966 1929
1851 530
302 1259
1387 130
574 1702
1298 1988
1179 585
1985 1079
1093 1450
814 1255
884 124
1396 23
363 931
1485 840
555 1879
1352 895
1191 793
1247 1230
273 989
1151 328
1273 1391
1654 1364
944 226
810 1814
308 1634
317 370
1926 1958
1885 836
106 1924
144 1839
600 309
1970 284
1969 1067
1703 316
1403 1880
792 1521
761 341
1249 803
1163 1466
299 478
63 1531
985 1932
701 1151
1272 981
1145 1259
338 779
1557 744
1873 532
613 1766
1521 1721
1242 952
1144 614
477 1792
1817 936
422 274
1715 1606
1450 433
425 1176
514 525
763 1303
873 1201
437 1480
1282 834
593 30
278 1691
1896 185
736 907
1705 294
1494 1468
108 209
1862 1332
364 766
757 260
605 397
1589 116
274 1285
569 219
333 650
1644 1882
87 1689
561 1614
402 1660
244 397
192 1333
196 1860
1370 996
321 1799
47 1131
1586 1000
1208 1964
102 901
1126 596
1659 825
435 1461
766 1232
1797 1242
1008 1556
128 153
1832 647
320 1674
1736 1454
1213 1014
743 75
202 834
1633 263
638 279
1535 1002
20 1427
1998 982
841 1827
1815 1901
915 1546
1141 212
1473 587
494 1680
1368 880
793 1975
1903 1391
556 1313
1030 1444
782 217
945 961
220 1408
1389 1016
1994 1146
382 689
122 1518
706 1599
661 724
1891 1386
1529 976
247 615
637 1567
1737 1046
1026 1809
335 953
1750 1122
421 499
1840 1858
84 1068
1162 1423
822 835
1566 1545
267 1563
298 1162
69 1249
1892 664
806 1164
1594 1173
1229 1384
1371 1072
490 446
410 916
1334 1128
1321 627
1851 553
1814 867
1324 1825
573 1514
233 690
1900 1327
604 518
287 1449
57 1520
351 1251
138 909
1351 454
966 1738
228 174
242 770
582 470
1340 376
985 1646
1268 61
1985 1935
873 843
729 1725
932 1036
624 1621
742 1892
269 748
1812 1174
79 1897
611 1820
1075 1180
1451 1579
268 1455
1134 578
1634 1679
1290 505
250 689
812 1512
349 1940
62 260
409 1267
1565 449
1496 1813
1447 1471
1612 1274
1005 1901
467 766
1056 1959
957 396
50 1513
108 1288
1849 863
1879 1421
214 1733
1889 1281
1930 1845
1296 1961
790 250
1926 711
1267 824
765 131
791 1378
1202 74
1590 897
1695 1958
356 902
1987 151
1942 211
590 1918
1696 807
885 1901
1644 1709
1435 1811
95 1807
1871 894
650 1004
780 779
8 1995
1969 866
495 1582
1167 1505
1308 896
1468 143
404 36
993 1741
1790 324
1234 307
1622 282
1061 1561
1534 573
334 1573
1507 689
1386 1025
762 1013
1519 128
1273 936
1434 89
526 393
816 1643
408 322
6 1733
1631 921
1358 1716
1153 1062
990 1192
273 914
1542 1544
1806 1075
601 972
747 1802
1024 1319
1548 774
1326 1675
160 1350
853 1546
1080 1442
871 537
283 1148
443 717
138 1360
615 381
1181 1905
983 1651
753 201
1279 1701
1813 200
1748 1077
1020 1624
74 1199
1268 1752
271 1438
339 1853
814 1881
1698 1496
1209 913
714 833
851 601
1254 1832
1093 700
1794 374
288 547
764 1596
758 1399
760 1461
976 1504
432 1695
845 767
500 591
578 376
1613 1919
912 1827
590 396
1575 1886
1100 1275
1255 1946
799 1214
610 6
1773 1502
385 434
1486 454
554 1533
59 235
110 800
942 959
342 1717
1468 1986
180 855
1525 1617
1772 135
1486 1313
1045 837
1585 1957
587 491
248 241
191 210
1874 1631
1013 1189
1439 1048
644 1979
1682 343
162 169
696 1487
1391 1817
116 968
892 1930
183 130
1278 344
157 149
749 1388
1078 456
1342 434
105 1627
1097 862
894 468
82 757
1561 1964
413 1611
578 927
1885 851
295 1621
1690 509
238 1490
947 534
989 1680
1711 3
1914 1973
460 1081
1426 1241
1010 1283
118 1765
726 363
703 74
208 264
1548 1985
113 819
726 807
259 994
1395 1975
1258 1665
1922 1133
127 1365
632 1757
415 486
976 765
1843 1532
301 1330
1792 1098
776 1133
884 1051
462 1333
1685 513
535 1245
1501 950
1679 352
1666 964
1552 1930
627 1530
1883 1780
1365 553
877 379
1170 451
1440 1979
964 1299
1942 440
622 1536
156 1124
1188 882
1655 1261
1517 1299
1929 1066
1117 804
411 1012
925 264
1371 1451
1345 1996
892 1900
1033 477
187 1025
1737 455
39 859
438 999
1795 647
1442 997
256 654
329 81
1000 953
1938 1907
749 582
1343 772
705 619
303 1730
1377 1974
285 1614
318 333
739 1681
829 983
1189 1808
1032 539
105 1366
1792 1966
280 49
1588 1438
546 1961
1057 198
1698 159
1301 1250
1741 1210
1900 1845
1269 962
1716 125
1718 1587
1288 851
720 518
1973 519
1202 1646
1259 1882
865 1795
640 1049
1793 1387
1757 1578
1516 653
1598 1187
1890 595
81 173
1934 1990
762 1713
407 823
811 133
1463 1042
1024 1877
617 1293
1040 865
500 1422
567 1539
386 1289
1300 536
1671 589
856 1104
1449 1153
495 311
660 1502
1740 1500
583 1875
1217 1072
704 447
105 1164
1255 1863
378 600
618 289
1568 1522
1126 1751
1043 1447
792 1519
449 51
1727 821
1698 46
501 1312
1919 1749
453 1374
1953 1275
1994 465
165 1925
471 863
755 1527
1436 1041
1116 480
1279 809
1075 1147
533 446
1573 1989
368 1473
1582 1524
1366 429
1506 33
473 1636
1087 1767
552 127
1850 1888
784 21
1758 1682
511 1816
1744 495
818 1350
943 934
469 1760
1866 1508
1650 1933
1289 1356
1764 1425
732 857
1357 1714
1476 1906
327 1037
983 540
1679 21
153 1521
1856 1177
171 576
496 607
1623 1638
855 864
1054 327
364 831
539 730
917 1262
79 805
539 1754
845 1838
474 275
611 137
470 1355
971 239
1101 1995
278 1756
90 944
1815 740
1601 1498
1845 752
110 1164
1073 444
1876 11
1189 323
1181 1152
1111 771
869 778
1796 392
1860 182
886 1853
1844 98
1965 742
951 972
72 291
606 1490
1210 604
563 85
325 1023
645 261
1012 1662
1917 174
1201 751
1855 848
862 1918
1802 1689
795 1483
1475 1026
342 1771
64 1688
131 469
1640 59
1620 70
1185 47
604 993
1531 1211
1775 1077
1508 815
1229 1823
1394 327
853 1769
1907 1555
436 1635
100 735
1256 988
702 1959
1955 1084
359 1777
19 743
565 1192
995 1798
1062 888
1090 403
72 969
1982 1527
1124 1058
387 383
1419 1198
78 1213
1174 1322
141 1289
1563 1749
415 866
1489 839
198 653
450 44
509 83
1245 1052
342 651
73 130
750 961
1428 861
50 801
401 1736
1191 1517
18 236
161 731
1637 1085
1681 276
666 1788
1616 1407
1415 921
1476 1344
778 72
1507 776
1989 774
1692 746
1278 701
374 1984
592 1848
1158 1396
1372 1177
911 977
1334 1605
1121 1574
399 1921
869 1885
964 1645
830 258
1113 1898
606 1762
503 22
515 189
1453 1110
1819 286
736 1099
795 1613
500 1778
61 1173
1923 1984
883 1992
21 1549
292 846
1338 1533
1241 71
1224 48
516 202
1943 150
1949 1352
1001 1503
1433 1899
1742 1526
1850 1464
768 1841
1204 35
1833 1232
658 1852
710 1267
562 99
103 1740
471 435
1456 254
891 657
749 493
292 865
1086 1218
1577 10
1212 603
94 388
1905 77
274 1357
488 1154
870 206
1298 1898
82 1720
980 1987
506 1820
831 721
1204 1470
1758 938
1042 925
1167 939
1001 1890
588 504
448 261
313 102
803 1667
474 1131
211 1458
730 596
1753 593
1521 31
1284 9
385 634
442 443
1082 143
1230 1340
1603 1225
358 246
1348 1187
963 293
290 1134
1443 1334
1077 783
1543 820
1871 909
703 157
178 1505
1228 617
899 137
755 520
208 763
1319 395
221 665
1892 15
1759 1089
323 1193
1029 137
1818 802
233 528
193 1775
133 570
1542 235
19 694
1352 1678
58 1948
605 1087
190 1039
1834 187
268 1347
917 457
705 1119
1293 306
162 1244
1978 1578
1528 52
881 955
481 1590
1197 888
1716 980
1084 874
669 1540
754 1427
1823 1055
1123 1127
1727 1833
1011 764
1560 1224
448 786
399 669
144 683
1809 1223
1351 1847
594 481
925 943
1583 868
291 1251
421 371
806 1836
804 971
507 296
859 433
1962 1626
1661 1147
1865 152
618 354
119 1562
590 908
1693 1999
49 28
314 998
1620 147
1671 406
1384 595
132 1655
134 1895
41 1235
1235 232
2 139
1766 220
1658 789
1000 1405
1618 688
18 946
458 359
497 235
1166 1126
488 713
1770 1362
308 1944
1048 1704
57 962
1281 1575
1254 1580
82 884
997 1968
827 1597
1103 197
1904 547
1519 1721
1643 1095
1423 55
1532 1942
496 1538
1632 1035
1322 852
88 898
1986 1252
1597 376
968 584
1492 1831
1814 159
754 1353
590 1629
1895 357
1649 1239
1767 333
1790 204
104 920
1377 1448
1701 1215
59 674
1098 882
1159 782
1945 1809
827 1230
1245 993
53 1362
1180 1661
360 1980
698 1687
1002 802
1125 156
1734 847
935 1306
877 625
1829 58
1058 510
1392 31
977 1808
628 1153
581 702
468 1335
264 1463
1451 1038
695 884
785 1382
1230 589
339 697
530 725
1878 195
1101 215 299 1996 1769 19 1486 690 1660 1359 650 1014 727 161 575 1894 169 546 1097 1072 1944 805 1815 842 275 234 831 866 1026 1462 1953 1841 1005 1699 437 317 839 713 55 1530 1505 396 1599 338 27 1342 509 810 863 1426 1745 859 553 1693 1822 1979 1068 1994 1803 29 11 878 1504 1677 932 1882 1046 1910 1221 82 78 1189 85 1378 1102 869 483 378 1886 493 101 886 100 1225 1560 1247 709 1389 1706 1839 31 1107 305 778 794 574 876 376 322 151 1332 1636 1500 117 852 1867 1718 1204 221 848 1777 930 542 1902 1999 1588 1752 943 116 1937 1209 1945 1766 891 182 879 1721 1950 1370 87 1856 1402 1985 482 1538 704 1240 1549 212 1301 1614 840 1417 1290 1778 1743 76 1088 1377 354 172 1108 1948 877 1912 329 1379 949 1348 387 1022 6 1925 700 1813 1421 265 529 9 34 1615 1493 99 377 141 868 907 596 1373 1871 1413 652 89 1286 838 587 1975 371 277 1581 69 1089 1676 573 1004 651 4 252 139 1352 1807 1489 1008 1656 332 336 248 1291 1206 71 271 359 166 20 1470 180 1916 1383 1372 1476 489 771 1475 1427 1232 1840 417 379 249 1397 647 1506 530 914 1805 549 739 1249 788 563 1035 1274 1237 1958 1064 710 1073 1033 898 203 780 1151 1205 975 64 625 183 738 1529 880 617 163 216 1294 1411 279 1642 1185 1607 1272 719 3 1535 960 518 1630 239 1395 603 865 1763 1480 1055 820 145 856 412 224 1678 1113 1191 1265 1531 440 195 1025 1057 1831 1716 1612 240 754 1412 759 102 656 156 1936 557 65 1144 545 1639 845 1 1881 408 1972 803 188 1653 696 349 1657 1989 1166 1712 1158 104 272 58 987 1970 1919 1308 26 1573 1125 1160 730 818 602 132 1164 1350 916 1002 737 1711 1935 1190 1939 607 1682 233 872 477 707 70 159 1705 144 1873 1182 702 1442 214 1145 1550 410 392 1694 945 1173 1794 1114 519 551 770 741 1067 198 541 1981 1095 1618 538 776 829 867 857 1738 746 339 951 1451 1960 1406 1337 168 1049 639 982 315 823 1126 1717 699 1899 1733 1637 851 282 296 760 1061 1940 922 1031 924 390 958 1795 476 184 386 1091 1330 858 743 1371 1082 54 1093 664 422 711 1753 218 266 1762 1587 1584 366 187 88 235 615 1742 340 1365 1887 478 1226 39 391 1824 72 274 819 1142 1085 1915 1284 398 1430 1181 1559 1858 1906 661 827 1609 515 67 473 1042 1713 1233 626 225 474 1893 1819 1942 763 468 1698 1963 91 1153 1883 1913 1537 1141 940 1802 841 393 734 1461 134 802 729 559 1239 1028 1094 103 325 1030 1331 1576 1800 280 1487 244 306 1457 981 783 1261 1248 12 1797 748 785 527 1495 1728 901 638 86 331 313 1369 629 44 462 521 834 849 1622 1021 1289 1276 226 1773 1734 923 1408 1723 1722 825 957 1234 25 1306 1052 1034 146 324 1557 979 1570 784 211 1317 1374 1988 333 910 507 442 217 1617 1707 1112 178 566 562 1908 807 1583 125 528 1150 726 1121 1449 731 454 1459 223 896 467 1853 976 1235 554 1198 584 287 309 1962 1254 937 1399 302 17 1243 136 1471 15 1070 170 657 1680 540 614 1264 1336 495 190 769 536 1623 413 1863 635 801 641 1799 1098 826 1864 1278 606 1620 508 1326 1776 1355 1477 619 534 1257 1448 522 1973 604 281 250 627 790 1463 295 498 383 95 1664 1654 1196 580 492 47 1250 138 1335 1133 1454 231 1732 1806 129 286 1930 1391 1168 1186 1891 1522 1293 637 1527 814 1328 889 201 532 1041 725 516 1099 885 775 1162 171 1084 57 1159 560 1376 232 537 242 1577 337 1565 1904 1078 1605 1695 1130 609 1862 1582 939 1956 303 1178 236 1869 1661 1726 1876 1578 722 1315 465 1019 1872 579 905 148 1210 947 77 1629 500 765 581 1100 833 107 608 717 1604 1911 1834 1586 1789 1804 1077 983 1007 883 860 1793 663 816 350 1288 472 1854 1179 1892 589 1525 1271 1129 1759 706 1926 954 207 1561 1192 1122 1124 1974 1918 1683 1946 1643 618 675 768 1106 205 1927 1949 1516 1287 1646 158 1165 118 1917 846 1424 777 1216 789 1889 847 1874 1450 1741 1343 1987 682 1414 121 567 1281 1689 388 539 1310 1175 978 1720 1898 733 1553 1115 449 525 740 1180 262 1128 1491 980 1194 109 46 612 243 434 1137 1594 1671 1895 1268 1321 1490 1652 1211 1200 463 568 284 1868 291 1870 1905 52 1606 1598 1444 658 1866 1262 758 1344 631 1195 334 632 369 1592 189 1613 1497 767 238 1724 913 764 1040 152 888 496 1155 695 406 804 1050 297 1788 360 1556 1015 1298 230 1386 1242 1563 1634 870 1361 1572 229 436 1207 1447 1551 202 343 428 382 1533 569 1731 1826 1564 256 115 260 999 108 1203 1297 686 1109 61 1764 1662 1875 1230 150 1303 1727 798 503 131 594 356 620 276 1300 1837 1830 543 328 364 517 691 1199 673 1311 1857 761 685 1453 83 273 1818 1832 1071 1528 1512 1319 1484 744 1585 1187 1320 786 1201 1062 288 520 1851 341 813 119 177 48 1152 523 1036 1385 222 445 1758 1532 1569 1991 330 312 1526 1280 681 197 843 1756 1309 902 774 1069 1971 502 1647 1327 936 259 928 475 1640 348 384 97 1555 1523 1132 1184 1436 875 1932 1986 946 1978 970 395 649 1238 494 998 464 1039 782 1888 1228 1710 448 1579 1259 929 1299 997 407 106 33 576 1215 511 120 890 307 142 1714 892 555 255 323 1494 446 1842 409 792 1000 1333 1054 753 1227 1147 1670 919 455 368 1672 672 1415 1681 389 1933 196 821 1420 358 191 1992 1394 1964 1410 1751 984 1119 1322 59 912 1277 60 1441 1043 1208 415 689 416 1 294 318 991 1796 430 1267 694 1131 921 1543 335 1445 624 787 80 535 1398 1603 363 623 326 327 469 621 433 43 598 512 1218 210 1110 1959 308 1755 1814 1703 1032 362 40 971 18 750 399 670 1053 353 1455 1156 487 411 1701 63 1750 1626 1820 1920 1798 1782 1828 405 850 37 466 597 298 1663 1368 969 613 14 458 1692 181 1354 126 128 669 484 1836 1269 1483 506 1786 917 1037 346 1024 1519 1567 352 564 593 1736 404 1668 1375 1965 1589 1380 766 439 577 1669 1325 1843 380 311 1503 289 381 1914 1749 728 457 1396 644 98 167 1686 966 808 23 1548 925 655 897 1118 1961 1176 423 153 1508 490 1697 547 1018 1781 75 676 974 8 310 173 1120 112 1219 832 1193 1425 1381 1253 124 1760 246 985 752 1305 1403 1829 1360 548 199 1263 1901 13 1074 1957 400 50 800 703 418 1922 1754 1161 1744 751 1433 1488 926 1658 962 513 164 1202 1616 556 687 977 659 1440 893 1270 1993 1547 1515 1367 830 1575 1285 278 591 1730 1740 1295 634 292 1467 1464 1231 716 1076 49 1324 1673 948 186 1621 461 561 1366 1390 1139 1783 81 1597 237 592 871 1087 435 1562 616 5 824 636 1116 1968 1096 1761 1566 1468 1066 1183 920 1835 385 1223 1012 1079 1418 1903 1619 963 176 633 1546 1340 550 1838 1700 1719 855 251 911 1852 684 453 1357 1536 481 206 394 1847 1924 1236 1245 96 1641 66 894 38 1980 90 1909 1552 881 797 1955 1984 1715 1520 1817 1341 874 862 345 757 1816 426 1674 1312 1405 51 1479 1521 524 1013 1650 1038 1767 263 1691 140 1995 1665 1624 953 732 1825 137 30 73 1075 1600 992 1628 1780 1246 996 1704 588 927 1507 721 1212 1472 254 194 438 491 514 147 995 1850 414 56 450 421 697 1044 1188 972 811 268 283 41 666 933 1296 903 1266 403 1224 1419 967 441 993 1481 1148 1690 973 1568 84 257 1976 714 828 110 1644 1855 241 1229 773 319 610 1252 646 155 1244 1416 1127 1347 1791 1774 1304 1499 693 92 904 1849 599 1003 204 570 1770 601 1729 680 1423 510 1784 247 1517 1943 1952 1065 1951 1772 32 1146 668 357 986 861 1848 1625 1501 267 822 505 772 1334 270 942 208 1338 1439 1808 1313 1810 1631 571 1896 1928 1947 2 397 1792 1890 1092 370 934 836 1768 688 806 1844 114 1645 488 1739 1633 1275 1775 160 1593 1056 864 1921 1601 1435 705 1362 645 447 1256 1388 1143 628 1542 533 1307 950 723 1591 227 1353 622 290 16 918 470 1117 915 245 1580 1771 1809 21 1358 432 111 1258 1860 42 479 285 701 1649 143 74 53 665 887 427 79 192 1478 1172 1438 7 796 854 320 1452 304 258 1885 219 1938 425 1611 1990 1169 253 1801 1134 1329 1279 747 1514 1382 1059 812 1016 1509 526 1011 1779 1702 1400 1282 165 1103 735 642 667 1638 900 544 988 1510 1213 1757 1524 1833 1123 316 1063 185 1136 1765 419 1009 1941 1534 1627 130 1384 662 1574 1060 174 1675 712 105 1392 611 1608 1316 1080 1877 321 1345 1635 402 1747 444 1879 1217 443 24 1111 1880 745 756 301 1595 347 961 113 179 600 952 504 884 1954 1104 1428 1596 1318 1900 1177 1558 1746 1409 837 1017 22 1323 1302 1047 36 1482 35 1502 314 355 742 1138 1602 677 990 1684 1648 361 471 10 1456 459 1812 1393 643 133 1748 1861 882 1251 1356 28 941 1473 1967 683 565 552 605 1540 94 456 1679 1982 68 736 1214 720 424 1222 1006 815 1667 630 1827 45 1429 1659 1020 1045 93 1171 1260 1735 679 1283 1655 671 452 715 485 1140 698 674 791 344 968 781 590 460 1349 1346 497 1027 795 779 853 1241 1469 1023 895 342 1363 1496 431 1466 1998 1513 157 1255 1174 1977 1485 844 1058 1897 1292 1688 586 708 264 373 1787 154 1220 451 660 906 1725 501 1157 1443 1492 1351 1154 1685 1709 654 1407 873 127 1135 1105 572 1907 1029 1966 1821 1554 1632 640 261 809 653 944 1001 955 429 123 749 718 293 1197 1432 1163 908 1431 899 1983 578 1437 1090 480 835 1884 1545 994 1785 499 1878 799 228 486 1571 367 724 1498 964 762 931 1314 1458 1364 1404 375 1446 1651 909 1339 213 1167 1865 1811 1081 1539 595 1051 1790 1666 1387 1511 582 1929 1687 1434 365 1541 1708 62 269 351 1934 965 122 1590 1997 1010 1401 374 220 420 938 193 135 531 1083 558 1823 1273 793 1737 1846 583 1048 956 200 755 817 935 678 1460 1845 1518 209 959 648 1474 162 300 989 372 1170 1931 1422 175 1544 1923 585 1859 149 1086 401 692 1465 1696 1149 1610 1969
