2000 4000
1195 1782
1849 230
1675 923
1079 1859
1809 529
886 447
914 1773
1109 310
1793 1221
252 1828
763 114
364 164
1799 1914
326 621
1032 640
3 1009
1110 1240
322 199
142 1082
510 529
804 2000
1765 398
290 1766
837 838
1620 240
954 1214
1044 425
821 973
242 278
655 1895
1604 1063
1154 1425
990 1998
318 442
1897 867
1661 1244
1505 769
1240 1194
1216 1606
1674 689
618 1625
52 511
437 986
1720 1573
603 852
1153 1863
798 1096
1044 1283
549 1447
1229 1856
1080 303
1633 848
1916 891
521 1782
1006 3
322 1156
592 327
636 450
1895 1402
1458 1563
1809 1580
572 1270
614 1608
1129 1361
357 300
1957 1453
645 1956
20 509
461 1376
1206 1053
1720 860
95 1591
1859 1213
1958 1057
169 538
358 575
1930 1962
1490 892
640 393
1854 387
774 1855
259 974
1949 95
1421 257
846 494
764 1997
118 1901
599 142
800 1638
1938 276
1559 1053
729 312
689 764
1909 765
26 413
1256 347
1512 1519
679 1876
1542 1969
1027 173
15 1873
1257 1597
1448 1006
1143 1725
1104 441
246 816
251 1740
653 1556
1718 1582
216 1781
13 1885
1075 5
196 1966
848 1989
1767 656
1264 586
1861 570
409 814
1713 1678
987 660
641 1589
1455 371
1726 1986
853 1280
1836 1562
1662 585
845 1389
761 659
1494 1895
906 1426
1467 1004
1048 789
1190 1309
1917 1989
1712 1140
394 1927
880 1242
1498 1766
44 1734
833 245
1723 1607
1157 1494
1586 580
901 965
1369 892
1385 1406
1917 1996
1746 1799
874 1034
1379 329
1399 12
1712 1406
844 1684
754 1309
1470 1982
272 1974
1844 836
976 1733
1442 700
986 1003
485 343
1221 1248
855 684
210 1893
153 584
1990 1269
1787 935
758 600
1279 1081
571 1454
1088 52
587 714
1084 1460
111 689
189 1168
1825 1765
786 469
1648 404
1537 1622
1669 712
538 992
1416 1799
1332 1188
130 825
834 1598
1048 281
359 597
362 540
1129 170
415 587
1915 1269
1216 492
1722 591
1629 1711
1287 1536
1091 1972
822 1846
294 1540
1021 1320
434 1838
606 1283
1424 1331
431 926
639 1926
1067 1102
493 168
964 1882
983 374
1405 956
1718 754
1756 1505
344 1186
667 424
1841 1120
1494 963
499 665
1611 1483
1159 858
431 1736
1538 1487
1338 907
15 1245
1880 684
1488 97
356 1464
1615 202
1407 1974
90 1326
114 157
286 1207
437 1927
832 976
578 1035
1054 1195
1618 1056
850 858
1537 214
919 533
319 820
1975 624
118 1082
151 517
1616 368
31 383
563 1498
1610 914
1712 1210
1003 1273
82 698
275 1970
78 1025
1088 453
868 1712
337 1781
1141 805
86 1638
20 974
473 1117
1656 1252
566 574
654 1547
1545 1895
583 12
1874 1238
1057 629
666 811
1587 1173
1303 661
464 1889
1576 1904
16 1112
463 1145
1010 726
463 711
262 1870
622 169
251 1760
923 1043
1938 986
63 777
1576 245
1557 1266
1433 1550
795 1766
449 1739
1236 441
1970 1436
1698 1240
995 1873
1564 1578
491 712
1919 734
69 962
1979 76
1056 481
1279 1040
1179 1220
1021 962
1069 1617
610 719
1055 1932
1796 220
377 1174
1816 742
354 1693
1882 1453
1927 1881
1787 190
496 587
1042 374
1701 824
1876 1454
416 221
1171 1351
842 1628
1802 1635
567 1485
1065 939
684 633
689 965
1594 1272
1073 68
168 650
195 1341
1585 1607
1566 1388
461 372
144 1926
1351 1262
564 7
1199 528
1024 845
524 71
698 394
394 1512
360 1977
83 1126
1506 1281
1791 1241
634 1419
1632 144
1370 1925
1308 271
152 1152
1867 1378
1453 1415
1799 1518
301 811
102 496
1692 817
1236 427
1431 1073
1429 1540
1302 258
1943 942
555 6
1798 1024
432 1596
211 814
589 1251
1716 442
1519 125
1741 1759
24 1806
880 961
42 342
804 876
321 1180
530 14
815 662
653 890
1649 1342
1966 1429
1676 1258
1339 1240
1433 536
3 904
1007 419
159 1905
1337 1880
371 1989
356 169
1525 63
1980 1097
1444 1175
1566 1016
203 1655
1552 11
754 1694
638 1613
635 646
1139 1774
1104 612
240 949
929 1889
1162 89
306 1541
1267 814
1870 1612
1335 1183
568 602
583 523
1152 1978
1218 111
1828 1684
1410 661
781 15
898 965
694 440
1787 1171
1539 1394
1181 1473
1849 1266
9 1889
836 664
1490 382
1453 1070
1751 1478
520 82
1100 1849
788 506
60 1821
319 1245
1490 1615
1480 415
344 449
1504 1784
1026 1586
1569 931
378 1658
1071 179
194 1939
329 1203
1537 137
1988 1944
187 1486
490 1417
444 1164
738 742
918 1771
487 718
1458 313
688 602
307 1622
736 1583
324 1683
38 101
1796 1097
363 1986
1367 1101
194 1221
1208 1436
1680 710
341 1558
287 1062
1776 963
152 1822
1506 1061
1325 26
1962 402
227 761
963 626
340 1862
1995 939
1142 674
987 1550
1369 1117
1501 1704
365 1825
546 1676
1089 784
922 440
1898 912
890 1776
296 1218
1942 485
136 249
574 734
1017 1011
1461 1677
1302 829
982 1087
1717 823
1603 991
1259 1009
111 39
489 1576
334 567
1125 1633
384 560
1108 1293
288 997
142 1057
505 1821
1174 1063
1528 1158
1194 1668
221 1092
1437 532
164 857
1804 609
1788 1685
1364 1447
1146 787
1382 1268
1609 524
1657 320
350 415
1826 522
1447 896
1085 870
125 1046
1198 915
70 1324
1378 1160
91 132
952 1431
1894 1640
1855 78
1893 1132
51 1130
481 223
628 391
1984 1766
591 487
1219 798
130 219
313 1329
1933 1484
403 325
1147 333
537 1922
1129 999
1412 1747
1037 1787
381 1849
586 62
1281 644
895 497
1880 16
1695 1003
1264 840
865 1892
1910 416
1764 526
1948 81
565 196
286 658
139 1610
1799 398
1476 40
1513 441
588 490
1647 259
1980 1276
134 1856
778 1090
328 789
558 1636
264 917
1601 82
807 923
1471 576
775 303
220 730
1809 840
1270 46
1005 569
1916 1959
785 1022
1478 1423
1950 1881
1742 213
476 1892
1217 104
1992 262
1004 867
1072 768
1961 1819
1288 1295
1468 537
1302 592
970 1823
260 631
1840 800
223 863
1400 892
954 1470
1131 388
461 14
675 607
1449 189
1048 856
1479 493
1875 1620
1699 479
483 566
1322 1207
293 6
1803 1099
852 1431
1913 1519
555 846
1444 739
341 1943
148 1642
1747 1619
1455 1023
1439 899
1399 355
363 271
930 1236
479 1337
1809 945
241 1730
601 491
1483 1948
207 1958
119 1788
380 652
1153 827
1257 635
596 1403
1215 726
1316 1560
432 33
621 1207
624 566
889 795
331 997
1892 497
815 1391
1926 1380
962 1044
1562 1901
166 1904
1510 1280
118 1793
1605 1430
1339 623
687 1214
1075 874
415 147
1992 1928
781 82
891 501
801 1633
697 1617
301 1292
994 86
1928 1372
389 244
1862 1034
1338 1418
784 936
1246 1768
1324 377
732 1878
207 1556
1727 950
1752 1619
446 1649
866 1940
1915 655
1172 1575
1087 1536
1007 371
1320 926
390 346
1178 1327
1763 1076
1720 1226
1077 1742
999 580
1828 421
726 1571
39 948
1699 1608
694 1865
964 61
1676 985
1435 1483
1083 1918
1782 1822
280 1860
1591 1861
1164 1071
712 864
1937 1791
440 1259
1684 1877
1570 243
1848 1921
1722 1718
199 1838
1323 426
544 1511
493 977
105 1142
42 1049
957 358
1008 425
1716 1644
1086 635
1632 703
685 1029
5 1446
1539 1029
1705 1171
1480 17
113 485
1276 1855
396 1342
1214 1187
380 242
1195 1572
1925 618
750 1629
1689 1139
1884 624
656 358
796 753
419 1850
1011 1574
744 848
979 116
1133 48
1944 174
1643 125
792 194
1885 1163
602 14
462 429
935 1224
365 938
806 1605
70 501
1563 1874
221 273
1485 1574
1568 1800
188 46
1714 132
1647 1173
1560 340
1958 209
1216 48
637 1259
1400 505
837 151
932 1350
1167 1490
1162 800
513 1014
183 162
1906 1808
1275 785
1873 1103
567 485
1341 1799
695 111
1597 1038
104 951
505 1892
1311 628
354 350
239 1867
110 1280
1389 1430
451 468
392 629
189 861
1205 284
247 968
477 237
1129 1762
42 1719
1856 217
620 490
988 1057
1970 388
124 1149
914 801
1423 1471
1413 323
1456 1447
1178 1359
1613 1379
1854 46
107 104
261 1395
779 758
1228 856
270 1001
1044 637
983 1167
110 1733
1178 607
1600 1579
166 1798
659 1738
1283 1729
882 62
1002 377
501 124
739 300
1526 1861
307 1793
1578 1711
895 1213
949 406
1099 1285
1507 1890
1396 670
1800 35
99 819
1529 1126
1899 557
1749 720
181 296
482 1024
1299 550
366 526
1040 65
463 411
1913 1971
1833 1220
705 936
874 608
292 216
1380 1419
228 438
1447 272
801 1318
123 482
1747 1146
250 1618
465 581
1005 1982
338 1953
1621 809
619 1285
1881 980
1586 1102
1094 437
1252 1039
816 542
269 288
511 469
393 480
815 527
660 945
477 836
774 1549
1401 243
564 893
1912 1889
1555 1509
1615 936
1200 114
646 426
1505 1238
1890 1122
1964 746
1762 1327
1025 477
1032 785
981 1075
1233 1533
1874 1965
330 1830
1579 1517
633 1146
1322 1036
716 1380
1382 1087
1629 812
1520 426
774 1343
652 1827
949 1496
1161 647
1015 1733
1008 1143
1658 168
728 777
540 646
127 993
674 857
1009 1640
382 1200
356 167
87 1227
196 1160
1627 941
1936 924
750 831
1127 1012
1178 1272
126 683
1608 1481
491 89
224 730
683 1513
1756 1623
314 1002
182 1047
1735 57
1898 414
273 1688
928 1335
1437 1050
344 1278
1665 1480
68 128
813 621
561 84
1727 169
1801 1956
1393 122
769 29
874 952
428 804
313 377
1162 769
975 295
240 1651
921 400
393 1733
491 989
184 1969
482 1979
1613 327
1105 1539
42 833
557 1769
1234 650
1533 1250
1931 1242
1054 329
1476 1708
1924 307
109 770
644 1627
395 85
519 76
1913 1511
250 443
1001 998
70 393
1044 570
732 875
766 1320
784 1862
1649 997
1311 1403
234 893
1072 1506
1195 679
940 743
724 532
313 670
1249 452
1086 1165
1773 521
1844 600
1290 1906
912 901
1224 689
936 1991
1602 1793
1732 710
1772 215
985 348
294 333
873 1000
21 866
1828 1561
1585 644
1047 1084
293 144
1006 1798
679 1748
1694 370
1550 992
278 1936
242 115
1795 105
190 451
951 538
738 870
80 257
1651 1277
1574 1641
592 925
796 964
1179 409
714 1195
797 53
1582 1402
665 176
1565 1412
925 1416
799 1934
1407 827
1465 953
1334 96
215 496
147 817
1339 1702
1214 1485
1642 1058
999 1879
1097 383
521 853
333 416
700 1706
49 240
423 667
84 421
1828 1602
1296 1717
1040 1615
1766 1946
1018 555
520 660
1272 1745
1277 1386
509 372
464 1119
842 1769
477 966
391 1872
860 1845
897 233
1504 947
332 1478
221 1260
1823 393
1325 1314
1075 1019
986 1412
14 1961
1999 1446
358 1203
626 1868
1458 1690
805 768
894 1331
1905 1855
1250 401
364 331
1053 197
630 336
1378 233
78 1655
385 1246
1709 846
838 1924
1410 428
1462 765
733 1131
389 248
151 833
823 254
379 16
918 300
588 794
1660 1988
579 191
1395 1325
184 1586
1162 990
801 1461
977 1635
941 1319
1117 845
653 261
1218 1319
563 1733
1862 183
411 1372
1706 1800
264 1938
1418 860
1281 1466
975 1248
908 283
1469 110
1460 1114
972 1315
950 1938
269 721
308 882
121 1554
951 834
556 413
1577 292
1587 1829
1735 670
1026 986
1325 570
1801 372
1669 1749
1869 124
1116 81
715 987
790 1926
1897 539
1299 1859
395 1220
626 273
452 810
1739 559
1899 1350
444 1154
588 1664
1130 1612
1489 1745
14 148
1845 101
246 1963
1184 1647
1736 1968
1060 570
1190 1941
1096 526
1316 1554
1656 1833
1085 432
988 453
1042 783
1232 1897
1878 305
1439 579
934 1269
914 1803
258 1230
1904 1139
1123 476
224 1230
43 665
1408 151
194 494
1087 750
1528 131
1677 446
833 1736
1979 670
1322 1008
48 1880
1019 381
1127 1071
155 947
1507 596
840 1042
292 1021
1021 1854
165 67
561 1866
1316 182
1495 944
698 1673
1087 1889
214 80
193 333
1769 1754
1271 499
1725 52
1384 1667
571 593
603 954
1524 156
1285 1072
1910 223
1633 755
1705 116
222 908
744 1206
1945 1051
1256 687
1915 353
208 1739
1041 850
959 974
929 1094
278 1168
127 1772
323 133
514 302
50 52
1708 1557
360 386
1726 1952
623 1355
939 668
1712 771
765 1876
783 1116
1926 130
153 910
1934 669
1581 1059
138 1983
705 1589
1327 491
271 1864
1813 444
171 1242
1648 1941
1180 610
472 1537
1730 694
1503 579
159 251
764 1298
1653 490
569 593
1688 509
1330 1227
1009 1700
1350 231
860 1515
819 878
1594 407
1594 1679
1191 486
181 1077
1114 1384
482 1340
1963 518
1716 849
1499 1691
381 558
1337 1497
75 551
321 1187
74 293
1229 605
633 845
130 1009
811 1899
808 1375
755 889
683 186
804 1003
1824 867
374 924
1575 1779
428 1590
573 980
1138 435
599 948
775 659
994 515
1375 1868
953 1418
990 161
1523 1321
1017 1027
1799 457
1732 1773
1329 1962
1925 437
1924 255
1285 1095
1948 172
398 501
1547 1483
1654 914
1052 1340
1506 975
364 1200
502 1658
1769 850
993 974
209 618
551 1502
1124 1887
62 1880
1699 469
474 1113
1533 759
194 1970
432 102
162 1028
1898 270
1746 1697
500 856
1974 1402
1718 1492
1122 1699
887 808
908 763
1634 1824
1636 452
1276 108
1847 1046
649 1576
168 1126
419 1712
1710 1120
1544 1699
909 699
337 93
1943 1188
1101 221
260 302
1509 79
1095 227
650 1335
365 252
1744 150
1434 651
591 730
1782 1881
928 1240
156 1944
1645 1481
168 500
723 676
1193 260
795 294
1414 1101
1999 1629
213 827
1432 623
1070 1925
66 579
221 814
1327 136
1945 1106
1790 1643
168 1283
470 1722
1831 1130
1571 1111
1319 678
596 1426
1130 1305
682 148
1559 878
1537 1335
1122 1828
1392 508
953 51
1027 236
1019 1482
1204 1027
1955 488
1865 374
749 974
1335 1113
1285 1180
491 1379
1917 1932
197 1789
964 1862
705 820
1841 1352
982 1633
443 1449
166 268
390 571
1138 579
1167 1557
1907 1131
174 1735
932 237
491 144
1925 775
499 294
1169 214
454 1745
516 967
1819 1359
749 44
1014 974
1155 954
1174 1150
1605 1213
1417 705
38 2
129 726
1358 1480
1034 61
1491 736
1244 1144
412 182
1754 1931
336 124
1348 1505
375 1887
895 239
1265 1643
698 835
1937 1654
862 931
193 1849
732 479
104 566
1058 495
906 1961
530 1363
1404 362
1876 178
751 1595
1922 765
1610 1692
1202 1471
806 926
1262 272
131 1757
604 634
562 1483
1094 882
1418 1146
952 1375
646 1918
911 369
1520 129
1678 1089
1987 1667
409 1779
1505 749
1693 1955
1462 969
299 101
1704 624
173 1182
1696 1615
1826 919
327 691
967 186
1989 976
1051 1257
1488 1490
65 735
958 1580
735 1655
573 1357
1300 761
441 1699
929 1603
673 1662
726 401
540 1564
895 77
1508 1798
1734 207
483 1019
1609 119
1971 17
339 1164
1710 1276
1226 685
91 705
512 1974
1589 795
720 1915
1803 1205
1693 1845
1300 1884
1226 1592
208 789
703 1735
7 894
166 489
1919 1173
1429 1646
1828 1308
1091 876
1155 1570
1783 1312
851 730
1837 1686
656 345
1790 1503
666 1450
286 283
51 148
1882 1316
1928 257
774 1404
66 271
1852 821
371 897
807 1978
985 538
1919 1863
1730 1816
1016 575
1652 1418
150 224
1006 642
1888 711
762 1019
1869 673
935 502
1199 1066
328 1169
1003 831
1188 471
115 1825
1891 1260
748 997
1800 423
684 791
418 884
1364 601
684 390
1236 58
1032 1467
1800 681
967 162
1088 1184
573 1037
1870 1618
323 128
110 319
1013 1810
918 1693
1024 1326
1535 1600
376 1810
1054 624
1882 954
1440 1382
36 1753
1331 1448
1538 1713
1837 1513
947 5
28 21
1060 15
221 1688
528 1263
253 1991
1095 1948
1853 257
1853 60
449 170
1404 378
1793 52
1476 1322
1643 1391
127 369
435 1360
598 1218
1819 1402
1479 794
1079 1677
717 1096
106 358
188 552
1428 1746
1347 235
1118 1278
467 174
1112 1999
1805 52
532 277
507 155
1386 606
174 223
1076 896
219 885
1373 647
131 1345
816 1524
382 1755
1975 1001
1824 259
880 147
105 292
927 1639
1858 651
1214 783
1346 356
1156 262
1958 1826
1767 1080
1893 1747
1406 524
202 1110
1972 152
873 749
34 1222
1887 1483
1195 665
1080 20
1694 1401
1609 754
1223 446
1489 170
679 851
1147 1790
1349 276
823 393
1240 1825
73 563
1574 19
1138 913
1383 759
664 859
681 1370
538 1165
12 1689
181 639
1413 1457
280 1514
1673 149
1092 1560
1603 1049
673 1352
850 1586
288 6
1281 855
1764 360
616 534
1406 1690
1520 182
97 914
705 204
1601 613
269 440
1162 754
1632 1474
1198 787
1092 1000
1883 866
189 1974
1031 761
391 867
1721 1820
1914 30
1970 1898
764 1502
906 1298
1952 1476
768 315
1350 302
1449 1912
1957 509
229 101
1171 273
95 619
203 549
1786 1364
1091 110
1053 1435
892 25
562 240
1473 626
868 1814
1814 347
577 98
517 1707
326 1999
1163 199
440 452
186 1155
1941 1229
489 1017
943 310
1895 972
1147 1345
829 249
1213 967
1523 42
1345 1891
1927 670
56 1052
188 1445
137 1977
1936 1866
146 1641
1462 1104
1798 1633
1245 1587
321 738
1497 1611
1013 884
289 1238
860 1352
1651 1132
1887 443
757 1178
1739 184
1071 826
1630 1463
819 18
1810 1714
393 1116
1799 772
172 655
1322 760
1562 804
575 380
1885 1775
232 756
1419 1774
239 1730
1913 1284
915 561
968 438
1033 505
1304 925
28 1186
714 1996
468 954
74 638
647 835
82 1465
1187 406
1700 577
1505 1346
1629 1018
1561 652
159 158
1142 99
308 1278
1661 954
462 1431
1775 1875
762 1867
505 318
530 490
426 23
1834 1239
76 1324
431 1830
1005 952
1249 494
1735 220
793 848
575 1079
387 294
1180 1506
1703 129
1755 177
1304 42
715 1040
163 1201
1731 1050
99 1104
1090 1141
29 1965
1412 1743
605 86
1089 907
1798 1212
643 128
381 290
968 531
5 712
1386 110
9 1193
1712 1093
731 1672
1898 1565
166 1318
1032 393
38 871
971 1832
168 1801
283 1931
1380 1863
1084 505
1632 1865
1958 78
1655 1748
922 474
659 331
1417 422
115 881
1086 352
1868 1305
331 772
1467 283
1453 1337
18 1365
1052 548
567 1037
1048 1358
714 754
846 306
30 1474
827 325
1383 1061
1440 1364
756 715
1503 1733
1207 979
1766 917
1650 1752
305 1513
458 721
22 1780
1712 1130
1866 1623
436 1719
882 1913
610 528
1007 1863
277 655
128 1958
1010 804
203 46
956 428
1103 860
1073 585
1220 1623
932 166
1457 1153
1418 1633
248 394
286 1331
1389 1978
161 1455
819 1250
370 373
233 837
1871 1282
759 1548
1769 1614
1142 1009
1700 1961
672 1273
874 370
1220 806
372 1681
290 605
1667 789
935 1607
1136 246
1385 1879
1370 950
155 1945
440 1558
1095 24
1748 336
1137 1619
304 605
1882 1991
1730 1999
1552 1670
415 1672
1605 1600
1618 1359
1642 820
1152 2
148 348
452 177
1270 1761
126 1538
1756 1377
1727 890
1121 980
1095 275
471 1896
124 1747
1680 1933
305 1067
297 348
813 30
49 488
1562 423
373 1378
1723 492
363 632
635 1366
381 1406
474 230
395 1774
426 1264
108 1040
903 385
1703 1794
190 1934
91 777
1865 536
1683 536
1192 383
849 1536
543 294
1013 16
1165 741
1609 916
29 654
1744 611
187 124
720 542
1798 586
535 1424
754 280
880 870
260 951
362 265
936 1249
1543 964
1901 997
1164 762
1858 1513
1056 904
13 81
1938 1694
1413 340
1499 1347
715 320
356 1744
1929 8
912 500
1809 460
1128 1648
1037 876
317 1344
1073 1239
1963 1251
1123 555
1936 1753
276 1820
787 1824
1510 1064
1401 1565
97 1028
582 1438
444 755
1903 138
1404 271
1162 131
200 1581
1480 232
521 1208
1161 580
278 1067
801 106
811 702
900 519
431 1017
846 1813
527 912
1246 152
332 1062
527 150
757 993
1672 568
404 509
669 1097
47 1902
356 1588
544 1430
413 435
1652 1264
1263 1578
118 1186
501 125
1663 1208
999 593
551 1583
33 1961
1461 349
329 1087
642 1198
197 905
1537 1473
1402 712
1030 433
75 1944
25 341
155 1292
1404 1874
784 742
848 1712
1297 537
1218 1708
71 115
178 496
1882 908
1439 443
1847 1057
1252 632
894 1124
103 1644
1399 694
1616 1101
990 1312
253 920
1988 1511
440 208
690 923
1027 813
1306 1344
1260 1315
541 1419
1876 1910
534 160
805 1935
110 1618
1525 1450
1506 1284
542 970
619 1894
65 390
1336 1217
121 1495
1790 1924
191 267
672 47
1908 875
623 1625
554 495
576 368
105 1044
1987 1834
1601 1728
920 1847
423 1611
258 82
1152 1207
1669 598
530 1322
1789 677
615 1166
584 1788
150 471
1643 1695
567 346
626 931
1354 1927
437 1773
241 361
1132 750
67 92
452 7
1110 186
764 1181
1745 1193
1060 1998
1516 723
122 1075
1301 1265
802 1175
424 1529
100 1997
1435 1967
1385 1647
657 1415
452 1061
1131 641
1622 1306
1757 1420
1296 46
649 336
1561 319
557 934
1493 326
1777 133
1614 1144
1992 1965
1918 1120
250 355
609 238
367 1261
530 548
447 998
1701 622
1301 1523
1141 1826
780 314
877 514
912 358
33 615
767 1263
1645 175
1915 132
492 457
1972 1582
160 1624
1669 1124
1713 1127
320 966
1558 658
1808 676
788 1771
259 1668
282 952
1467 1914
1727 683
1907 1901
1594 632
247 1503
1346 654
1912 169
712 1183
224 664
263 871
406 462
970 1192
911 1836
1897 1939
44 1098
180 1876
1120 1523
1048 802
1475 219
1466 1137
1329 1051
1971 530
37 299
767 1720
1752 1591
1178 889
549 18
181 1716
1892 834
1300 1293
601 1626
331 1654
1528 1278
1301 1092
1695 155
15 76
35 632
1682 241
418 1264
1217 866
80 514
5 1103
1219 1397
845 406
1205 227
1246 116
233 47
757 300
1757 814
1130 802
653 50
1133 319
583 1299
509 337
1682 33
1061 1833
143 1604
1014 404
1797 568
709 1921
1841 1215
330 1135
655 1211
620 673
835 1789
1452 1059
298 660
1938 1124
1827 939
804 1530
837 1477
1022 1968
528 1925
730 1481
692 900
1681 1287
1042 435
1718 1978
889 1306
1246 340
1859 1625
1417 535
491 1997
651 1786
1712 1657
1563 559
1336 642
839 557
678 1246
1536 309
1263 1115
1322 276
955 583
621 1865
574 1309
1557 579
104 1828
1632 1114
1049 731
1044 1317
426 947
166 1913
1878 733
629 1923
1850 760
1695 637
450 894
1036 857
1581 160
1060 173
534 1662
864 1414
1658 1351
1871 809
120 308
1709 707
410 688
1797 120
1747 685
155 940
140 1615
771 503
893 482
1770 1381
1404 358
379 1129
1007 267
917 451
1600 148
1874 467
1392 946
983 1460
831 1982
526 1635
1056 1164
837 1532
12 1746
1619 934
306 27
1321 1598
1093 855
221 468
772 1241
133 1384
1795 746
1919 752
1374 1400
354 1508
1848 663
338 1573
316 1184
232 1416
670 1574
1687 1204
1392 326
330 47
1763 1840
1725 1240
429 1577
1706 689
315 1781
70 701
1765 618
138 539
897 1338
1948 574
282 1305
1180 495
1574 1019
843 428
1120 154
243 918
1906 1609
845 81
1618 951
890 291
23 590
1828 653
1040 1428
588 570
98 9
1146 1276
1951 146
1743 1332
420 1928
828 1951
1029 465
178 1083
1070 398
1349 870
1863 1720
1660 262
1767 1410
244 1319
1385 1259
226 283
631 1261
203 1400
1732 88
1184 1380
1722 536
480 158
1587 466
241 706
895 112
17 1708
1544 1798
1767 1047
326 867
967 482
1699 1279
238 512
868 1735
215 1363
225 631
1999 1929
1962 29
646 1509
359 683
478 713
691 506
62 1391
1763 708
1888 556
908 1521
1677 1882
1099 1352
1328 1210
255 1776
135 1827
658 573
202 538
646 614
1265 1071
1391 1971
1796 43
1592 596
904 726
1022 1296
586 328
1869 1058
1341 1526
241 968
1970 587
450 625
1891 268
917 608
1083 1532
1019 934
1157 1449
121 281
1754 1213
1328 655
808 1452
221 1690
1098 928
1431 18
1491 1501
1681 622
569 522
867 1667
1244 794
1105 348
1178 494
1699 543
908 31
1045 1282
1707 1030
83 413
510 1239
485 477
1953 1224
310 116
1210 1581
1962 848
1099 534
1342 1833
412 152
1962 1709
1268 1970
1099 1427
1174 1438
422 1436
1046 1124
1789 1322
56 1963
756 878
908 744
674 1295
994 1955
606 376
373 1558
473 283
1368 1395
1208 653
1769 946
717 813
59 1422
1763 1643
1874 839
794 1944
582 1136
1387 88
1678 1418
231 1733
1337 587
1446 672
1940 1807
79 1132
823 1842
1454 1906
1202 655
1498 1047
749 413
1230 1525
456 702
1939 1030
1246 689
79 1389
805 777
768 1118
1286 1650
1008 735
1556 1699
1088 119
875 1164
1695 1219
407 1202
652 1982
729 1584
1398 1390
1780 1743
1008 1777
717 194
166 1881
1485 1164
1747 1873
908 703
176 1194
684 1060
47 506
1752 1705
670 1750
387 1477
621 1363
600 1216
1890 1277
1644 51
1889 497
1952 1497
1722 1882
1308 794
214 503
1948 1251
858 875
932 527
711 1751
1201 1419
1433 745
1693 215
920 733
819 1818
1293 459
1178 221
1048 645
1234 295
1603 772
974 601
61 1181
874 1704
284 1436
524 946
653 32
1237 1380
1257 1697
1542 545
606 1179
1072 1309
1192 112
1556 1238
1476 1889
1791 1673
1134 1934
936 1486
1644 1475
1574 1833
1263 370
1372 603
1229 104
883 1611
506 442
1508 387
1358 1165
836 1494
738 166
1538 161
321 684
824 1625
878 1875
339 13
1812 644
1344 1632
1929 382
43 448
456 410
42 23
202 665
1897 954
1695 1401
1024 718
1072 1869
1938 408
1522 1478
1290 1414
992 1589
1664 438
1431 1850
332 347
932 1857
1215 1372
1047 1145
1966 1600
79 563
456 1983
1048 173
415 1646
881 228
670 922
1469 903
418 258
848 520
1825 1307
1712 131
364 804
1212 1214
1729 1519
1671 1187
814 711
574 1756
1242 807
1842 330
1929 642
976 1546
392 1541
613 1244
209 81
1937 1322
67 1368
1458 1487
1757 1977
1490 1452
1395 839
767 897
615 470
1370 1038
1272 636
695 1360
1741 1482
1102 1651
1597 718
228 1877
1501 1885
1388 906
1212 98
833 257
1385 89
1402 1145
231 1144
801 1829
423 1798
88 878
1324 1350
1159 767
862 1702
1084 1051
1921 1111
1031 330
215 35
1762 75
1312 1495
1254 846
49 830
198 876
24 1581
1104 464
992 370
323 165
402 1570
972 824
1878 787
261 605
570 1971
1575 1396
573 1392
777 25
1852 1490
762 1780
1328 281
948 596
1161 1734
1093 1627
23 1133
1138 154
1098 1891
448 1092
1683 1387
407 1834
168 206
1026 1272
551 1475
1810 1594
518 628
1220 359
1398 818
1729 1177
365 900
1178 1597
119 1944
1310 1439
1601 777
968 86
979 1327
168 728
1656 806
263 451
100 417
1290 1498
1165 1522
972 1653
1422 1749
572 1161
277 337
1604 1399
279 293
1078 1681
1690 1092
445 729
1838 1965
1040 952
510 119
1025 54
572 1924
142 419
1410 167
568 74
265 714
1491 1333
212 1735
1439 465
1454 123
719 1141
886 539
1789 1609
1724 1928
809 1387
939 1267
866 1876
1441 1332
1028 1826
1622 146
1614 1744
1050 1284
861 11
55 823
1603 1316
506 1770
221 488
179 1129
1259 452
1597 1789
1350 1534
718 4
1338 1073
1398 808
232 1166
1550 1045
1497 1785
1143 654
1849 1772
1298 481
477 1301
822 1992
1045 691
323 1280
13 39
1548 35
1619 455
1649 858
59 1247
1485 1743
1054 1211
1309 425
1553 1819
683 1876
1127 266
1779 512
770 1493
191 438
469 762
1933 1947
1504 714
1328 312
1081 646
977 1057
1150 1649
420 1135
574 1714
633 1548
536 640
1671 1127
1518 481
1014 1334
901 1262
1886 182
1776 1218
914 624
1936 1247
1218 1313
245 1706
1344 1922
1766 1485
714 985
862 1490
544 1543
1910 50
1886 928
737 133
1367 1793
1977 1709
625 1125
1336 208
385 888
1013 1463
1280 368
1624 65
165 1341
673 1805
275 688
1518 328
52 1845
36 396
72 1586
1931 1984
99 1286
1494 1161
697 1987
1112 1836
97 107
1353 1943
520 1136
1546 28
1811 948
390 1165
1734 625
61 592
1230 1939
1274 715
967 298
1110 62
1869 1730
1532 1978
280 1663
1 1988
1687 1722
247 366
1549 668
1578 69
1408 1262
1299 708
566 354
513 595
1133 1118
1126 444
683 349
24 1129
1117 464
73 90
750 270
211 398
1861 399
601 1773
1828 1257
993 1149
1644 397
313 560
413 364
1194 1787
796 1373
562 1738
1979 1766
1640 820
97 965
195 1444
1141 403
1611 1237
1893 1119
1721 1616
333 1486
1320 628
1255 201
650 807
26 1763
1262 1402
221 1404
1096 640
179 556
1727 968
982 1832
1113 103
885 1988
1345 797
880 55
1193 1770
689 793
286 950
382 1925
1015 749
598 1872
131 126
1180 1150
1789 166
1500 1976
637 899
26 442
439 1242
1471 174
67 169
1857 1788
955 963
1835 1381
1833 1530
126 1811
1585 39
926 849
1304 886
923 1094
1390 125
378 140
1965 456
412 1486
1902 1226
1390 343
1579 1745
1244 1020
1374 1893
1171 941
875 240
1195 1449
470 1248
578 1491
1009 742
536 574
919 472
556 1846
1385 836
806 1983
1893 1363
457 1798
1082 1419
699 193
302 1124
735 1227
1925 26
1469 809
1305 119
1218 1827
240 1280
637 1994
1963 1440
420 1920
1454 1745
1309 1534
1350 435
619 339
370 764
559 1406
1069 328
1410 684
737 927
1175 928
461 786
239 1888
120 971
90 1881
1147 1993
732 1511
1850 1104
117 244
1725 247
1744 1512
1085 1635
961 1822
1886 1861
1330 1782
1848 1363
775 1180
768 1369
662 861
1167 401
1148 1592
1799 343
312 639
36 61
726 1495
1836 791
1850 1859
1748 1192
273 1069
119 976
1084 683
1319 1280
1179 1906
1090 1645
1183 1298
429 925
196 1465
238 1223
1122 693
278 459
1540 1053
1353 1649
1904 1002
1666 226
832 116
208 1459
131 872
933 978
1386 570
343 664
808 1478
809 1973
1518 694
769 1432
198 830
697 339
1288 504
1583 1028
557 1764
606 851
1799 1318
1487 839
492 1342
1032 561
1459 1108
937 227
1799 626
715 234
280 585
1350 1356
935 1592
4 1816
16 1650
739 1720
414 575
541 1275
920 1321
772 626
1684 842
951 804
1835 300
1204 1971
1043 1266
1467 1603
1445 1009
1163 1460
346 1988
1581 1769
282 1577
1306 1421
885 493
374 815
94 1455
1009 554
1641 354
1529 1309
483 1998
254 1227
485 1749
1455 1163
713 1190
454 769
355 165
638 1582
696 768
505 827
1492 1510
1744 230
863 184
1793 772
1094 485
242 1778
1088 1566
115 514
598 111
1081 873
1338 1091
1677 606
267 1078
1033 1916
57 1737
857 831
1736 1624
1218 1434
653 1921
1416 320
977 1045
591 1670
875 1416
474 1153
1294 1697
1709 861
853 954
1972 1445
696 942
122 452
1503 866
465 1697
1992 1484
1765 622
15 1940
1381 259
251 291
1187 1894
1105 112
458 1678
1808 1502
822 1888
153 501
904 724
674 1701
30 1022
910 14
754 1606
792 47
655 110
902 16
67 525
75 1200
1854 653
256 1940
1397 187
1786 1471
44 635
483 1477
1443 44
1916 229
1473 438
564 212
1599 1517
374 1779
609 1433
683 41
1659 1831
295 1713
1295 399
499 1223
1676 1821
326 678
1060 530
427 789
464 844
1956 823
5 1870
470 1479
1136 575
96 605
44 1796
1170 845
1369 1655
599 244
66 935
1576 1511
719 1709
585 1832
1267 329
1657 1379
1034 1518
1844 170
643 559
113 32
401 126
500 1487
1209 745
310 563
528 323
170 390
1578 1459
300 790
875 135
1366 317
915 1353
746 1770
340 953
936 238
45 319
918 1654
1571 762
520 1168
39 775
1998 95
602 1279
841 1150
1966 746
1661 1183
1418 1006
191 909
1482 342
1520 1996
1153 140
651 530
665 285
79 1585
916 1959
903 1083
1209 1226
997 1044
223 950
1012 1139
1085 1368
489 1919
853 758
1847 551
160 406
1251 1197
885 704
754 901
803 1611
1086 1146
631 1730
1664 622
968 1722
1039 1671
1940 277
604 611
1636 1882
892 1150
104 1546
1017 597
1489 1798
513 248
52 1602
441 830
1542 1474
1872 1412
1872 1466
1080 1043
583 130
1233 6
672 498
1608 383
377 1669
1811 822
615 393
1748 538
1903 365
1173 1000
262 653
433 1153
186 302
1731 1367
538 840
1329 131
1056 1657
528 970
582 32
1316 1143
1505 1384
1118 1808
84 1448
575 1564
1610 1005
1303 876
348 1438
473 1476
19 1765
1129 1659
262 983
764 1511
417 772
296 910
62 292
1947 41
779 1779
915 1733
148 59
196 1980
1266 490
1172 668
1123 323
1532 1921
903 645
32 1974
634 1531
258 380
1246 1465
1305 1270
95 98
538 1458
1845 1642
1877 255
138 915
1094 1013
1356 833
1809 165
1884 1500
336 393
1181 1367
658 977
1928 1806
1513 1387
1999 84
1600 106
1379 1020
547 1364
1141 473
1098 1427
541 1085
1474 347
1776 295
1355 1854
1476 1031
330 1591
1270 1615
353 1366
1502 762
598 576
17 2
10 335
1398 330
177 237
693 400
220 934
1057 975
284 48
134 342
129 1339
1549 1246
675 1732
1144 498
1919 609
1955 1105
1062 681
1689 1773
1188 1775
847 1519
1708 438
832 1614
1214 626
653 1347
1291 1053
1153 1123
996 1101
826 447
1060 1398
1112 1799
116 1683
1525 1900
1360 127
225 1564
1 901
646 1971
1255 1581
805 1504
1589 1296
1130 1106
1042 1174
1513 1948
1312 864
538 240
1960 1559
1475 1263
1468 1987
1253 912
1871 1970
1437 111
973 1747
496 1004
354 1026
2 1168
449 442
803 395
1244 1844
748 1150
676 66
1582 1043
1776 152
500 390
927 1179
1700 1707
730 522
1216 134
329 1238
935 378
334 109
1996 806
600 102
223 168
288 1890
1050 228
418 1957
1620 1029
223 176
796 1059
492 200
862 1341
1545 1271
798 819
1496 272
513 73
572 781
620 946
177 995
945 1892
436 1332
257 124
346 250
623 1957
666 1889
534 44
280 1809
758 376
287 1059
316 512
1091 1050
1601 416
490 151
1438 1517
1445 129
1898 1295
971 958
1098 800
1962 71
1310 1056
1163 185
313 1561
1573 76
358 815
1213 1233
1806 1612
1524 1752
375 1466
1272 847
1464 1074
988 791
752 1847
607 1674
544 313
1195 1752
408 242
658 1819
1791 997
1774 44
1106 279
1537 1931
173 767
1881 415
1512 1506
741 1264
1320 1758
453 830
124 485
25 96
213 1688
830 890
1279 123
231 467
1508 1660
469 1670
296 638
1873 1800
556 569
1385 58
1342 181
1560 462
1769 1081
47 1319
1967 1494
882 653
854 1971
1242 114
556 1039
519 1984
962 548
1940 633
1823 554
1874 337
845 1482
925 1011
487 1594
241 980
1075 1303
1632 578
1180 1299
1497 259
1226 401
709 1264
1559 1875
1862 845
1290 1207
1417 1867
539 899
243 794
1821 621
1287 1915
439 1733
1940 172
1849 1487
1168 1324
290 436
1701 1940
976 1628
1412 699
534 1733
1565 1426
1161 1756
762 102
740 1824
877 1989
1349 1655
1839 1164
1053 1217
1902 1727
80 102
570 1782
1589 7
198 1745
1331 17
1008 647
953 948
1932 1037
431 514
1489 932
1820 978
1675 633
310 1534
495 830
788 360
645 158
926 319
301 351
1995 1030
719 1488
918 775
575 675
612 1193
1762 1691
1271 1414
806 183
1467 698
256 1913
1103 36
464 703
526 1120
554 1217
897 1382
1389 1444
541 1746
1138 1618
1795 965
500 72
410 871
222 1125
124 1176
1971 803
1958 1066
15 1474
841 1231
1069 133
308 1645
1295 1859
777 1025
1710 305
1435 840
833 1764
726 2
353 1113
913 1326
1407 75
65 1738
763 585
1478 322
1346 769
1805 194
225 1426
138 1830
1173 853
393 864
1689 1625
769 1391
1413 1755
1885 1279
136 898
1471 1285
796 856
1360 1621
852 486
421 75
1138 229
10 1803
1519 1345
1324 239
871 1016
1355 395
1601 1502
466 231
1595 1870
968 43
1963 385
637 986
377 825
1751 1458
467 919
265 516
1145 1197
1206 1103
377 450
291 323
1463 1989
767 1359
1415 1758
1664 1808
824 1576
1672 527
1895 1159
600 1712
437 1344
1172 214
633 681
1559 51
499 700
789 1269
241 911
231 426
198 982
1375 697
276 1021
1605 1220
1713 322
1267 1554
705 1082
1726 100
1685 1089
119 1959
1776 736
287 1305
39 1645
22 317
1118 786
335 1982
59 656
1995 1226
108 1972
1187 1006
287 677
1623 1397
82 660
1308 617
1574 1937
1077 1230
1743 1099
162 758
514 1440
1051 62
982 589
1773 1261
1632 876
352 295
1716 1956
169 1350
1052 404
312 897
1633 1673
1770 211
1447 1501
205 1528
920 251
917 1176
1686 1615
1110 1712
129 1255
483 206
616 1183
190 379
735 460
1989 202
1822 785
1487 1759
531 1968
687 1362
548 1196
792 1460
1824 440
234 1987
684 1368
1954 1553
668 607
736 121
1923 1688
1822 364
811 1797
1892 1168
206 1485
102 1349
602 1355
1617 1391
3 321
1526 1015
1177 1418
919 1185
978 1305
1447 179
276 335
468 1609
1279 1063
165 73
254 1828
661 1100
1502 925
1547 568
8 1377
105 263
1636 1503
1126 282
56 1583
1391 1785
1772 1908
1236 1629
773 1916
524 1523
717 1861
1187 1833
372 116
1836 993
1647 911
1122 457
106 1350
372 278
1093 188
1583 180
1770 440
1398 241
1982 1551
1891 801
1545 1115
1914 4
1008 218
277 1035
710 1679
787 1099
1390 1948
1559 93
1641 9
190 1471
192 755
1602 953
708 150
744 1582
585 440
467 125
1924 1826
1036 1268
771 1190
84 932
393 147
901 818
565 1811
410 181
1956 1574
1748 541
1818 257
881 1363
8 639
687 5
1290 1063
8 1907
865 1919
478 1067
681 568
1317 817
1454 950
1431 437
329 986
1475 1064
1856 577
1259 1963
174 1213
826 655
1572 192
1858 1029
67 1034
225 854
1549 1056
229 530
1472 198
1637 1255
460 949
154 1904
1051 1751
1785 1361
103 77
1043 1133
632 1757
427 249
1410 225
1605 190
268 550
1886 842
1156 1111
1524 546
712 12
672 1988
583 3
8 837
1914 758
919 1008
821 277
1022 909
894 345
62 975
660 393
1925 792
80 1916
566 1324
1912 1840
965 1561
1587 1228
1675 1260
595 1576
298 1155
474 1352
1328 1146
1310 728
1799 1348
582 1572
499 637
1608 1472
1250 1348
1970 310
1158 1617
955 464
430 1071
816 1970
1794 1295
1647 1916
1948 795
374 1707
1399 824
1714 1093
1784 1946
1348 1613
1 1901
449 1390
1311 1961
56 500
18 629
393 207
240 728
1443 689
1092 70
1179 100
501 25
1881 757
491 1269
1498 637
1133 703
1930 1957
1556 791
598 131
1431 91
1037 559
896 11
661 1034
811 1520
1007 1626
171 683
1333 1724
639 1345
1407 1092
391 1196
1435 1031
1646 96
62 994
1843 1402
615 1596
1837 1141
215 969
493 1487
782 738
425 1273
299 985
1940 644
64 1779
1614 1719
441 1950
1000 315
329 531
920 1863
78 1437
419 762
992 9
68 1389
1519 1618
48 670
459 909
1650 848
561 1689
1996 1802
27 1654
70 1932
794 705
512 16
199 392
765 1509
797 1531
947 1801
212 1921
1760 892
1123 981
843 335
1713 515
689 12
1343 1821
1200 340
1337 1498
823 1653
1158 1466
1023 1643
1985 1850
617 1818
64 326
1612 1814
1453 1821
729 1017
1369 940
1036 224
691 1717
1519 1838
1555 1100
1576 819
1410 649
108 1483
1331 1183
373 1097
1650 982
1604 650
857 1121
1654 389
375 1424
1431 1727
1745 470
1781 237
1758 1010
269 961
1885 616
1030 1145
1154 1797
1303 1039
744 1776
1710 1544
286 695
1296 172
1709 116
2 301
1617 758
1517 1401
1971 1507
1621 256
1550 88
52 1022
1641 619
838 1600
1483 1512
60 33
1634 289
1791 339
101 1428
792 1583
1868 189
897 986
969 630
1285 1191
1425 898
1 20
1653 906
557 453
379 1206
948 1725
1976 1339
1838 633
1003 129
141 666
1706 510
823 1275
369 1872
1096 1760
453 422
981 1414
1190 1689
1031 748
772 2
1012 1273
1421 11
544 541
1572 1365
241 1401
1204 834
997 256
1346 984
1427 1279
1670 1053
1306 1207
1076 40
1683 999
1409 118
215 1347
239 976
1855 837
959 1728
598 992
53 1138
878 809
1907 973
1470 1705
1778 973
15 1515
1400 1124
118 429
646 757
137 1838
523 1991
1304 832
1494 611
93 1271
130 1431
132 255
1899 390
409 1634
1244 866
1885 1844
244 623
514 63
1316 733
933 509
216 30
640 1208
1466 742
205 1927
263 1380
1308 1598
662 1863
947 1932
609 268
788 1363
442 1867
1405 1440
1928 619
578 1943
764 1149
1805 1555
1728 946
914 337
1021 1488
793 1338
26 1092
348 1489
523 285
248 1293
332 1450
1535 1164
344 545
1396 545
1428 441
410 820
335 428
1354 1417
1662 1645
676 1708
1001 1902
875 249
231 1322
1751 171
1250 1040
772 1232
202 1350
1748 947
256 790
215 1475
814 1379
309 692
852 930
667 697
286 1017
324 1145
662 35
469 1764
18 1771
1955 1036
541 881
1756 57
1782 676
657 1453
114 248
1002 1616
1296 343
1597 1700
1621 1515
836 1365
255 1308
1056 423
460 1049
347 963
907 1
1083 488
5 19 130 4 6 363 8 289 8 1 2 188 46 26 275 71 12 27 1 1 2 1 357 74 61 82 24 1 26 7 43 17 111 2 129 125 2 3 26 1 1 169 5 284 1 20 39 2 1 141 8 99 1 1 44 5 149 17 11 18 37 94 79 30 2 2 13 47 4 3 1 41 3 54 490 1 2 33 19 10 103 68 57 128 1 5 1 1 6 1 169 14 2 1 2 11 4 11 297 5 2 13 11 8 26 119 13 28 21 131 59 5 80 5 10 49 6 16 18 3 1 1 8 43 2 452 3 26 383 31 23 187 8 1 417 2 1 4 1 1 9 330 2 50 1 4 3 9 4 3 51 33 4 109 7 2 6 1 6 7 4 3 1 2 6 100 120 8 1 56 15 19 79 8 1 34 250 18 17 1 20 76 8 17 1 43 45 25 28 8 11 2 2 9 24 1 2 31 64 92 424 3 6 12 10 9 82 29 1 11 3 19 323 3 48 11 35 1 1 12 305 38 30 16 102 29 58 9 3 4 244 3 41 2 1 1 165 1 5 71 7 1 2 5 360 10 5 3 155 133 3 1 1 8 14 98 55 203 7 1 1 22 6 1 2 6 2 1 29 17 12 8 5 1 7 75 126 2 99 3 2 1 27 1 3 38 351 1 1 2 2 1 98 12 421 2 17 3 1 15 21 40 1 1 13 4 128 1 1 8 1 176 8 2 21 1 131 9 145 285 15 2 50 11 2 19 9 7 120 24 141 267 19 18 77 11 1 4 314 8 73 171 83 1 2 49 492 16 4 84 1 461 2 49 1 7 16 495 106 5 8 324 21 35 4 1 92 4 187 7 8 3 2 6 439 8 4 3 234 2 50 68 6 2 3 1 1 3 4 36 8 6 27 6 2 271 1 45 2 3 367 25 1 14 1 70 1 4 547 213 2 2 3 9 41 64 6 114 295 2 132 2 429 1 2 139 191 241 199 139 3 30 21 18 2 3 80 4 84 25 6 5 51 61 250 19 1 91 20 6 1 161 21 20 1 317 156 20 7 16 5 175 239 18 1 327 11 154 14 4 5 86 25 7 1 2 65 6 2 29 3 7 22 1 64 1 2 27 204 169 251 2 3 1 2 86 2 69 4 27 1 2 5 1 3 1 8 1 7 19 15 3 1 6 8 1 60 2 3 60 61 2 1 18 14 5 141 6 34 10 4 210 39 3 2 6 2 47 1 3 10 12 1 38 5 2 1 1 23 9 46 1 1 8 5 38 35 33 305 1 163 4 16 2 2 2 17 51 3 38 168 4 5 1 36 321 13 60 1 1 2 4 28 1 6 1 22 56 55 1 7 22 134 1 2 3 1 244 36 217 15 48 335 1 10 1 2 1 14 23 2 1 1 20 33 1 1 12 176 20 10 8 88 20 8 164 1 5 72 3 87 7 232 15 8 7 2 3 42 1 7 2 1 129 9 239 13 1 1 12 14 334 12 102 465 15 1 2 12 41 2 82 2 1 1 8 2 7 1 34 1 48 3 3 5 33 4 111 7 1 263 10 95 6 17 1 20 55 157 1 4 3 1 31 40 20 436 2 1 6 1 200 75 1 11 1 22 17 1 4 557 204 1 15 4 21 24 1 10 1 1 1 35 50 1 70 1 17 249 1 1 1 1 2 1 330 1 2 132 9 1 77 1 267 13 4 1 4 129 35 1 33 1 33 4 11 53 6 340 72 95 144 1 10 35 3 442 18 299 2 1 340 1 1 8 1 32 1 18 3 306 3 17 1 3 1 69 2 37 196 86 10 1 4 3 270 3 17 1 3 76 294 67 114 10 4 25 107 1 1 199 1 3 539 269 8 2 25 279 167 129 10 41 17 1 506 17 1 165 11 37 9 130 35 19 72 50 1 5 109 1 3 78 20 63 3 15 194 2 9 10 136 7 148 8 29 1 354 2 418 24 90 1 1 1 14 64 285 1 1 4 24 1 2 153 38 8 3 1 6 1 4 136 175 12 13 1 1 1 1 2 16 1 1 1 1 149 1 4 1 3 72 6 49 1 99 11 36 3 1 15 13 1 52 5 1 6 14 38 6 1 1 270 7 12 1 2 119 1 141 2 127 1 147 12 17 1 5 389 2 7 1 9 1 1 16 41 30 137 9 10 4 56 273 19 244 1 2 4 1 1 2 20 138 2 66 2 3 2 2 1 60 1 2 207 8 1 47 296 1 6 46 43 1 2 115 9 57 1 74 1 24 6 6 1 383 116 10 130 129 8 1 43 2 336 7 3 5 73 166 80 3 76 4 122 5 122 10 5 1 9 1 1 2 111 1 2 8 4 9 42 6 1 123 172 9 6 313 7 56 1 4 255 11 2 8 279 76 22 1 26 3 78 141 52 48 41 1 155 146 108 264 24 1 1 26 4 1 21 31 138 91 179 1 4 3 1 1 3 4 2 1 8 15 18 165 13 7 16 10 170 87 1 2 73 11 4 27 58 1 382 1 86 9 2 314 1 4 9 306 18 286 1 60 3 141 39 20 1 116 3 15 1 5 1 53 5 1 124 240 2 1 218 1 1 15 1 9 1 199 8 30 12 20 236 84 3 1 17 3 1 181 11 63 45 31 1 198 265 3 6 66 39 111 85 1 3 3 4 1 4 2 25 1 366 1 2 19 4 6 16 80 8 74 1 3 232 122 1 3 156 1 13 2 10 2 1 77 1 106 14 171 517 4 56 79 91 28 1 224 142 24 7 12 73 6 2 64 5 11 10 1 6 2 1 43 4 1 19 31 2 382 317 430 1 11 1 465 199 27 131 12 1 50 146 95 22 15 2 311 13 6 1 1 423 21 7 1 4 24 91 6 2 113 15 12 9 7 358 25 7 62 1 1 1 1 4 23 21 331 192 5 3 160 154 298 1 3 1 182 79 29 1 4 1 11 1 1 7 2 148 23 52 10 45 2 25 9 41 8 7 80 1 1 83 6 1 253 188 2 17 62 1 19 2 5 269 567 1 1 3 74 3 16 2 1 58 5 30 1 1 193 2 118 21 108 62 5 2 27 2 69 6 2 53 28 1 2 1 1 250 1 5 5 92 11 135 5 7 300 1 1 1 2 112 6 1 1 425 20 3 153 109 103 5 43 3 7 21 13 144 7 2 2 4 2 51 21 3 1 1 227 1 321 3 301 300 58 1 112 1 167 315 15 2 16 1 3 12 1 60 1 400 6 2 14 103 10 1 1 134 89 11 1 58 10 85 2 7 2 1 1 158 22 2 1 16 1 43 9 1 87 30 43 3 17 1 1 2 11 3 1 3 2 2 411 1 46 2 275 169 45 5 9 5 16 2 351 1 1 2 211 25 11 11 1 43 1 191 86 2 39 1 333 3 1 79 4 63 1 1 1 22 27 414 107 1 9 23 2 18 10 5 1 276 1 6 1 14 319 37 86 327 1 41 67 1 51 43 249 1 1 312 1 131 5 57 49 1 2 5 1 39 11 11 18 72 473 2 4 326 4 6 8 3 23 2 5 14 7 14 128 2 2 10 6 1 1 1 73 1 1 2 68 1 224 3 1 1 3 89 41 25 1 1 13 216 8 4 1 90 17 1 153 63 57 13 10 1 21 4 4 4 1 2 40 3 19 152 5 135 320 4 19 173 3 166 35 108 87 3 3 82 3 13 4 2 1 4 1 1 49 123 553 2 32 424 1 3 215 249 14 14 7 16 54 49 39 10 450 3 117 42 19 4 5 229 1 291 7 9 1 4 13 2 1 38 1 10 1 239 2 3 1 379 22 2 18 1 5 6 8 10 1 3 175 1 310 21 89 375 3 36 11 4 1 3 28 10 1 145 110 1 4 1 174 8 7 21 135 2 198 1 3 1 16 5 36 23 99 1 2 1 65 75 24 6 1 1 85 137 2 76 15 139 7 150 3 333 4 1 2 70 3 19 1 12 6 76 1 2 93 11 1 285 9 545 5 45 4 26 344 5 1 10 1 1 96 7 2 3 1 3 16 38 316 6 3 11 194 2 24 1 1 159 1 32 2 3 1 130 1 121 3 7 10 114 367 143 591 54 3 54 15 1 132 1 60 14 85 43 1 4 389 1 155 1 57 4 115 16 29 3 8 24 22 354 3 77 1 241 8 170 2 18 7 6 17 1 1 1 65 228 337 3 1 15 1 9 10 1 1 1 2 4 34 3 1 42 1 65 78 58 13 1 11 3 249 48 61 2 175 670 21 15 9 2 3 135 67 12 11 15 4 24 69 76 6 7 22 23 13 10 1 264 6 84 8 93 42 10 7 1 103 1 97 4 155 1 40 1 3 94 2 5 66 60 277 17 3 16 147 349 3 67 125 9 61 238 231 46 51 8 4 1 10 20 2 19 124 23 1 8 38 34 3 2 10 1 19 6 17 1 1 18 1 214 24 84 15 39 24 1 1 1 7 59 13 2 6 64 1 2 250 9 2 7 82 10 7 1 325 9 5 11 1 43 6 1 359 31 2 1 1 53 23 16 3 192 1
