2000 4000
740 788
627 505
1993 1834
337 469
1540 656
112 714
1587 796
269 654
1077 18
1011 1360
1156 264
267 1968
1225 1792
321 1598
1252 1843
1359 829
636 1072
1076 1198
1035 1105
1977 1316
373 232
1248 1315
1760 259
87 538
1653 250
1767 1892
910 1157
844 719
980 880
1608 935
1543 1413
180 910
189 1097
863 669
619 892
723 429
1133 1439
1458 1068
656 710
331 835
1947 1110
18 443
1485 1244
1395 477
1617 640
1263 1413
1581 824
369 138
1766 15
1973 175
1304 1967
1850 907
1322 1947
1500 538
222 509
1432 1686
228 1005
889 539
683 1263
1779 283
162 432
1381 1359
689 880
1500 1333
296 432
993 1606
1164 1512
1589 763
274 1830
1536 189
1244 858
787 350
57 1243
476 1146
1606 910
1177 1890
189 1836
609 1013
1252 1132
116 244
444 1874
818 58
1110 1683
740 1843
281 1536
72 232
928 188
1527 1141
818 524
1893 523
1019 454
1657 1557
69 1679
710 980
1874 1250
457 1848
1599 1555
1071 1598
873 1458
60 843
1663 1913
892 930
1195 341
1446 195
267 1893
614 1247
395 363
4 221
1513 700
360 1976
1333 1080
702 1047
1501 18
796 1340
1490 873
334 1543
723 1846
630 1967
467 897
476 1563
897 873
954 1263
873 1439
1779 1276
1544 1974
250 1532
1156 463
671 1311
1679 1208
401 1779
1397 874
795 137
1311 1947
390 1824
179 930
1435 1094
1587 1149
914 1693
1333 1831
1720 1047
188 331
447 140
271 181
1744 863
477 914
1289 1500
1581 1090
1892 1922
1359 242
759 500
904 1437
1 1827
1458 424
913 1087
371 1792
331 454
687 1367
360 1778
1852 1735
395 1892
1893 1149
1263 112
1259 521
934 367
524 509
395 1973
1406 866
1766 1557
200 521
1135 796
395 703
516 863
458 57
1793 1638
658 656
538 68
1848 1767
444 1948
842 1598
1523 92
743 1211
1792 232
1207 1243
1762 1168
759 275
1383 1414
350 1157
881 38
1177 1399
1779 121
1956 644
592 346
267 640
1211 1902
1129 232
1442 1536
198 944
616 731
1605 800
1207 1846
1406 706
1532 1921
445 585
725 1990
188 1199
1026 1146
843 1094
256 1617
1538 1902
1448 47
433 1427
230 1266
1538 1110
619 200
2000 781
1741 1155
1920 1355
1104 1067
1141 949
181 732
1767 1432
267 962
1448 1465
1833 1956
1032 1195
700 892
1443 892
197 153
824 162
350 810
1459 1760
1599 1698
796 509
390 1320
1 331
127 382
1630 705
621 1965
1461 1131
1585 796
892 611
57 705
485 1916
1187 784
1767 712
1560 275
458 1458
679 1396
513 1532
458 1207
232 1890
1250 57
496 103
626 451
1536 687
45 1129
313 1509
1939 1149
1009 972
1584 1161
1676 306
1141 689
1766 1472
542 601
286 1135
1262 1430
1748 78
1557 410
931 1135
954 1580
181 1448
1760 1145
709 444
1175 1760
1263 1432
1940 327
486 1400
1523 1077
1849 1308
198 1250
1468 1872
994 1339
197 680
1753 1902
1271 1207
1158 1538
905 1861
1333 1304
206 923
683 197
282 1820
1207 1495
1780 334
1760 1374
796 378
87 1876
1512 1390
502 409
8 1243
1019 1280
1605 1622
1863 1225
1961 971
1008 369
626 769
1371 250
823 1556
400 1948
1833 1248
281 1893
1283 601
658 888
693 1158
658 1790
477 616
1203 1650
1011 1927
873 371
1350 339
29 1827
488 204
1220 914
1460 1940
1801 1766
1284 1527
1198 1374
104 914
1876 968
724 627
1608 397
584 643
1790 1245
125 1760
1821 1973
923 1639
796 1032
1537 730
1207 1792
1882 113
583 1316
250 281
1361 1908
1633 212
1653 223
1435 482
907 1618
808 1092
610 1874
371 1137
1217 1681
284 1084
477 1851
1679 1379
68 193
1086 334
1710 18
179 209
1527 116
1145 524
79 1039
1097 1541
521 1002
1861 1657
1154 1207
1929 1883
722 1661
1731 1252
1460 1430
1290 1094
1055 1432
1779 1132
1861 1922
232 910
1821 1557
395 555
225 747
1677 1178
336 1553
281 360
447 1135
1642 1902
611 1263
214 1374
1288 997
1295 113
843 1296
396 652
1795 1141
962 63
873 435
476 129
1872 710
1639 716
1035 1828
1097 1427
47 1073
1554 99
321 689
1746 18
896 179
1067 1831
1133 1920
1259 451
64 398
1532 1902
1264 712
1290 17
802 1161
321 1395
230 1119
923 1767
142 1026
1016 40
619 129
4 1415
1767 737
1678 8
1961 923
1458 968
92 1678
1261 274
1627 1602
1598 63
1488 1294
1051 337
1067 282
614 551
221 779
1675 879
1367 1831
1067 1648
763 1427
1633 1280
1939 516
710 818
1598 447
1439 842
105 1080
637 36
125 444
469 1163
1899 1406
808 395
1795 1622
1967 285
572 1447
1077 1137
688 1760
616 1863
259 524
1523 1110
113 1263
1679 311
1067 444
200 1876
500 914
634 1178
1683 1893
1445 680
1893 1133
476 1400
231 377
738 726
1309 1612
516 454
15 1789
508 1622
188 523
250 1538
900 914
1458 1263
113 1905
619 731
742 1693
923 1236
59 1381
1207 1642
726 1536
450 1223
1244 930
680 267
485 616
1371 1207
1067 1653
759 1922
1334 1523
923 1384
500 1803
1798 1114
1017 349
1657 1707
1732 350
1846 616
660 669
1273 336
753 1997
910 1100
923 1523
1683 895
1607 121
1073 1911
509 1523
1848 1259
1747 866
1874 892
1792 680
603 784
1460 1870
1403 835
360 1514
1611 1472
1118 1779
1461 1834
759 722
1183 916
1285 1543
350 1536
369 378
1171 285
914 1635
892 1020
63 971
334 1603
627 669
473 1080
1861 1633
1251 1067
1147 1273
328 181
331 1876
843 1439
1922 914
403 901
432 1982
863 1397
692 1799
610 157
124 1313
1936 1527
760 1041
717 482
1826 1382
835 467
1260 204
285 980
1720 584
731 611
349 1650
1973 354
1655 113
314 37
549 930
261 1520
992 290
971 801
1135 30
1981 1262
1978 148
1902 395
1556 796
1740 250
1024 528
1244 640
1450 1766
516 1725
482 1092
1798 298
1596 241
220 1538
1761 1263
545 1191
1859 1760
455 1605
1846 985
661 1266
1133 336
873 1207
1911 1207
445 2
1973 1133
1005 1903
1035 305
613 1101
1460 1863
333 1831
281 683
500 1779
627 314
555 1947
1383 843
1612 539
336 47
972 824
360 1760
1612 1361
1835 1267
702 843
525 59
563 1154
1084 974
1157 1273
714 29
756 271
181 119
1390 1538
652 1280
1587 1352
1556 1540
1346 585
1448 769
116 1559
1073 1833
1147 1683
1132 1085
1465 460
1435 204
342 508
1749 640
637 555
180 651
1605 1922
271 1791
1512 1798
1033 909
1149 790
1583 1263
1236 1350
314 163
1594 1921
979 213
1876 395
1312 215
157 993
466 1150
892 306
1207 1767
907 282
980 1478
1746 373
1998 1067
567 1749
1876 1667
1822 1993
1872 1654
1163 987
293 1321
949 813
700 270
1065 1150
896 784
445 395
30 1920
641 1124
120 141
1736 617
11 271
710 1094
445 719
271 1414
723 1052
1439 1156
1273 643
1143 972
1919 1802
47 1439
445 1691
571 17
1496 897
1439 1427
1633 250
1836 1162
1226 1514
917 1826
1438 1831
1908 1273
222 1242
62 1350
601 640
331 578
828 1712
1993 722
523 1555
1115 1831
1336 930
1693 113
1711 1294
658 490
1245 1357
63 1779
1385 1094
771 1145
363 950
1687 1522
1446 1023
1557 1375
1316 331
1833 454
162 968
1822 1996
1843 45
610 971
59 606
1433 230
614 1085
1523 1135
1506 1267
403 1067
1579 688
627 32
1584 439
1137 1136
1273 1203
1105 1090
1047 1262
1463 1876
1118 503
1413 449
1347 835
305 1922
63 1525
1439 1693
610 1316
1680 1374
278 1754
1430 1598
1967 870
1861 477
354 1581
68 330
354 1408
688 1047
802 685
1126 1033
45 1767
784 971
1500 1359
1556 992
1506 858
1126 226
1348 1432
1633 1207
1686 1920
1867 997
179 954
946 669
930 781
1920 281
1977 1811
1273 1876
893 392
1760 1548
1207 1263
113 1047
429 1581
656 1435
1408 1767
1861 1343
1099 473
1440 786
264 1909
1316 568
1375 1698
439 1372
1627 1398
594 1559
244 524
1536 1403
417 1203
931 1902
336 1911
1675 930
1410 1523
1648 371
643 1074
63 640
892 774
1760 914
1232 382
1155 1
500 328
1482 1414
554 1872
319 1145
382 1977
1311 1846
731 306
1556 669
91 1104
1536 1818
784 1051
738 1679
1437 880
1132 402
136 910
294 658
80 1329
1463 1097
483 1141
1523 700
1821 685
1206 1165
215 364
388 638
1626 1622
91 1686
1899 1449
1776 1198
670 1547
1132 555
488 234
839 485
383 856
232 1961
946 1514
138 1835
1435 365
667 619
192 1316
1461 1400
1512 978
683 316
1175 1826
796 1941
864 1367
162 282
843 818
788 1687
1247 1833
1149 1687
1320 1259
1657 1741
1922 328
1532 1432
1264 688
1809 1779
1075 8
197 306
7 346
1315 360
213 960
323 249
595 971
690 941
200 1187
181 1596
1304 725
1279 835
139 622
1251 1283
1020 1099
669 1948
1432 658
1662 570
653 1692
1956 68
1760 1316
730 992
796 31
1551 1766
1149 805
177 1311
1094 873
444 365
1893 705
1910 1737
914 408
1605 1244
1545 501
1355 1848
587 69
929 1580
1843 691
127 367
243 1073
1030 1478
866 1250
1657 274
1972 446
1622 521
989 138
619 1599
507 213
13 1461
1292 27
599 1120
399 610
1690 823
531 863
1135 1846
939 1725
1874 103
1643 670
1397 446
1439 1767
539 787
961 1961
333 525
321 1443
370 201
617 521
125 605
316 1078
194 1278
1343 702
344 1383
626 1853
835 1361
1762 872
1675 783
1793 700
731 833
1737 282
1094 319
732 1176
640 1822
1894 1161
685 1414
1243 140
1798 1719
1581 630
1206 336
279 1622
723 1961
1445 1394
379 193
1478 445
1871 636
1094 1642
784 1919
1846 105
409 1412
1783 467
858 342
732 68
991 365
1909 1892
1704 1780
751 1648
229 1110
401 1262
1452 1657
1235 1584
1259 1073
1762 712
1748 551
1259 250
1085 731
667 1732
594 793
1722 1275
1312 1831
1306 373
328 1023
265 667
984 863
1693 232
1070 1005
800 957
252 1113
992 1439
585 1876
1779 1655
723 1538
1892 1564
399 994
1169 1919
221 1568
1876 1611
1047 1294
888 321
162 1719
1937 331
693 223
910 1899
116 1456
232 651
1367 1336
554 656
1292 1334
769 723
306 277
1350 692
1833 1893
1251 274
1120 47
1110 1015
1905 1139
1790 1442
1198 1556
1260 336
1035 879
1035 592
1633 218
1703 1178
909 1365
380 1026
880 1341
572 575
555 1662
994 1460
935 1099
1385 1583
700 1693
666 957
207 1427
113 281
935 1488
1053 710
783 1445
221 1767
1145 72
1790 299
1728 367
1622 688
1933 207
161 485
761 738
1295 685
610 896
1774 1405
367 403
447 732
843 220
1118 835
1531 1803
311 1514
1053 1274
1250 1557
1622 1476
1244 1557
1192 1778
36 1547
1460 192
1922 59
4 23
998 47
485 509
44 1133
1128 712
1220 570
1051 189
1622 808
485 1306
795 371
784 1527
1248 1129
1709 477
892 194
250 853
769 1085
689 1601
386 38
1376 946
1939 1545
1589 133
1460 631
548 262
712 47
567 1683
710 1319
1339 417
753 1711
1683 826
1581 659
1556 1693
47 1432
1974 500
445 1273
824 1168
545 268
92 1002
1163 1277
670 1315
616 710
197 1848
962 843
1939 467
399 47
1186 1311
1861 215
944 386
1295 914
898 113
640 870
1163 742
1581 63
1523 725
1590 470
1803 1414
1427 1798
145 1831
208 1245
530 9
910 1067
1309 1876
328 1496
488 907
1543 1967
227 1410
1339 1990
1137 330
928 1706
450 1536
1560 796
275 1973
1026 731
1287 199
1145 813
843 161
259 928
1408 1834
459 662
181 1085
1657 863
1110 920
142 555
954 268
637 521
139 1981
125 1633
636 720
788 1467
1608 1555
1281 1241
1244 656
383 712
105 243
1805 193
580 458
445 1047
1599 1735
1766 159
719 1790
987 1442
1273 360
1760 783
1448 1397
420 1822
1407 1838
420 756
336 1523
371 637
1439 459
1863 1458
1808 731
328 939
738 652
647 236
1927 1711
1633 1085
1381 555
994 1100
252 144
63 445
1571 1985
731 683
1657 1152
282 1735
784 473
693 306
866 1427
72 386
1907 445
1439 1496
1319 1376
197 232
1096 119
1375 1223
1129 193
796 878
1711 247
1367 941
1085 710
1361 420
1002 555
631 96
145 1694
1332 1609
46 1439
1971 656
1731 833
993 980
226 323
429 1883
399 319
1047 250
555 197
1892 285
1642 1120
941 397
1921 1274
829 1094
706 1686
1446 906
232 63
105 458
637 551
784 551
736 1333
1846 1408
971 1119
923 401
1039 855
1929 740
1523 508
1219 7
712 1260
1434 1982
137 129
616 1711
792 1250
941 1893
972 1766
401 1939
1622 858
1220 363
1711 203
1560 883
352 224
1184 1397
833 931
1414 1067
389 458
1514 152
1901 1427
1523 1067
1974 467
228 1397
860 79
616 331
1922 1085
549 1319
80 503
349 525
1608 409
1176 1612
980 1266
447 247
1371 1808
716 904
694 669
477 264
687 1267
333 1328
204 637
1078 1747
1852 1527
1316 602
669 1175
509 429
76 1589
1683 688
127 1876
1070 268
309 268
401 573
1774 250
945 539
270 1715
796 1926
1097 1279
1902 1767
1983 1019
549 31
900 550
1014 1712
888 968
474 1150
1252 1271
1207 731
482 1981
1085 1137
429 850
1653 640
1523 1026
1207 182
910 297
1432 796
1270 986
37 577
1448 1760
344 872
32 753
554 113
105 80
1622 1671
1110 1002
1169 753
316 1920
1181 1965
1977 899
1132 974
724 113
112 1381
1195 1321
132 1711
1973 1273
1523 1267
1492 232
873 1892
742 1309
714 774
1852 1067
910 683
1955 1383
1686 333
96 968
1598 477
1176 685
1371 538
1019 1613
458 923
1792 203
444 969
1967 1430
1399 1139
1132 567
181 223
482 401
346 213
610 1824
1506 1807
1902 1453
1693 1077
420 1212
904 1735
1859 1039
1948 1922
571 543
1821 1808
1141 57
268 1501
1132 521
1155 196
294 1427
616 769
1545 793
932 563
1580 657
1780 1598
555 458
1367 1767
589 1104
1190 1956
1861 1749
1308 842
1439 366
759 1295
1792 1262
1545 423
1163 232
1748 1901
1409 1691
519 1635
627 1251
1008 1913
489 935
336 1250
500 1893
914 769
712 33
1132 1207
1496 1094
1767 1302
901 1496
1590 200
1563 59
718 617
1955 545
1551 1199
1247 642
1414 1973
742 1295
1094 395
60 122
404 946
1080 139
572 204
502 1687
714 701
769 57
124 1973
72 578
1835 112
662 883
478 1828
992 469
1258 1822
1367 1955
656 1099
476 1909
153 873
1737 1163
192 1899
445 1582
946 400
1893 477
1279 723
1947 323
1581 504
1164 141
756 139
123 347
1778 1067
1274 1948
889 142
636 753
1147 1195
252 1094
1406 907
1949 140
477 1439
1760 700
1009 1145
1099 237
496 1135
1333 1809
401 858
1039 1333
587 563
1311 658
1259 522
401 1247
1622 162
1693 946
1086 1339
890 679
2000 968
669 1939
125 719
1367 1760
1808 347
1863 946
609 310
509 1445
1639 897
1469 1478
1014 636
1451 1375
1071 793
232 26
490 800
281 1226
1532 741
1605 1133
1792 1975
1073 1749
250 1442
732 1762
768 1419
1983 669
1921 1866
689 516
784 1105
394 653
1319 1134
1712 971
161 610
87 223
458 1021
1273 328
594 683
264 226
1203 1778
87 125
945 1694
631 538
385 1545
825 1163
1920 1580
1633 749
445 1947
477 1333
1977 858
1406 1814
1924 328
194 1821
445 1132
927 643
1872 1385
1504 892
1085 477
525 320
993 1
1439 1287
265 516
140 1453
1808 1198
76 1711
637 810
63 334
457 386
1199 92
1827 649
1500 980
800 606
753 669
1432 1287
1779 1133
1579 673
835 843
1263 1094
47 1187
1135 1678
132 1693
1263 460
1724 1448
395 930
47 162
1497 1124
924 1263
1133 509
1827 1515
652 1223
1381 92
1560 1571
1410 1141
923 1263
667 1022
1425 1981
1581 1035
4 837
1047 1374
1746 1429
336 1259
1488 1026
790 1639
1161 22
800 1973
858 1831
1104 83
667 1258
770 1359
824 1779
1339 1831
637 509
947 113
901 989
1906 116
1803 1442
59 1015
1585 68
1250 352
516 1077
192 640
683 968
714 218
1126 1205
113 1496
410 407
958 398
1515 1096
1309 1555
328 197
863 780
1372 954
1145 1015
371 710
759 853
1693 723
445 1961
1381 656
1848 1657
1036 87
397 286
1650 997
1047 643
616 941
190 994
232 1675
1850 1436
503 1080
63 1408
360 1965
1777 1163
958 124
796 914
653 610
818 1119
1108 612
279 1129
1178 730
1808 761
1913 1816
1445 858
965 1874
508 731
1990 1816
1887 825
1261 1408
1822 1501
1419 1047
1141 1874
850 724
180 121
1260 1605
328 1940
1843 213
1496 1207
1220 402
1287 670
1367 1263
1693 1973
310 1605
684 1556
1600 1758
700 1119
976 1664
1432 1099
207 1765
1041 1247
620 62
862 68
1031 1482
1479 945
373 1902
1769 473
1460 195
1939 784
352 968
1094 1301
1589 1525
1601 1527
1019 1606
1105 72
1679 1252
1220 1340
807 2000
1448 286
1026 1653
1427 1585
1850 616
1991 349
1161 1693
318 1918
1892 1133
605 509
516 867
1496 1286
563 1675
745 1441
390 1147
1086 1215
1182 116
1323 1371
950 702
1053 1965
1376 1973
1340 746
658 621
722 377
613 1623
179 732
670 214
523 1308
1861 1273
231 810
930 450
456 439
113 843
887 1932
727 371
687 1147
1980 1308
328 1831
1961 656
1554 1397
1258 1431
1567 1375
508 1500
1563 225
1872 1947
1073 1541
1683 1085
1247 880
1052 214
1538 998
1694 1026
121 1892
1219 573
1074 1903
1099 476
735 1132
1737 1922
1097 1009
659 1790
1361 1953
375 1506
1719 570
1892 632
485 914
1361 689
228 836
843 1458
1999 784
113 1766
1099 1346
1096 378
1581 543
683 1538
1538 509
1587 1427
1110 1767
133 724
220 1633
1444 538
1073 1691
555 1846
693 193
1965 1067
1191 653
723 63
79 630
1414 92
1538 1432
1906 1933
1882 923
1760 1973
221 493
508 1922
1104 1901
1955 57
99 1203
1259 1939
769 1280
1085 705
1432 637
306 80
807 670
587 1247
1161 842
730 444
312 261
683 1068
1268 1791
700 795
1693 589
1589 555
336 1427
1416 896
282 1583
1371 1432
616 63
1852 363
551 242
614 318
227 514
1138 1580
992 1876
36 1163
1401 1390
1653 1583
305 843
1451 968
383 1967
1973 843
1512 1859
337 723
1487 1934
1008 1047
1884 1080
1068 555
702 1545
1695 1857
57 1523
1653 216
870 352
1622 1848
1948 1211
524 162
395 466
1850 508
1538 1085
1400 1448
1719 161
1359 1922
1094 18
1760 1986
1880 1902
1367 1922
730 515
1517 1259
1015 1439
1961 1598
1545 818
637 173
866 554
643 13
450 120
1767 1598
1961 1448
876 168
719 1861
1553 640
1224 1457
784 1718
1413 316
766 1496
637 1439
1603 1969
522 1033
310 250
371 731
1791 92
1710 1739
1005 783
58 1444
1662 1094
723 268
1977 113
1903 1685
336 1655
59 1977
930 1541
515 833
1408 1693
445 1040
194 853
1897 1600
1219 577
1844 1406
328 1149
1067 668
62 352
1874 408
1693 351
321 259
222 616
1472 1657
404 237
1809 378
719 1824
1304 474
925 1848
369 1779
1876 796
1665 1110
306 1875
979 971
1827 112
1110 124
1195 914
1157 131
1642 1413
1163 1606
1804 420
706 928
1339 1887
197 1161
555 267
1397 858
835 1251
1514 228
274 681
103 145
517 1280
1643 561
132 1031
445 1538
1760 1446
643 1676
1268 726
1642 1408
1523 1967
369 112
1099 1559
1989 333
1263 962
1085 388
843 1902
469 1041
1221 1248
1538 1856
1099 57
1158 1694
1845 197
1567 813
47 509
1439 784
112 1066
993 1443
643 658
1068 990
281 1939
1026 524
80 469
1157 979
1861 249
30 528
1336 560
367 1104
1766 716
342 323
627 458
1021 477
1843 1225
285 236
1469 796
1581 316
795 1555
907 404
168 1463
1273 113
1495 1919
1241 1894
1105 1863
1555 1850
1885 1830
360 968
1749 89
884 148
1432 1084
610 683
105 1580
281 1207
1532 1525
518 1551
796 360
658 509
366 1437
702 1015
669 1605
1746 784
670 131
1133 643
572 148
1147 717
1718 1483
1622 371
1861 4
1610 4
1767 223
640 1633
306 281
962 612
207 854
879 116
1748 1311
1457 1110
1990 1059
1336 1
491 267
1415 417
1902 1376
450 1413
1710 1361
1693 1560
1717 1514
962 1767
1259 1967
1824 1143
1259 1902
866 1657
354 469
223 1589
1766 742
1178 176
1893 934
500 1439
889 1683
1263 1516
132 47
1271 1605
1442 320
612 351
863 366
1876 1259
371 1679
636 1177
917 1940
1900 959
807 962
1355 833
477 147
1141 1225
1141 640
1973 880
87 1460
873 852
454 181
59 47
1947 476
92 1512
1694 1247
402 1846
1551 637
215 1848
1550 148
1377 1129
1439 610
1496 225
1875 1085
290 829
1333 1478
250 395
553 621
1833 1735
38 1333
1056 308
1872 1496
139 968
1973 994
1137 57
1297 692
710 377
843 1126
200 1690
807 157
1308 1129
1414 997
1115 249
1374 928
27 1080
378 1822
142 1690
1147 600
655 1273
790 1496
1738 188
1133 1876
1115 63
1361 370
1679 1078
1860 1581
921 971
509 287
1085 800
1439 1047
872 610
318 58
503 1304
992 562
1110 1818
1397 220
222 712
445 1015
47 1598
784 133
753 302
423 1692
1243 1893
543 769
229 1302
490 1244
1262 1496
509 1132
565 962
1467 1911
220 1336
407 600
1169 250
1096 732
3 1682
1589 1824
723 910
21 634
1187 1618
268 212
477 113
275 148
810 1821
1375 1828
458 1334
653 1981
125 843
1207 1863
1512 327
784 1973
1306 876
971 1371
1767 914
1252 1149
555 1532
1308 1791
112 1156
197 735
224 89
166 1598
48 616
685 1009
126 722
274 989
80 220
347 490
808 796
1822 852
1605 769
710 1790
962 813
1686 259
800 1587
1135 1341
1216 31
125 1693
1961 1078
306 968
1336 1135
1120 824
731 670
637 223
1002 1367
795 755
1413 1435
236 1178
1563 838
637 162
539 1073
1962 334
1831 407
252 114
402 285
425 1532
162 1691
1607 1263
1541 1310
294 1099
1147 1785
723 1792
1203 1453
1922 57
993 1602
1419 1206
189 1705
1432 395
1961 1779
360 722
930 1002
796 1409
194 1271
232 554
796 1439
1047 1432
318 1488
1361 225
1843 1073
1691 763
1961 193
1214 910
1709 601
685 282
851 1557
162 1259
815 1732
500 1223
1118 1790
1459 268
724 738
1085 268
1023 1868
1019 1043
1019 1067
304 382
1767 92
1920 1178
1890 1605
1606 181
725 177
1053 197
1538 914
521 281
643 1449
281 923
566 1133
1580 1248
737 1882
702 1627
1309 656
499 1191
59 1532
500 113
1939 873
717 1085
637 454
477 555
1548 281
1394 500
563 395
1015 193
47 689
1800 1231
433 610
328 1905
404 889
1357 477
1837 524
1132 700
1047 1340
843 1872
1530 377
1691 1194
1809 1605
1691 566
1500 1432
930 1767
1143 1268
651 653
1311 229
1381 1779
1482 395
1316 1512
1726 1474
1488 1746
832 465
196 1887
1800 1880
378 1212
89 1133
727 54
274 210
141 147
1678 962
1263 1859
1675 261
978 1818
1224 1376
1835 1094
1163 113
477 1223
1760 723
1693 555
264 631
1940 1861
1605 1102
978 1384
1915 1240
1135 63
1413 873
1808 632
1748 113
643 1532
710 57
1169 1536
880 858
1141 1113
1024 677
1587 1150
260 1311
1961 1073
57 1015
31 231
1388 379
1655 1487
781 640
328 843
1545 881
1368 1940
1792 250
346 1314
1405 1186
420 1821
1283 1414
738 900
1922 1874
1047 914
352 636
863 192
1486 300
1414 1094
892 946
846 1675
1787 1524
1967 1163
260 1735
1523 911
521 795
1791 1177
267 1889
1039 1432
1391 328
705 901
1129 1161
508 200
612 1187
706 18
400 1942
1527 1496
1939 1496
619 1961
630 670
1861 404
1413 1541
334 731
454 1978
76 993
858 610
1362 587
1528 274
1186 1557
1694 978
992 1425
691 525
1264 264
87 1567
1053 1544
216 1271
477 1973
249 742
1375 1901
1135 1913
723 1506
1585 537
716 517
1902 1523
1790 767
1263 454
930 500
1381 638
305 813
980 1149
197 1746
455 193
1423 1980
1333 601
336 1541
656 1643
572 1043
800 907
1316 693
928 1252
914 1263
753 1850
653 739
1939 458
1506 202
1461 1564
1263 359
914 1675
1496 1026
1030 1848
1797 601
962 1905
1146 1439
1145 181
1186 691
1927 1850
1259 774
267 1902
1859 876
939 213
796 371
808 1243
369 627
835 1922
1915 971
756 333
1361 232
1790 531
316 538
683 1403
1742 336
455 1101
1922 1472
1973 1655
352 1263
251 484
502 755
583 1903
1694 603
1611 1902
838 1907
1892 1104
1211 593
192 1026
18 1893
1450 1478
508 637
176 1015
1685 1333
1874 1693
1087 1947
1686 153
689 504
1861 714
124 1941
538 408
1760 1876
883 577
740 941
930 458
843 1598
1466 824
1977 1585
1252 1633
889 1141
1648 962
17 296
1407 260
1613 200
781 1439
1911 125
1097 1400
1094 1538
323 1104
1900 567
1694 1175
640 47
157 617
1156 79
1496 76
917 669
1556 693
148 992
1259 1408
649 121
1742 1223
232 500
89 181
685 960
162 1769
795 1790
1375 412
1207 1599
1186 716
1439 1675
1263 879
1427 423
523 923
1037 1760
181 879
1694 473
1770 502
455 971
113 761
1850 382
1598 1488
1994 627
1719 1527
1177 1023
1523 971
1803 1692
693 649
1846 656
1035 1459
48 1819
516 445
1861 1947
321 978
30 271
1766 1511
983 1271
712 252
1611 1732
700 1694
670 882
1247 1655
387 1727
1611 236
1523 712
1721 854
2000 1244
1795 731
892 1268
63 879
1846 371
833 979
688 331
1906 401
359 1693
1913 1808
738 1414
1622 1493
813 221
761 1334
373 1161
1136 1129
83 1226
1678 460
1414 1152
1779 583
366 987
1496 1085
1757 1225
302 360
1357 1712
1555 554
1599 1307
1598 1944
1223 1553
1581 1657
1460 1693
423 175
277 1420
1555 1047
1432 1523
1967 784
1496 914
1808 47
1557 892
1608 1247
1973 1496
1947 1097
127 1517
1531 1596
1197 146
194 1961
249 1467
1780 1126
371 127
383 508
1163 835
62 1214
1427 476
1259 1861
1691 1973
910 753
386 939
224 914
1375 980
1328 235
1089 835
1866 725
445 1259
102 944
910 817
1355 954
107 1099
259 516
1439 1686
1893 252
1767 1085
983 120
1760 1439
1043 636
673 1206
251 1657
796 1240
1344 589
321 567
485 1094
395 1452
666 1869
371 171
1439 1149
509 601
197 1207
1406 378
192 858
382 717
1388 570
1410 1791
265 892
784 113
1467 1385
1133 45
1748 305
232 1080
795 445
1026 1132
1507 1400
1545 1390
716 1488
601 1437
1174 1297
716 281
500 1874
1461 1599
377 939
1209 1981
1143 1480
1943 142
179 1175
1252 761
1556 366
1048 1244
1860 787
1250 711
1600 1698
1861 337
179 234
1310 1974
723 4
921 1207
753 1154
232 1622
1252 1654
62 1557
1273 1939
214 656
477 519
1778 1583
769 1374
1809 1339
1361 1536
612 712
281 1901
127 1286
1650 935
1622 1892
761 1715
59 612
1763 1195
1560 784
212 796
1233 1882
1827 1975
1229 1936
1555 1538
1243 433
802 334
117 1259
316 1585
1654 685
1067 1062
1718 1766
337 670
1367 1622
113 47
1991 213
1991 794
1133 360
1262 47
76 910
1195 1696
925 468
1223 1259
193 1132
516 1409
700 719
1248 1288
1974 1936
1023 909
1767 1779
1150 228
810 1371
1922 654
1850 897
1360 756
952 1365
68 521
220 458
189 1432
1442 1872
223 1821
1129 971
1225 610
1563 1248
198 1376
714 827
1691 476
1397 1187
1920 1603
36 127
246 1590
1831 503
1459 1326
1432 1273
978 1250
1509 298
702 1961
1263 232
1385 978
866 1766
63 858
1203 719
1892 1643
1939 47
226 1207
222 946
212 129
282 509
213 1129
1120 354
1779 1541
57 179
157 1129
267 1906
784 1872
1157 1035
998 366
1598 1259
505 140
793 231
1135 658
282 1939
1506 563
1026 605
1225 1846
1435 856
1973 373
1169 1010
264 920
485 1458
1599 508
395 1939
852 1512
1290 1302
658 76
1210 1836
125 46
980 672
64 62
63 575
614 718
1896 944
113 1961
743 1019
1861 310
1523 810
354 808
1605 366
683 1774
404 616
1408 910
218 1843
600 247
1146 1814
1893 1650
57 1831
1195 640
68 204
880 1906
162 1002
1691 808
397 47
1103 808
795 1480
532 1250
793 179
509 1015
1357 990
1273 1094
1536 1633
1962 176
88 523
1827 783
2000 1002
1998 1203
316 783
1892 784
1654 1902
1622 1135
683 1149
1424 1980
1080 896
1798 1212
1163 250
1581 1273
1244 213
493 1439
1393 1639
1439 800
1094 46
860 1301
1285 1284
1662 1899
1616 1315
14 91
302 1967
975 166
1540 1085
1183 968
490 516
1148 1560
1311 1514
1981 640
113 1361
141 1876
1973 892
1915 473
653 458
1157 890
1339 1381
1297 1275
1779 354
1496 1598
281 962
328 1657
426 1413
843 57
68 232
499 939
130 1169
719 59
1002 503
1864 346
1802 495
971 1355
354 522
1195 113
1460 1244
1953 1860
1451 458
319 1698
260 1448
1727 1442
643 116
57 1400
1693 1121
63 1735
1622 392
18 1861
1544 959
252 1585
1145 1119
144 1309
162 38
555 127
1207 1940
1224 1478
1902 816
1501 1099
563 383
1137 508
316 550
198 1231
993 954
1559 1428
702 1371
63 613
197 656
1047 360
1501 820
1922 1026
477 1332
756 1605
892 978
953 1110
1899 919
614 39
1307 1779
1203 1133
643 1693
1955 1362
166 1536
1874 1080
268 538
792 1627
1444 189
818 1566
327 395
1821 506
321 146
808 1747
1371 1993
1420 1397
1085 892
923 56
1581 843
112 731
1482 862
1766 89
1406 1889
89 1309
249 858
796 833
234 1611
843 785
477 1939
971 99
1409 771
1376 397
712 614
1399 1320
210 79
852 142
945 277
934 1848
554 1120
1085 1679
162 784
76 281
1341 1927
1545 1147
784 1302
1605 63
1361 1000
1779 1523
1355 1612
250 222
1527 1355
1133 808
1633 163
1604 125
573 921
1251 1982
858 843
810 192
843 555
230 1129
829 783
1408 944
1094 477
1967 1371
266 1271
366 1960
311 281
1545 1517
1804 1091
1974 669
1691 563
234 1653
1385 1892
454 206
1791 1452
503 1397
1149 923
538 18
353 601
1737 1913
1486 914
1947 923
1843 172
1920 1137
1251 1527
1198 1247
1008 1657
1876 477
1982 731
723 1599
251 192
197 1014
1717 1430
1922 810
1716 863
179 1799
418 1888
354 1590
112 95
654 1038
503 372
371 458
1517 710
917 1287
162 1600
1824 116
639 880
1537 343
1132 1097
1133 978
386 46
522 601
680 799
1612 18
483 1124
1258 1633
1120 1792
250 697
207 1523
1005 1732
1598 1080
2 1343
1273 1666
1232 1145
113 485
1199 213
858 1934
1306 824
1977 1085
1555 1397
1677 1852
769 1021
1655 1726
1388 1308
866 651
1149 1408
1967 1273
1694 643
1273 1067
330 941
1627 689
1157 1589
594 100
1267 1260
473 1174
1789 1
220 631
282 1973
305 9
1876 1427
1309 92
1141 230
1352 1536
1809 958
127 1321
1608 1548
113 1622
113 1005
1873 1137
208 1262
1124 626
982 1618
127 917
423 637
395 137
47 328
759 252
873 696
281 232
1080 945
1808 477
1067 493
1863 560
1026 1933
466 1343
689 669
1686 881
939 204
1642 728
1803 1263
1035 264
1532 1598
759 1544
1892 1650
360 215
1876 1577
1861 904
1798 470
1133 740
1008 815
1769 1920
369 1087
783 1273
1326 100
1343 1704
1572 555
1256 1527
1865 1848
656 121
1340 1831
858 612
962 1500
1633 1249
1902 710
1426 979
532 1506
473 214
144 127
716 1693
1085 910
113 637
1065 1654
876 328
1067 710
910 336
1896 1236
445 813
1047 1598
1071 1252
55 382
1760 1612
206 881
1259 1638
1581 1910
373 1945
1681 622
1678 1967
189 41
863 281
1133 445
214 132
1124 1091
133 281
631 57
132 1453
635 554
432 872
1874 401
318 610
719 1105
691 598
1146 1249
181 1725
1074 723
1496 1967
1831 521
360 282
1760 1734
1374 842
47 305
1977 1334
1161 669
1677 505
1760 490
686 483
1655 691
1831 371
1642 611
1836 631
1141 1268
1094 47
1581 1442
1760 474
526 1400
612 538
1009 680
1746 1642
1695 763
458 1717
30 1993
591 915
654 1599
854 161
1903 1611
1939 1141
342 250
968 1252
538 1789
1792 1097
1693 399
311 524
1099 1606
1989 1677
780 604
830 383
1571 1872
1311 1103
423 1643
1622 328
1271 1094
1848 142
1280 1385
1598 1133
559 1320
1385 1899
1863 1487
1110 1760
1161 1852
759 1336
1622 680
352 676
1248 1244
980 1668
1074 1605
214 1192
1968 900
1846 649
268 1779
985 1813
1002 1248
1760 473
743 179
1244 616
59 1774
962 1435
1145 761
1143 521
899 1259
901 669
1899 1589
1147 1099
1919 636
1798 807
513 1414
680 610
1207 249
331 1145
1445 643
1859 1545
1040 1235
586 1705
1686 1208
712 1693
732 1627
1561 640
268 1861
971 366
667 1207
1005 1661
1207 1977
509 1066
1892 1766
16 1779
1312 925
1124 162
1746 1174
486 1617
216 816
139 1478
305 719
914 1514
710 306
27 1176
1532 1605
1073 1514
858 1748
1999 1137
667 250
1876 1540
1014 1478
1129 138
598 207
177 538
1133 57
201 399
378 1015
1094 1767
784 917
1367 610
783 1850
1375 670
852 1488
1147 344
901 13
1685 1605
790 1792
525 418
1273 1110
1808 939
1131 1709
896 710
1999 121
1061 1320
1015 1557
1414 476
66 32
1496 700
508 1397
1622 866
1175 910
1850 915
978 1678
1024 759
1779 892
702 1833
578 918
910 1053
784 1367
870 1152
1273 1779
1804 701
753 1683
892 1267
1902 1273
1545 336
576 1067
1427 125
705 76
1663 843
373 1735
1648 526
1287 1408
914 281
945 1691
610 1801
1487 467
1192 1124
1110 1483
1472 993
1208 870
496 680
1467 824
285 1359
1509 1111
1901 1250
193 231
1858 1292
1396 643
1460 1155
1694 1262
1443 339
485 445
796 1801
1580 253
139 142
12 1803
1215 1512
474 395
889 206
1145 939
1207 1002
74 369
1259 508
456 1587
1788 1487
1249 1818
833 906
1831 1967
1175 1124
369 988
196 1163
833 1153
1532 391
380 169
1174 1839
1430 834
1163 371
1133 1829
477 509
678 1633
1448 1514
901 516
1445 1302
1911 1808
873 753
1448 1015
888 205
901 383
1611 879
1446 1991
1049 1458
420 1098
1544 1598
555 283
1345 213
1556 905
1385 1446
306 1922
714 1175
161 30
1792 396
1523 1974
162 658
1932 1874
1194 331
1805 1702
957 339
168 1767
1121 843
1785 1482
971 1429
181 1208
1818 336
267 245
1266 680
1198 835
445 1693
1427 712
1556 1291
250 1818
1336 64
673 531
1443 873
1005 673
1285 815
1544 1101
952 447
63 1939
1161 455
1015 216
408 193
800 1067
18 327
400 1715
667 306
215 333
1899 1940
712 1563
1682 691
1433 753
168 1738
458 1408
1111 1616
1627 151
1955 173
795 1787
1961 1899
725 1176
1598 1273
162 1191
784 65
250 1273
843 1067
1080 1408
1104 371
1966 1343
1804 1067
1135 1156
616 1793
1670 1827
1074 136
132 9
1622 852
769 879
1957 1890
753 916
1943 1678
1207 647
710 521
383 1630
271 1792
962 1821
120 369
125 1719
1804 521
333 373
1687 1860
656 477
1685 740
1779 1591
121 473
305 922
855 1199
1979 418
310 466
1935 425
1543 336
750 1892
1074 1094
1220 1737
524 60
1371 1820
1555 756
1035 702
1420 458
835 669
881 1002
371 1250
147 1133
1865 670
477 1472
408 1872
458 113
679 1747
1804 616
651 1515
835 1929
1259 616
1226 1827
1923 316
1427 1094
215 1876
1287 36
1149 700
1094 1132
1850 414
1982 1445
1863 137
1226 30
1901 1080
390 125
765 89
932 1157
1186 1638
1255 1874
420 1507
630 1616
669 230
1155 946
866 175
886 1622
1536 1922
838 1827
162 796
1961 753
1622 234
1467 1309
13 1605
1525 1376
1259 1808
1287 1973
1445 1677
76 1279
454 1644
1860 371
644 656
1642 223
367 1133
1698 1488
1648 560
1359 904
1882 1461
399 1099
843 1614
1074 1824
371 1375
378 1263
467 627
1875 1861
331 250
1993 1959
843 1939
1005 1598
1819 1141
400 753
658 445
1589 1094
1067 1895
457 1598
708 1557
1980 1472
1439 1273
1976 972
1691 1787
1523 1359
1874 1657
1138 1766
358 32
1605 1599
873 1085
792 1236
1693 1967
968 54
610 1187
119 1243
1967 1627
804 1349
649 1373
1640 892
742 1685
655 268
642 1477
1955 1996
910 1460
197 1203
1287 1340
31 1850
481 1243
1053 47
1397 566
130 905
386 1273
47 1067
572 1229
1876 636
577 404
1719 1469
870 333
1258 124
1967 651
1966 928
931 1413
1977 371
243 1203
1252 214
1962 1043
1893 968
68 1214
993 1556
1948 1694
1787 1132
125 1767
1598 1514
1848 1496
996 486
1846 1893
873 386
1824 282
1867 365
881 547
1644 688
930 1273
1966 1336
790 968
640 873
1207 30
1516 127
1803 1977
1219 835
1589 194
1890 204
534 228
1833 917
1011 738
1556 1250
796 987
445 87
409 1133
649 1724
329 1650
1816 816
986 627
218 659
162 1496
1120 316
919 1892
87 1956
1250 1974
1686 250
1435 969
769 1893
607 1974
742 1427
1767 469
1472 270
1186 1209
1657 108
1154 1120
1538 1874
395 1367
717 1710
1620 1151
1936 159
879 331
1015 787
1694 1350
901 1976
1627 1871
1598 1163
971 1767
423 597
188 1781
667 29
1400 1927
105 659
784 138
1834 76
85 137
637 1920
1141 402
1245 1021
1700 1427
1822 1339
1653 1293
224 1367
1872 1878
1445 1939
1133 1737
1821 1067
500 1207
1511 116
59 337
1906 1532
514 991
47 1973
1852 168
1442 1472
157 150
373 1203
1439 1124
399 1657
835 1978
47 723
1015 917
1141 723
631 1649
220 1678
843 333
223 319
360 47
1902 485
784 1359
976 1300
1211 1799
1280 1678
1872 1818
525 139
1410 904
1648 1262
105 1132
968 1008
683 1740
1852 259
1094 281
1263 1613
1793 105
1600 997
997 1009
651 553
1939 900
331 946
1967 32
194 714
1618 333
1538 76
1157 658
188 970
1893 1572
1557 1830
1861 1538
363 1496
333 1627
1648 592
788 503
473 249
554 29
60 231
218 450
1143 1517
125 892
616 873
1161 1766
1073 1163
1207 447
311 1132
1538 1974
328 1589
1413 1523
1298 1285
974 260
1887 1330
281 954
1448 99
1635 378
142 264
1145 47
1496 259
1709 1965
972 1163
1385 1248
1163 1779
1598 1263
1766 879
1120 1273
807 445
1026 1678
1084 79
266 204
1532 232
1555 1678
643 968
192 1100
523 753
1779 47
578 1538
843 1147
250 1287
1067 222
156 306
1367 1273
1147 780
111 129
1321 883
1731 680
1940 232
809 524
125 1545
1622 336
36 1198
813 1367
1875 1851
1439 1537
271 1163
1948 1099
1280 692
1920 993
1496 330
1512 343
130 607
1094 249
477 1187
681 1280
1806 1525
457 130
1212 1836
1411 1887
521 1530
87 1225
1977 1555
1309 907
98 383
1735 658
1585 1099
1651 625
835 1655
892 23
910 978
830 784
1892 1833
555 1496
521 166
1198 914
1850 698
662 1309
52 1333
1397 971
1743 231
1555 525
20 1933
971 1627
89 477
1834 589
555 410
1706 477
1163 1927
1934 1903
1749 1374
1563 328
349 1371
1808 1292
1204 474
1798 710
795 1536
132 1371
1973 1822
213 1584
1105 404
658 1223
36 1273
710 1026
971 1488
2000 1263
46 643
968 1187
1292 509
1767 36
1961 399
458 1302
1911 1687
86 1790
68 743
1831 1432
1147 1572
341 1973
1760 1346
1294 181
1162 783
551 47
656 1141
1163 399
710 533
201 1185
80 1226
1955 832
176 298
939 1824
1902 1236
1383 50
1094 1831
835 892
252 640
395 971
1336 1973
1273 723
1252 1571
509 1922
1149 1473
18 634
1374 1500
469 1082
962 1922
1367 1496
1319 784
267 1721
264 1922
331 930
1666 171
796 688
1302 302
1608 640
1035 866
801 1555
1390 1414
1922 611
1611 1722
700 1818
132 1601
914 116
76 824
738 68
394 1611
844 610
147 319
113 1749
1488 1966
21 1710
1014 1760
1698 321
1203 387
347 577
732 710
907 1922
1015 371
1802 1560
323 1391
1923 1657
78 1035
710 89
1683 328
784 852
363 968
1222 1587
92 684
866 1384
360 669
1541 685
1333 383
818 873
1236 119
1760 1333
866 408
1133 1094
1262 1523
1199 1490
998 1586
349 951
1484 1304
1099 1359
1118 1087
1872 1376
1133 1664
1163 1612
1067 769
796 1316
321 1476
1866 1956
638 1132
1397 683
759 1642
1177 1375
447 1937
1250 1790
1316 1047
1015 1437
1973 1767
1899 1198
229 712
1262 467
386 281
825 1719
770 879
910 1311
1310 349
1966 298
1902 675
359 726
1691 805
1110 1599
632 1975
769 1658
1846 1779
1532 1110
1693 1120
281 398
706 572
1002 914
1611 1848
1110 316
485 1410
1350 880
1415 769
808 1822
1981 521
130 1719
1129 972
554 1152
1234 1211
1728 1458
1875 643
1989 378
832 1693
1082 1851
1067 994
387 688
610 194
567 354
168 614
755 968
92 321
125 411
1527 1627
349 1995
1472 298
1104 1316
1297 400
291 1779
1947 76
927 1784
1330 214
1598 391
1976 1408
1617 305
395 162
683 346
1263 555
532 331
230 1290
1236 503
1078 1711
1648 1790
554 1504
1774 1598
76 829
1939 103
1622 1214
1099 220
1019 359
1067 955
1435 643
1846 1631
1874 1376
664 891
1161 596
1685 320
1654 783
1285 406
1467 1045
13 1721
892 100
178 939
946 1882
880 476
702 1052
925 1735
1684 1333
399 1030
939 1311
816 1939
1367 843
1124 1527
1432 842
222 145
1622 1294
688 447
1748 1717
570 304
323 395
554 1585
658 1974
1420 1495
1846 946
563 68
1962 1334
843 526
1589 1516
181 1135
1847 896
369 220
1120 769
1899 287
319 113
1 2 1 8 1 1 1 1 4 1 2 2 6 2 1 2 3 14 1 1 3 2 1 1 1 2 1 1 1 9 1 6 2 1 1 1 2 5 1 1 1 1 1 1 1 6 34 3 1 2 1 2 1 1 2 2 1 5 1 1 1 7 23 1 1 1 1 16 1 1 1 6 1 1 1 1 1 1 1 8 1 1 2 1 2 2 11 1 1 1 1 1 1 1 2 1 1 1 5 1 1 1 4 2 1 1 1 1 1 1 1 1 1 1 1 12 1 1 1 1 9 2 1 7 1 1 13 1 6 1 3 1 1 1 1 1 1 1 1 1 5 10 1 1 1 1 1 1 1 2 1 1 1 1 1 2 1 1 1 1 1 1 1 1 1 5 1 1 1 1 3 1 1 1 4 1 4 1 12 1 18 2 1 1 1 1 1 1 10 1 1 11 1 1 3 1 18 1 1 9 4 1 1 1 2 5 1 2 1 3 1 1 1 12 8 1 1 1 1 1 1 9 1 5 1 5 3 1 5 1 8 1 1 1 1 1 1 1 1 1 2 3 4 1 1 2 1 1 10 1 1 10 1 1 1 1 1 1 1 6 1 2 1 1 1 2 13 14 2 4 1 1 1 1 5 1 4 2 1 1 30 14 3 1 8 4 3 1 1 1 2 1 2 1 1 1 1 6 2 1 1 5 1 3 1 1 1 2 1 6 1 2 2 5 1 13 1 1 8 1 13 1 1 1 1 1 1 1 1 1 18 1 1 1 1 1 7 1 4 1 2 5 1 4 1 7 5 1 1 6 1 1 1 11 1 1 1 1 1 1 1 1 1 1 1 10 1 1 12 1 1 2 11 1 1 1 1 1 2 3 1 1 11 1 1 1 4 3 1 5 2 2 1 2 26 1 1 3 1 7 11 1 4 9 1 2 1 7 1 4 2 1 1 1 1 1 4 1 1 1 1 1 1 2 1 2 1 1 6 1 1 5 1 1 1 1 1 1 1 1 1 1 1 9 1 1 10 1 2 7 2 1 1 1 7 3 5 23 3 1 1 1 1 1 2 1 9 1 1 3 1 1 1 1 1 1 32 2 1 1 1 1 1 2 14 1 1 4 2 1 1 1 4 1 1 7 1 1 1 16 1 5 1 3 4 1 2 1 1 1 1 1 1 1 3 14 3 2 1 1 1 1 8 12 9 1 1 1 1 1 4 1 1 2 1 1 2 1 6 1 1 1 3 1 1 1 2 1 4 1 1 1 2 13 1 1 1 1 2 1 1 1 1 1 2 1 1 2 1 1 1 8 1 1 1 2 1 1 1 1 1 1 4 3 4 2 5 1 1 1 2 1 1 5 2 2 2 3 2 4 11 2 1 1 4 2 3 1 1 23 1 9 1 9 1 1 5 1 1 1 1 3 1 1 2 1 1 1 1 6 9 4 1 1 1 11 20 1 1 1 1 3 1 3 1 1 3 1 1 1 9 5 1 1 1 1 1 19 5 1 1 1 1 2 1 3 10 2 21 1 2 2 1 1 2 2 1 1 1 1 3 1 1 3 1 2 5 1 1 1 1 5 8 1 1 1 2 1 1 1 1 1 1 1 7 1 1 2 1 25 1 1 1 10 1 1 6 1 12 1 1 7 1 6 1 5 3 1 1 1 18 1 1 1 1 2 1 1 2 1 1 1 1 1 2 2 2 1 1 2 1 1 1 1 1 8 1 1 1 4 8 1 1 1 2 1 2 2 21 3 3 1 1 1 1 1 1 1 2 4 5 1 1 33 1 2 1 5 1 1 1 1 1 1 12 31 1 1 2 12 3 4 1 1 1 1 7 1 1 1 1 1 9 1 4 5 1 1 1 2 1 1 3 11 1 1 1 1 6 1 1 1 1 1 1 2 1 1 1 1 1 7 36 1 1 1 1 1 1 1 2 1 4 4 1 1 1 1 1 4 1 2 1 2 1 1 1 1 1 7 1 1 22 1 1 5 1 1 1 14 1 2 5 2 1 1 1 1 1 3 1 26 1 1 1 1 1 2 1 6 1 1 1 7 4 3 1 1 1 24 1 1 2 1 1 3 1 2 3 3 4 2 1 1 5 1 3 8 1 1 5 3 1 4 1 1 1 1 13 1 8 1 1 6 1 1 2 1 1 3 2 1 2 1 2 1 1 1 1 3 1 1 1 1 2 1 1 23 1 2 1 1 1 1 1 3 1 1 6 1 1 1 2 2 1 3 1 1 4 2 3 10 12 8 1 2 1 1 1 1 1 14 1 1 10 1 1 1 7 1 4 1 2 1 19 2 2 1 10 1 1 1 6 4 1 1 1 1 1 3 3 1 4 1 13 1 1 2 6 3 3 1 1 1 2 1 21 1 2 1 1 3 1 1 2 1 1 1 1 1 2 2 1 1 1 3 1 6 1 1 4 1 1 8 2 1 1 1 1 15 1 3 1 5 1 4 1 1 2 3 1 3 1 1 1 5 1 2 21 1 2 2 3 12 1 1 1 1 1 1 3 1 1 2 1 1 1 6 6 1 1 1 1 11 1 1 1 2 16 1 3 22 31 2 1 1 11 1 1 1 20 1 7 1 1 6 1 2 16 6 1 1 2 5 6 7 1 1 1 1 1 3 25 1 1 1 1 1 7 1 1 1 1 5 1 6 1 8 1 1 1 1 1 1 1 8 1 1 1 2 5 1 1 1 11 1 2 11 7 1 1 1 1 2 2 5 1 1 1 2 7 5 1 1 1 2 2 1 5 7 2 2 1 1 1 1 1 1 1 1 3 3 1 1 1 8 1 1 1 1 1 1 10 15 6 1 1 1 1 17 8 1 1 1 2 2 1 1 28 6 3 1 33 4 1 5 1 1 1 1 11 1 35 4 3 2 1 2 5 1 2 1 1 3 1 1 11 3 1 7 2 6 1 1 6 1 1 2 1 1 2 1 1 7 1 1 2 1 12 3 1 1 1 1 5 1 1 1 1 1 1 1 1 1 1 3 1 3 1 1 1 1 1 1 1 11 1 1 1 1 3 1 8 2 2 1 2 2 2 1 1 3 1 1 8 1 1 1 1 1 14 1 1 1 3 1 1 1 1 1 15 3 2 1 13 11 1 1 1 1 10 1 1 4 11 1 1 5 1 1 3 1 1 1 1 3 18 1 4 11 2 1 4 1 1 9 1 1 1 1 1 2 1 17 1 2 1 1 1 1 1 1 1 1 1 1 21 2 3 7 2 1 3 2 11 1 1 1 1 1 1 11 1 2 11 1 1 1 3 1 1 1 5 1 1 1 3 1 1 1 1 1 4 1 3 1 1 2 1 1 1 1 1 2 1 1 1 12 2 1 1 1 3 1 1 3 1 12 1 1 1 2 1 1 4 31 1 1 1 10 1 1 1 1 1 9 2 1 1 1 1 12 2 13 1 1 1 1 1 2 1 2 30 2 1 1 1 2 1 3 3 18 1 1 1 1 4 23 1 5 11 1 6 8 15 1 3 1 1 2 1 1 4 1 1 1 1 1 1 1 2 1 8 3 1 2 1 2 1 1 5 4 1 1 1 1 2 1 3 9 1 2 1 5 1 2 1 1 14 1 2 1 1 2 1 1 1 1 14 6 4 1 4 2 1 1 1 8 2 1 13 1 1 1 1 1 5 5 1 2 1 32 2 1 1 1 13 1 1 1 1 1 18 1 4 1 1 1 6 1 1 12 6 3 1 1 1 10 1 8 1 1 10 7 10 1 20 1 1 1 1 5 1 1 2 1 2 2 1 1 1 1 1 1 10 3 1 13 10 2 1 3 12 2 7 12 1 1 1 1 15 4 32 15 3 1 1 1 1 1 1 1 1 1 1 1 1 1 1 1 10 5 1 1 1 2 1 1 10 1 1 1 1 3 1 1 1 3 1 1 4 1 1 1 1 1 1 3 2 3 1 3 1 2 1 1 5 9 8 1 1 1 2 1 1 1 2 1 1 33 1 5 1 1 2 20 31 1 4 1 1 1 1 6 1 1 1 6 1 5 2 1 1 1 3 1 1 2 4 1 8 16 5 1 1 1 1 1 1 1 1 4 1 7 3 2 1 1 7 1 1 1 2 1 1 1 1 9 1 1 12 12 1 1 1 4 11 1 1 4 21 1 11 6 5 1 1 2 1 1 1 1 10 1 1 19 2 1 2 15 1 9 2 1 1 1 1 1 1 6 1 1 11 1 3 4 3 1 1 2 1 1 1 1 6 1 1 2 1 3 1 7 1 1 1 1 6 2 1 6 1 1 1 3 2 1 1 1 1 3 1 1 1 1 5 1 3 1 4 3 8 1 7 1 4 1 1 2 1 1 1 29 1 2 1 1 1 1 4 1 1 3 5 4 2 5 1 1 1 10 1 1 1 2 1 1 14 1 2 1 1 1 1 1 9 1 1 1 2 1 21 5 1 1 7 1 1 1 1 1 2 2 1 1 1 5 15 4 2 5 9 1 1 1 1 1 1 1 4 5 5 1 1 2 2 1 2 3 1 1
