2000 4000
667 1202
843 81
689 938
507 85
294 1319
1700 1339
950 1876
252 501
1371 985
368 512
1990 1453
218 606
779 1010
688 1675
701 1101
45 281
1925 310
440 394
1328 1715
775 868
197 1437
1168 1167
1142 1777
437 1109
1273 1058
1403 762
657 1158
1290 1668
961 414
1649 828
883 421
2000 822
950 1714
371 1185
1234 1854
582 1969
577 406
1718 1287
1073 760
1205 1155
1744 87
437 439
850 823
707 1186
469 1500
787 367
809 1346
1101 14
1429 1383
1272 455
1535 347
820 1035
246 744
1168 1393
923 1032
158 493
828 137
144 1927
1833 181
196 1733
1027 1773
658 710
902 990
408 1934
1208 1346
473 423
872 1147
1575 684
406 666
153 1226
129 645
781 1851
1578 813
807 1635
1864 1816
880 886
446 1661
831 169
1378 37
864 382
345 1043
516 445
1150 173
1285 684
1511 1365
1667 220
1008 593
1452 828
700 8
1018 1015
1198 1768
1801 77
1830 1907
666 2000
256 1382
426 1613
1075 508
1858 256
918 41
1583 1292
1623 1153
1661 587
620 85
86 1963
1429 1972
1788 789
1129 1667
753 313
710 1547
1889 175
1711 175
386 1205
868 1973
1133 945
1470 844
1094 1624
819 381
1451 1732
119 1842
1623 1690
1938 1999
1749 828
1179 1766
717 1859
242 1861
1728 1803
1311 1645
829 1985
1112 1080
149 135
1675 141
1071 525
278 1546
56 493
1409 1675
1114 1004
659 829
203 1856
330 1614
575 1548
1851 488
500 365
1260 1112
1549 331
1727 1573
1201 997
469 1312
1336 1530
1732 1628
1793 131
1726 955
880 1127
1316 1757
1029 677
1173 1682
1092 1629
210 925
115 1182
499 1727
1931 1043
280 1562
847 1556
1818 1054
203 1210
921 395
31 124
22 48
26 1279
210 149
862 769
507 1741
1120 1606
69 1835
1288 105
988 529
756 1612
532 1952
441 459
314 1728
400 575
1968 303
1373 1673
1787 1316
1132 1094
1116 353
472 860
1843 1101
742 873
621 985
1930 30
1833 1138
1323 1293
8 672
1070 591
1704 799
1809 607
654 847
1588 283
1324 97
500 1918
1482 1769
165 144
1875 1952
238 129
1216 1657
1983 1860
1409 1350
1435 1156
422 1818
987 883
1630 1601
608 502
371 302
1520 765
669 703
544 1663
917 1735
205 1237
775 745
856 1630
350 1496
79 1374
397 471
666 941
665 215
464 1196
871 1162
1563 1392
559 1424
567 731
436 1137
1117 455
1252 912
625 1366
803 357
532 963
1450 529
594 1233
438 587
1293 1034
558 1898
1514 399
1665 836
158 302
1329 1609
1631 1381
1787 172
1379 1934
1092 826
1885 1538
1877 133
543 17
1614 1411
848 490
1064 239
36 59
1325 1697
1498 980
1729 343
1732 1189
1081 480
1773 1464
1979 1906
1812 1091
1257 1858
986 184
984 78
1231 1534
562 904
1860 230
1827 335
1898 1510
1617 149
1992 1129
461 1349
87 97
856 1067
1151 41
77 1486
1967 1386
1947 1036
271 1111
1650 1950
1156 161
1623 652
508 1666
1088 1527
1987 428
1619 81
1225 144
1905 67
850 283
1733 1212
169 976
513 1269
1186 137
1026 386
254 1154
464 159
1836 837
1101 345
1485 1145
1566 1798
987 1033
1736 1792
1543 1512
257 432
821 286
1509 144
521 96
1691 1273
1074 1911
519 855
226 5
849 453
834 1165
283 1041
287 1610
1385 842
1001 1107
342 1057
445 792
747 561
33 626
1596 1728
380 498
1149 1154
1426 1846
564 310
1650 1168
906 537
138 1293
1497 182
1768 1214
503 1931
644 539
84 1095
940 1878
1232 1512
364 1145
627 1555
279 1179
14 1074
1257 1021
1279 1759
1175 695
592 1653
399 876
384 1409
1780 977
789 1668
103 1390
1134 79
1323 1836
1083 212
1148 1055
1666 1967
76 1794
1482 739
223 1581
869 948
1396 1141
558 114
419 992
1762 1835
1098 1485
321 874
615 1615
414 406
1226 628
577 1887
531 1775
154 1209
1248 1843
517 1127
953 1442
1679 1627
1030 239
494 1248
1072 1651
750 1013
1073 51
1318 68
977 1141
1010 1438
1096 961
1408 1204
1368 1853
283 510
1501 578
983 695
277 900
1595 153
46 417
40 1047
701 929
761 183
170 221
1121 745
1822 686
1554 1944
1739 673
1405 418
648 585
565 517
1148 1555
1198 279
1347 1816
1921 83
1415 1100
1395 1263
104 369
617 315
868 642
1964 568
1093 1966
257 724
533 397
1620 1820
1599 1167
577 310
1236 57
1144 511
1577 1000
1289 917
1895 538
1701 1356
510 497
891 1755
1297 1245
368 706
1632 1104
1600 1247
237 1163
872 1688
1518 1814
749 537
629 1042
696 48
428 728
532 261
184 229
168 1299
1823 1730
1155 927
361 1898
1366 1779
739 387
1480 6
149 516
1539 1831
1662 7
903 1730
1051 1351
662 351
1711 1205
547 1778
1538 1789
1486 1627
119 1527
354 1122
1690 531
382 626
1221 1482
988 1966
1195 897
181 1949
973 1457
1196 1202
1896 405
213 1502
859 778
256 1336
1095 219
1120 1747
717 1782
850 784
1103 1194
1495 1864
648 1957
1265 993
41 1760
471 1395
75 739
915 1570
180 1533
1967 812
1815 248
1562 743
1929 1601
1864 796
954 900
1179 186
724 883
483 1034
1218 1887
546 1521
381 232
1933 1652
1764 145
1366 918
710 1252
162 1379
1030 510
514 915
1417 122
1853 904
279 1840
1658 1216
479 1564
1601 1490
1164 310
1373 70
238 1361
1900 1667
41 1711
864 389
988 918
795 8
433 1059
751 1272
1037 1787
1331 1976
1897 832
76 983
1744 178
1132 749
1825 1084
323 1766
504 1167
432 1395
1537 1465
1422 1456
1431 840
769 1925
126 367
1418 211
1898 430
956 1250
176 1959
645 96
284 464
168 1557
1164 372
726 287
1850 355
1447 1163
1851 380
1694 199
1832 666
575 179
1713 1330
842 1352
1630 1385
276 659
1882 907
157 1543
188 1061
143 1155
635 1458
1339 983
958 1669
1393 1444
1815 1524
677 1603
792 170
609 190
1093 947
52 1779
743 1196
558 1611
409 1121
163 1191
1994 69
954 127
1998 1835
8 419
1856 953
982 682
42 780
891 1401
1278 194
11 1030
1358 1349
764 767
266 154
777 15
208 1036
1011 1755
1990 260
716 588
409 246
243 1759
1624 801
225 1384
304 1963
391 1536
1151 1890
618 524
189 1044
1182 1493
1067 208
1373 1519
314 488
1535 1650
42 645
1217 1716
73 425
1753 1150
1371 983
1020 1281
1417 397
1381 615
1790 602
735 278
570 1556
1282 281
1316 1988
1343 685
148 1336
1847 1014
658 642
1563 5
1624 1416
1227 1826
1705 89
1715 1653
1640 621
1792 115
1852 1203
680 1775
1482 1536
364 1393
377 1239
1055 231
806 499
734 363
231 863
1409 712
567 252
362 479
1527 643
1304 1163
935 1216
405 1985
703 133
1187 53
960 485
325 1980
1436 631
1829 1526
177 923
1175 755
936 196
722 1383
605 274
1194 1691
1583 1157
1016 1328
286 1750
680 787
81 699
1252 1695
1295 1985
336 1923
1228 1889
105 654
1307 912
601 272
1846 590
1960 223
675 1867
1482 335
1808 188
1760 1934
157 292
772 1175
166 1133
1957 1251
471 737
1099 1702
961 788
580 847
1351 273
190 1032
1360 1255
1144 1294
1015 970
883 777
137 299
1612 1466
862 466
755 1497
1411 1355
1880 88
10 419
484 426
1511 201
1909 1380
923 1189
795 1172
321 234
1153 341
1707 1359
91 593
1335 479
581 937
974 1758
291 1175
1762 294
1218 1038
677 1181
1026 1611
1337 1459
453 907
1242 637
884 236
498 448
1765 1978
1057 983
722 1150
1709 683
1608 1832
352 296
1132 1729
1596 638
243 1965
1196 58
1622 1121
965 1980
461 1634
749 1041
1674 1172
1912 1252
813 546
921 1372
957 39
1754 487
1072 1201
1729 116
231 559
859 1
950 1874
150 1642
1403 1901
1223 1312
1710 1289
1785 666
1102 1271
477 1436
1318 1140
1566 546
378 1408
720 1757
976 615
1397 1997
835 236
165 1366
1560 654
291 1848
1669 119
636 1092
965 1287
622 1731
170 710
948 1357
200 934
69 266
1836 1491
184 633
1554 1390
899 1966
1129 1405
1214 476
305 699
1540 1187
960 278
1126 294
945 954
1311 964
1100 1827
53 792
1371 1696
948 1959
1232 864
1998 1628
261 531
500 1713
972 336
1067 1377
783 578
23 527
1956 1590
1405 1676
570 25
1570 792
1093 1928
1770 1873
259 1628
607 938
1892 1569
662 502
483 1783
959 1595
853 64
352 60
1038 804
375 893
289 1192
1126 749
1065 106
1837 1763
268 651
212 1046
202 130
1421 628
629 906
1453 621
533 1141
1943 1965
765 1560
1567 390
1473 1420
959 434
1493 1559
563 292
311 1664
1987 245
1667 1473
732 62
409 70
744 1818
1891 1052
1261 518
1415 1883
1821 392
652 1443
41 312
764 612
1541 1433
855 1047
1853 1818
791 95
1019 496
1890 721
942 1219
1591 1019
778 608
1247 1746
1827 1000
1296 1174
1137 1999
1849 1579
1621 1151
1050 293
1751 615
1346 742
497 722
72 91
996 955
981 1010
1880 409
730 423
662 92
1716 1480
528 666
1177 279
1460 729
661 223
1366 1861
541 164
683 1921
22 754
488 299
1388 527
1552 317
677 210
866 446
804 1553
1441 1805
990 109
1737 1935
85 542
1089 559
1775 528
60 1416
206 862
33 1260
1971 1202
1355 1747
454 1686
970 236
456 358
1515 1711
331 1382
98 338
662 1617
1191 300
1656 1756
41 515
385 1570
689 1865
717 1937
1038 898
527 589
1985 554
1793 992
599 760
1364 181
1708 761
1779 1656
1288 1284
698 1791
1401 476
534 639
620 1236
507 1086
1390 1505
15 58
899 1565
880 165
1420 268
1935 695
859 1598
1112 435
1576 973
1639 1775
602 579
102 1906
337 797
1524 836
501 1077
83 1882
214 347
986 1521
1602 14
1364 396
987 824
1337 1774
200 1981
1314 30
1606 1613
468 743
747 1651
1637 1298
1223 1568
1438 1263
555 102
1766 1487
1646 1414
1485 1031
1307 1715
574 1439
1818 1355
4 1179
132 1898
74 196
1121 1646
1024 773
881 1424
1518 738
830 166
1833 464
615 1290
1534 1173
1317 233
608 349
281 1919
1723 743
1310 801
1844 12
41 758
847 603
592 1472
363 22
810 497
1803 1122
1850 51
1251 1945
1789 877
867 688
1360 1346
1152 831
892 1164
1977 1436
1434 1570
1622 1646
464 1360
934 915
870 668
1221 1122
1234 564
75 1062
1339 532
1597 176
1630 26
1659 680
1258 218
1782 1609
1303 1940
1402 2000
1187 247
460 10
707 1409
255 1696
863 1663
1420 1857
1807 1393
1796 475
498 1501
1766 1708
277 1159
748 1460
984 820
1275 73
616 91
1591 466
1005 388
1931 1646
1549 706
1636 1439
1663 1257
780 1238
1109 1083
848 467
551 226
393 486
1125 801
1125 586
423 106
996 246
888 1732
1886 1786
1411 665
1555 1152
1739 430
1973 781
1101 69
645 634
1838 1511
131 1257
721 1447
104 1091
767 606
1245 1640
630 410
1389 639
1583 520
1040 828
199 429
478 301
1995 153
421 1897
782 1791
1163 99
440 1628
889 124
423 128
1701 1118
703 1074
397 1075
28 1787
295 594
838 1537
522 273
1505 1676
919 1987
535 966
271 1851
709 1810
606 1732
698 318
164 1142
598 444
834 878
1545 1973
1892 1195
831 505
171 656
1172 69
450 1059
830 1748
1777 1886
1027 1808
42 1328
1079 1643
1232 694
1481 4
303 1943
1542 1951
909 1070
990 24
379 148
1709 188
1498 339
1989 1338
1857 1766
1551 1734
444 549
1696 434
1692 292
1653 1407
112 1292
697 1762
519 9
1815 1920
756 186
1921 326
883 1890
574 1441
547 311
441 1630
913 573
132 413
1460 1084
1802 1132
1062 1399
182 1480
1386 1570
1661 452
987 1506
553 1314
1231 1951
1236 1846
1925 185
1080 367
293 995
963 65
46 1548
626 1165
811 896
207 1839
702 834
172 740
780 1861
452 272
40 620
619 1555
1988 100
1585 1740
722 1237
431 146
1960 462
252 1042
1920 1235
1137 1518
1450 40
491 144
1014 802
48 1688
381 1948
8 1314
233 1228
1654 1584
429 742
267 968
129 62
582 1325
819 1222
655 1255
1141 1052
899 868
1405 1310
79 5
422 888
844 1869
1098 666
1285 1138
1925 197
1800 611
1907 512
637 1703
949 1309
813 486
1289 1498
1878 835
1825 1849
1516 1801
1353 76
554 289
818 81
1028 687
1098 842
1666 886
966 1829
409 362
800 627
997 1281
1225 594
621 1601
1440 781
1793 751
532 875
671 777
224 1725
778 833
182 1370
1149 172
1583 486
1153 1866
542 1535
782 1901
888 1356
1945 1393
1197 697
1886 323
1752 1078
151 882
595 98
923 521
1196 1646
1910 416
550 765
1234 1294
946 68
1181 366
751 641
1925 1706
598 2000
1956 732
1756 693
213 1030
133 1621
920 1632
762 1899
1716 852
401 1508
1258 1915
2000 695
1668 166
128 361
1408 1608
1086 780
1153 161
1618 14
128 1094
157 364
88 1577
1656 1645
1885 1279
1030 1618
92 793
1664 1727
1551 51
1681 469
287 712
55 1500
1200 966
28 1926
1025 1801
1648 965
1606 1950
1051 98
783 1220
293 379
1898 300
1560 42
20 1151
76 1622
1772 1708
450 293
1087 1223
1391 136
147 1019
923 666
641 1253
590 1179
526 10
1125 752
1861 621
1126 845
1944 311
246 467
962 55
686 1097
1648 818
1013 1743
124 331
855 1169
1901 81
718 1127
1517 1282
390 1439
895 1564
677 1246
616 1134
1912 1529
263 1557
505 1915
1598 329
172 1975
898 188
1071 1865
724 543
1813 1904
1204 1682
1413 539
683 508
504 1249
947 801
616 933
992 1171
60 311
382 1079
343 1897
683 1254
989 987
841 1466
581 1915
1960 1284
1535 1262
738 1206
372 1193
1278 1681
121 1848
1214 639
1771 1587
427 1181
265 1406
46 1343
602 1787
274 1445
715 1499
1884 64
83 958
1055 180
1809 1066
215 1761
527 1523
750 463
896 1059
1760 704
684 978
1449 383
1074 1276
1605 1745
325 182
1070 60
29 987
1629 1799
1084 1584
1058 1385
272 704
1158 56
242 1071
150 1268
1765 724
1073 1132
647 1402
707 635
1373 427
1956 1775
163 1032
1517 734
1898 1872
1979 456
63 322
1973 1580
1106 1333
1314 1705
925 1845
333 116
569 266
1896 199
81 1655
1712 393
206 1460
261 1222
203 337
1216 1614
884 1075
1431 1671
243 1649
1529 988
1611 1653
917 319
842 1104
126 1835
1928 547
262 57
1659 1075
1871 1984
1244 479
322 1244
1952 1052
1421 1519
467 1834
1768 1418
483 634
43 1162
283 1616
1991 220
161 656
1989 478
367 657
658 579
1017 1083
518 1878
1385 1702
715 707
1031 10
1185 903
1487 724
422 809
1602 395
1780 1087
282 989
1476 781
1546 1607
1341 830
745 1319
1625 356
260 1067
1659 957
342 1330
1937 256
577 1415
371 451
42 1824
1545 1851
42 1595
739 1837
1561 926
790 1699
1362 42
1016 738
723 1787
890 820
1018 653
537 1610
1298 177
971 814
1605 688
940 1961
755 1869
1602 1280
1481 1534
569 964
37 1434
165 1450
563 1028
1156 321
604 1885
701 915
754 885
901 1255
3 1324
1129 373
1861 1199
1946 387
429 1022
1434 208
1393 1090
684 825
784 1519
450 1673
1455 1017
951 172
1634 601
1001 770
1498 896
864 344
865 958
1650 1851
1847 1633
389 9
611 582
1984 687
1605 1626
881 686
463 1320
118 593
882 1236
977 796
390 180
1613 1640
166 1120
199 936
627 1101
635 632
1445 1514
328 1042
1249 57
1690 1971
251 1728
105 1460
345 1815
1208 1804
884 128
1975 444
739 1393
1176 1018
191 1264
1257 1862
1789 47
426 368
1489 270
1293 213
33 800
92 1903
1568 90
1609 1085
1428 696
1398 1954
1042 348
1087 1852
429 882
611 1951
832 392
243 741
555 1094
1892 1003
524 167
1775 131
976 1295
1149 1323
1231 608
648 1988
163 501
847 818
1932 820
638 1879
484 913
104 1832
53 1077
950 313
1275 471
1539 477
804 60
100 646
1696 1001
1278 539
10 852
1349 1439
1165 226
1593 530
811 748
1207 855
128 1759
480 1404
25 1739
279 1872
1326 198
1916 667
618 1747
1733 1871
93 310
802 1829
1191 1750
984 1811
1097 372
1644 142
58 141
416 1395
1719 704
1076 1606
333 758
1647 750
853 530
876 1930
1689 1599
1324 1055
335 460
1638 21
269 1453
1446 47
505 1894
186 771
261 881
1548 1076
1284 1922
1662 809
1821 1787
1262 1104
1861 81
170 1372
1396 1779
1716 800
152 1175
1603 1465
1774 749
1547 80
1708 1745
1980 1411
574 710
804 506
1306 457
923 1749
865 1325
1471 879
1520 584
823 1386
827 445
739 484
1294 850
1682 98
1758 586
709 666
116 76
139 454
1987 1432
1734 1671
1392 539
188 906
2 191
321 413
670 1043
839 1423
925 636
1589 287
93 493
541 363
1164 1822
1473 1599
540 1235
410 1708
117 1854
1513 197
1684 269
451 463
426 294
434 21
1927 1961
102 1596
496 1125
1588 932
47 1587
294 1940
28 429
951 1234
190 1188
1621 818
506 870
1691 533
604 783
772 1849
77 13
818 214
1022 1345
1818 927
789 50
1489 103
701 452
664 1594
372 788
1518 592
1555 1374
877 1339
974 241
448 143
767 1167
1169 642
451 1559
960 1228
1458 795
1090 555
116 934
462 1478
1452 1915
1977 219
1162 1504
1451 738
1778 518
578 1809
703 732
627 865
883 1196
1290 266
392 175
80 1097
1268 1899
1322 429
862 97
557 1941
1028 774
1702 1196
75 387
1288 1718
1511 1434
1273 866
829 165
1753 1749
1760 910
1409 481
1769 260
1244 336
410 464
1710 998
946 72
761 1701
1690 1177
1598 1609
456 1626
312 1013
902 408
243 1454
230 493
578 996
60 280
561 1956
1326 570
125 316
14 413
1155 1267
985 1039
1735 801
1057 1741
1314 22
1657 1169
1934 985
543 1931
966 1909
1642 1221
518 1108
1616 891
1935 1820
1825 1182
385 1607
401 24
1418 671
722 1804
130 1774
1998 425
339 510
795 1340
1908 275
1217 1747
1595 1866
975 745
366 1583
1199 178
503 68
1120 342
124 1921
948 769
1792 152
132 1696
1043 1169
1701 468
1524 1690
1804 1989
1986 634
673 333
1005 1266
140 1178
570 1128
582 269
796 1748
60 1256
1878 245
1633 1209
1287 1730
1398 703
1698 1432
745 1734
222 436
1869 1406
455 527
1690 320
1003 944
616 115
1330 410
1260 487
199 58
671 1636
177 757
109 577
1270 808
1775 1055
210 1380
946 1588
878 1193
926 330
244 685
1857 1429
696 1778
809 577
987 1160
663 89
439 713
214 1960
1611 446
388 900
1910 22
1041 1043
1939 965
803 1437
1932 1194
1858 750
1770 459
245 1354
95 1705
1530 25
905 634
1281 1775
618 1825
662 1261
531 1896
840 492
1132 1621
1077 602
871 1323
1409 689
1113 1504
682 1618
1268 1327
783 1789
705 872
432 1211
1638 1370
869 484
1220 1314
1495 1952
976 1589
315 1875
1590 1848
889 1593
987 1557
1714 770
962 264
1389 671
1550 361
642 1251
1687 1636
1654 6
1012 1352
1667 935
105 1544
628 140
1679 1704
1821 114
83 1351
1091 1103
456 492
1664 1145
1384 640
1749 1580
1802 14
1874 736
108 582
1593 1114
1166 1244
170 70
1943 70
714 1146
765 1436
1172 1530
896 190
281 130
43 211
670 339
1566 803
714 1311
1347 1323
158 701
1823 757
1626 1629
1157 33
373 910
1527 1702
1187 1548
593 1806
321 271
924 901
47 1222
1101 1038
172 379
55 33
1924 1231
1669 1456
882 1599
1249 66
1564 1300
1844 1258
730 1926
48 380
1496 1948
1128 462
476 898
1829 1738
898 946
1372 1344
1201 1019
5 1906
454 747
13 670
1293 456
1605 1520
277 1761
1735 1639
1853 604
1439 1797
785 1232
606 1126
1485 1592
1542 1432
809 793
1666 47
1823 250
528 140
306 19
1187 130
148 820
748 1918
305 922
254 1702
639 1084
286 1799
1969 1475
343 438
1934 747
1885 124
901 1966
688 896
1975 163
1912 218
1763 737
9 1708
312 72
1304 611
210 1748
1458 853
632 247
303 1026
886 1559
1739 1860
1901 393
1488 1432
769 370
1646 160
83 438
1499 1564
707 1300
1754 788
927 97
537 26
170 1497
1574 1822
1176 346
116 1764
1797 1985
1388 310
1970 1284
1650 877
1688 146
479 820
200 992
1437 1045
240 1083
745 1215
684 1502
444 2
187 831
1727 1590
1180 1
1445 1725
1634 110
1859 1107
1561 407
1319 994
1625 972
1386 1916
1833 1106
1333 286
1047 1874
1339 1364
1833 428
1252 248
219 593
1606 1336
1189 834
1010 1883
217 1612
1538 320
1160 755
1027 1316
302 1882
1820 1468
476 256
398 1820
677 208
839 1398
24 804
856 1220
312 365
1053 1148
413 1564
1766 806
1641 1452
490 1426
671 614
354 55
356 1736
657 783
945 1326
199 84
852 1528
1097 261
325 1968
1096 1452
545 836
417 1716
1819 1452
1944 132
396 511
537 1266
1673 1356
670 411
806 175
1695 87
499 1956
1616 21
423 1952
1677 1664
1130 343
43 227
1497 833
1598 1532
1237 494
896 1795
767 1184
1392 1896
183 770
599 1965
711 1767
1554 393
902 894
693 1166
1145 899
1091 1126
926 1310
1949 1037
694 1477
544 1885
1484 1682
614 1064
1727 846
1453 1930
1352 1609
560 537
1801 1961
81 182
72 1129
78 907
1128 846
1215 1563
220 725
790 417
1685 1107
106 1622
1624 1817
412 946
716 699
760 1086
1322 1019
1014 1530
1301 176
1069 1801
1437 546
383 450
832 1330
620 1670
1791 1564
1560 1532
1903 1382
200 877
452 506
292 144
1061 6
540 1196
589 258
1611 1258
553 1913
803 1887
1636 1523
1675 843
737 1828
244 483
720 1607
178 1456
1640 1574
780 1097
1072 331
876 1262
606 1196
662 168
822 1243
1294 517
1949 1731
1668 1657
502 957
1328 1216
1799 1541
554 112
1923 99
390 1650
262 204
1914 1990
808 1019
1729 1744
449 369
433 1705
1464 1218
276 1229
589 504
1007 960
180 1580
589 763
128 1356
1219 1403
98 444
1891 913
110 1327
813 1286
1789 134
1833 638
1675 1650
1147 424
1358 1804
1324 1476
443 1460
1991 27
682 1868
1964 962
667 1843
441 1449
1417 243
1913 512
513 446
989 494
1967 835
1181 1701
901 270
463 1545
955 1847
1577 1613
1294 130
581 1657
1608 1034
579 643
1102 79
840 1862
319 1859
1662 498
744 1097
1006 894
279 549
1984 614
816 1519
49 281
1513 1406
102 1676
203 1565
264 314
352 1648
1331 660
306 1130
1130 1847
282 381
63 676
225 486
748 1551
307 423
1865 1522
1903 1721
1455 1827
568 1258
1219 694
463 553
635 272
1118 76
1384 512
1952 1708
1465 550
845 176
732 491
928 1677
114 1579
450 121
577 844
1539 1806
857 98
1896 78
107 465
196 1477
1580 597
1852 1324
1602 971
285 1681
1566 1303
1900 1656
114 829
722 1338
1658 349
550 1421
1028 829
286 72
999 1241
1503 1075
513 1347
1173 120
1433 745
1146 566
1112 141
633 122
104 81
1169 1090
205 1391
1090 986
167 1600
793 1798
1575 1948
187 1512
25 260
369 1894
72 1817
1535 1787
1864 1573
157 511
866 1173
1645 848
467 471
1565 499
1782 1710
1525 405
964 133
632 564
597 909
1424 870
617 471
1295 840
737 1185
1918 1850
957 367
1034 1933
1257 411
127 403
529 855
1291 12
1751 1276
898 844
1570 16
1966 1227
1604 1614
1329 192
1322 1729
1971 1546
266 1981
550 37
1999 348
372 15
1364 277
698 92
922 2
1038 407
267 208
728 1140
1821 785
868 234
96 558
52 1249
615 857
730 159
79 1945
901 912
349 1575
365 434
1691 959
1235 1484
117 1781
366 608
769 1778
1847 1626
770 838
254 463
1122 1751
633 1170
691 1712
1775 637
1362 824
515 1620
1999 1241
280 613
979 1491
1877 644
1182 287
365 13
1364 1416
419 1757
1326 368
17 540
1685 1882
1505 1780
193 1501
1249 1694
1028 1441
1253 168
1226 1773
1247 975
1303 1917
1943 1042
1843 1721
806 380
1957 535
1390 192
694 651
1474 1217
237 1830
1467 1988
146 741
119 1848
1355 1428
928 1932
1173 1820
655 87
1277 1933
1102 1333
129 1405
458 1842
1974 1421
1364 1946
612 1668
1149 1303
1156 1903
566 1846
1113 1126
316 937
1497 1253
1782 1304
486 1353
1777 982
340 343
1804 1872
517 174
1095 529
925 796
982 241
339 55
1555 1251
1147 1451
976 648
874 1475
695 1573
1939 1568
1802 534
895 1582
820 651
28 438
881 311
1157 1733
784 1755
778 583
1606 963
1006 1929
1797 27
1849 1398
372 594
46 1537
1626 310
1752 1439
1797 1850
1206 1579
558 318
1600 391
1829 985
1156 704
1995 1159
198 1035
314 11
241 1148
617 1244
206 399
114 1647
1839 263
101 1062
1012 978
1849 721
1557 1109
905 604
1211 519
804 260
760 1765
602 1405
1802 891
1086 1788
1688 1570
1731 1816
1849 18
533 547
1994 1530
1979 1272
383 4
567 9
44 524
1379 975
1101 1173
131 230
284 1854
1470 1145
477 1332
1594 558
1933 1485
1129 1444
92 900
962 1502
1811 1362
785 65
1964 1560
1307 159
554 1052
1697 1854
1621 1419
627 761
225 1715
1004 1936
1284 504
1416 1819
261 533
1515 299
42 1602
58 1710
1078 654
405 678
1259 1224
335 1846
1882 1215
527 1072
581 1137
1826 1319
986 960
901 697
633 1015
488 393
1999 1597
1099 66
507 24
204 1109
169 147
1413 872
1016 492
268 821
1723 1189
1381 149
62 1231
536 1011
1309 855
1565 272
420 488
1915 290
786 1957
1016 1215
1986 446
37 312
232 1532
1660 1115
1481 220
1913 1493
1942 1145
821 1347
70 180
1786 736
1247 1157
1488 561
599 896
1914 606
786 896
1934 159
354 177
1679 1759
519 1040
1032 1882
384 517
1537 1932
127 143
1232 1499
802 542
1451 1258
1214 1477
1847 1530
1608 220
1801 212
876 1131
1590 700
899 496
1412 1484
381 1150
311 1350
1674 768
1903 394
258 1976
234 788
1746 1005
279 1587
437 1625
1194 186
1187 1570
1212 417
1095 1667
543 925
478 409
755 799
625 1510
1710 582
1645 62
1783 942
740 291
1477 773
103 708
325 838
601 680
1832 1892
482 436
1262 829
1468 965
1283 1051
1342 1438
1839 125
1364 1003
333 719
1530 1615
995 1740
882 111
1684 280
114 831
1125 334
913 403
607 837
309 1107
1356 19
745 1226
148 1241
744 1176
854 1875
965 303
1384 1270
1221 1816
147 551
555 651
1405 1176
1269 321
419 1881
694 904
1747 1293
442 869
208 863
1727 14
509 1555
1872 902
43 1058
1191 1491
353 690
1157 367
1413 1956
27 1405
453 319
778 737
726 793
881 742
1875 1613
525 39
1943 289
1559 1249
382 713
947 785
521 1502
1856 1684
1532 284
112 1434
1626 850
308 245
1704 623
649 1293
88 1418
792 1576
1493 1918
1124 519
1199 1210
838 1792
733 1033
1980 1368
1557 246
57 1322
1344 953
1595 258
654 243
1276 1393
1424 1218
768 1838
730 1011
771 480
1516 1155
876 1511
1656 235
1457 272
1183 223
1485 244
1357 1606
1051 1953
1051 345
1252 302
133 94
1926 1332
1094 978
1905 1177
46 1945
1432 969
1482 1958
1295 997
1905 693
568 716
208 1374
357 857
900 596
1007 732
103 1329
85 1551
1983 1875
1294 1806
222 1797
690 1232
1444 550
574 1027
50 1481
1340 492
1284 1829
1242 1503
554 1735
2000 104
135 1971
1451 1131
1678 684
1384 1803
512 465
1087 1124
3 1687
87 323
269 986
253 1664
740 88
91 1337
1473 1057
1319 815
476 1472
138 1468
1267 1203
350 1495
1270 1425
1448 339
50 1947
1480 198
1902 451
1309 531
1514 133
60 1759
562 1414
501 958
930 81
842 347
1464 565
502 924
130 1074
890 1798
861 1761
1862 1728
891 92
936 1035
866 647
162 1910
109 912
1651 1866
1014 826
1263 763
412 475
150 1296
1349 1641
673 235
1908 249
1913 1732
1192 1517
176 500
913 766
373 1040
1485 726
43 1784
1913 278
1892 1695
1757 204
409 702
570 53
851 944
53 232
803 944
827 1419
1771 1277
185 214
1353 867
739 660
1891 1805
1906 1342
422 204
1092 519
544 927
146 1787
1382 1117
37 1640
217 832
1835 218
682 161
1123 1257
716 1786
1865 577
520 41
224 1575
330 1258
1131 1939
1192 1215
1653 573
1032 1936
675 746
347 1519
1530 362
1390 175
1357 806
400 1722
1114 611
1893 430
1097 842
1735 1682
593 218
1555 785
1834 1765
1022 540
494 1300
34 1722
249 999
1354 1508
79 1573
1585 507
85 921
1958 802
490 1516
274 349
1956 741
393 1930
1575 606
811 643
155 917
1705 890
487 1501
1087 53
793 906
1136 1301
76 325
495 288
1782 1351
1328 1419
312 1447
247 345
1826 1383
216 1817
389 667
1534 1991
80 636
1681 1068
819 1913
799 348
929 621
15 248
1931 115
803 1278
1866 170
137 744
1657 499
552 608
874 1408
1116 1141
1634 416
516 185
1869 1411
1781 1858
828 1840
124 923
918 1544
829 800
1240 1741
1567 1159
1981 364
164 997
426 1060
67 858
1728 957
1539 240
1880 572
1605 533
1222 626
517 727
343 884
1917 1618
958 621
27 1951
1533 830
1840 1953
1465 382
1794 1691
1330 373
907 226
1470 1508
1740 843
517 940
1000 924
1990 934
1965 689
504 651
781 1140
717 1960
1291 197
1510 1432
1896 33
1322 1456
605 1403
665 1091
643 1514
1352 883
1508 1613
432 1702
1173 520
705 1891
1101 493
1578 1171
167 51
1683 1872
374 1907
46 128
1233 435
1704 60
1858 705
1292 1071
1721 803
1705 1435
579 691
1943 1094
1900 1067
779 1325
632 1925
123 1927
1691 1437
1905 565
1497 1785
27 809
1373 859
798 324
1920 387
182 376
1360 425
64 1407
81 273
635 271
77 1349
879 1574
819 567
1854 163
541 627
423 1758
365 1095
1828 1598
1631 988
571 1165
1837 1578
27 898
478 1077
38 1860
84 1179
762 1942
457 1576
775 1913
1530 1347
115 397
55 731
373 780
1961 1509
1978 1439
1425 1098
797 1880
172 84
1518 1961
1503 541
1085 437
144 1405
1784 954
1646 1027
1925 1429
1209 1032
1977 1285
1193 569
1778 1838
1985 478
1025 567
1819 392
1839 1387
1978 1764
1986 1950
730 586
686 296
430 419
1646 1744
1517 417
1970 739
1124 537
1689 1164
766 661
1294 1349
1861 958
321 1177
710 809
43 1221
1845 1609
567 6
1434 419
643 743
505 1151
1004 1396
1142 1283
1797 1038
903 60
1943 211
1756 20
354 676
1458 1475
1333 474
952 1988
1394 1940
690 814
152 1195
992 455
120 1076
32 537
821 725
1315 1908
1774 376
1897 989
868 707
1796 609
1517 551
1420 197
1171 1100
740 1812
1166 1718
1083 1337
1703 1991
373 1215
1761 1315
263 332
36 1386
1859 1681
245 1831
285 895
999 289
9 697
1925 782
544 497
1442 1590
1071 1824
1032 155
1932 1179
1511 1073
443 340
1812 925
1097 1064
344 1871
1749 1225
1119 888
1261 1665
94 382
902 1423
1874 1644
1661 275
163 870
1514 1595
1095 1899
1823 1582
915 1775
145 1450
1010 926
329 350
1390 268
1561 1844
166 1610
208 364
509 404
1685 519
1319 756
291 147
1091 925
1309 1041
403 832
843 83
984 455
418 925
456 1394
1969 1483
1958 1080
650 943
1982 1959
1102 1658
1175 934
258 1451
1435 1676
285 1833
224 830
812 109
774 1917
829 349
1578 1650
649 1403
1281 374
924 1158
1180 500
797 1590
28 248
1606 187
506 1456
940 1877
68 1501
141 1019
1960 553
1759 1638
515 1884
1526 1578
1320 1471
1149 1312
1571 275
1686 731
1846 533
892 1803
1639 775
52 1174
504 1647
1807 642
1015 1365
69 1915
502 844
350 1985
1671 600
819 116
467 1798
461 1444
284 816
1926 363
1045 535
521 1400
1210 988
954 517
1723 589
1591 1314
867 436
199 1690
847 511
1045 1509
830 1836
965 1389
306 842
1626 1027
1721 252
808 1115
1688 175
522 494
125 576
132 1994
1773 560
620 1219
1075 187
1852 1774
730 1337
15 926
871 1448
460 495
1791 1320
103 1862
963 456
619 996
1475 154
577 335
1925 257
1801 1687
151 172
7 145
1110 604
620 109
471 310
177 1496
173 702
1134 21
1741 892
327 204
760 1266
1058 95
537 241
1133 110
902 772
962 500
239 72
383 1946
79 685
1790 1560
15 1567
1222 1899
1973 1287
872 495
696 1060
1581 1208
143 1386
238 602
248 261
1339 637
234 890
778 1259
20 481
507 1732
18 372
55 1758
1982 1664
1341 1481
199 1820
1988 63
905 583
1737 1793
758 690
597 455
950 1412
1026 1461
472 211
1550 787
1359 62
125 955
1127 1267
1165 800
1998 1986
1650 1514
1422 1828
1885 396
1725 1533
808 1867
1871 1158
919 833
903 273
1839 63
1715 795
1052 1237
1779 652
1709 547
962 185
264 508
566 1251
1163 1321
469 1508
488 504
140 983
1835 547
166 376
1716 1992
893 1739
1095 720
624 398
677 1244
1681 749
379 167
1222 1376
57 1058
1096 1759
558 1434
1921 1490
1464 1142
107 1246
1949 1587
522 1656
100 489
1939 479
1995 1895
133 74
107 652
491 185
1499 1191
1086 1206
383 702
1730 1729
162 1774
1689 1310
153 82
1955 1721
737 1925
1792 1830
1479 1754
26 32
1152 292
1312 1016
132 223
264 725
204 28
1372 779
1330 698
588 1834
1531 1847
753 596
739 770
240 382
1913 1191
138 638
1846 1776
976 980
1532 1655
1822 393
1081 481
321 1373
1807 486
1371 1242
1851 1824
1505 1847
1812 1239
1730 358
924 1654
1594 383
1692 1025
590 1855
1144 1688
1426 503
389 1093
1599 287
497 1986
1261 524
1104 1349
816 1831
1685 907
952 1088
1496 1830
1866 998
1919 668
1595 1596
1937 793
233 1249
1309 1774
1788 203
1976 975
1189 755
1978 1205
1775 1807
27 1888
1096 1908
1301 1374
476 1141
1366 1776
724 1838
1050 556
1831 491
723 280
1963 1082
303 1883
264 346
1875 1802
617 741
1422 1162
1220 598
27 1494
334 881
847 531
1015 1079
1049 416
906 1007
1460 102
326 1202
635 703
1605 63
1189 977
1324 551
809 1148
1459 1221
138 56
433 1525
1777 1719
500 1954
1995 1239
1937 1310
1397 1187
216 1370
1712 1292
1779 1673
794 423
1708 1085
1910 1590
977 55
1016 1994
6 936
888 866
919 1151
1607 1306
1779 117
999 960
1481 1219
1490 1824
508 974
270 567
664 1436
418 670
640 313
295 1060
124 1659
1514 34
1294 579
1488 1878
142 1078
437 769
976 1093
1310 119
1617 459
1499 69
1542 439
1792 95
1144 452
950 1952
1869 1389
1979 1133
332 203
790 226
1802 19
1613 609
463 40
1536 749
312 137
709 1246
354 1190
1048 395
1114 787
1555 1671
907 687
1424 1118
1999 890
1135 1308
595 722
587 1946
1245 1609
1576 34
970 1476
668 231
1453 49
564 1735
454 245
1189 1476
1898 414
734 1844
1545 1627
1019 1626
1395 366
1951 1175
1383 1364
1571 1856
1827 1963
630 770
1344 1995
571 52
1069 519
113 613
1682 374
890 1042
1423 1847
1085 257
799 133
1776 1822
1558 1912
1718 769
1459 264
1024 1283
874 1634
1945 1367
943 1334
263 1049
1483 695
451 1647
1014 1531
1112 1057
483 527
897 364
1066 1646
561 1550
192 952
158 278
1659 1699
410 1847
1879 420
634 478
1729 1072
1374 866
51 1989
1842 1740
1082 18
956 1951
419 1267
1845 1535
1933 1505
1659 45
1683 975
585 1572
782 91
464 722
768 366
1244 961
753 1415
1884 1771
366 510
934 1313
683 1977
1040 1213
300 1730
1932 205
212 1101
1480 1713
1350 1692
1876 848
1557 786
1110 631
1935 227
1046 696
287 1164
796 1122
1913 1366
709 1936
1404 260
436 763
1607 555
375 1834
1681 21
441 1612
982 1485
1732 1284
1416 1700
289 124
206 1404
287 1949
1174 233
495 1337
1844 1808
1355 298
823 216
273 1814
869 661
657 1320
1491 1896
1890 407
1395 389
1602 1217
899 1818
1273 672
1221 1869
714 1101
1986 1837
648 1887
928 510
616 1981
579 938
1417 1254
1277 1790
79 1101
479 1828
725 521
1964 576
240 1623
1476 274
287 1239
288 486
1499 814
464 1172
1249 1046
1046 1952
493 138
1800 651
158 1840
1072 1142
531 1249
1311 1902
41 1913
1041 795
828 578
83 964
37 649
571 922
889 1080
1980 1805
1132 953
1943 1127
123 1483
1267 926
1908 1998
266 549
1278 1158
1190 279
969 521
1696 1814
919 542
137 476
220 1504
554 589
401 1785
1835 1750
569 486
1125 151
1385 246
691 357
1736 1457
949 337
307 64
1872 1040
242 64
1944 1301
139 828
134 1758
1922 1778
312 1347
364 1565
659 264
1082 1899
1577 1755
1921 1945
1606 1049
141 1447
136 921
79 957
1245 944
925 994
548 1154
1569 1194
1312 1451
252 1162
1818 110
560 1842
305 654
39 1374
666 132
819 1690
693 614
229 1776
29 887
226 1602
745 1067
411 303
1041 79
1848 1646
958 9
336 902
130 1878
594 1801
1520 78
713 336
1780 388
1181 1740
1181 1927
265 1415
497 141
1155 1192
1284 921
886 1464
1959 785
3 1575
1638 1731
1576 91
124 1826
448 1324
702 746
395 1869
520 211
438 1828
1111 1932
895 1673
1917 24
334 742
1297 48
555 1538
315 1383
356 442
1312 1055
935 516
1379 1497
1727 709
85 625
1172 737
307 27
1952 1362
1066 128
55 534
39 1079
1488 254
1065 1509
215 381
567 805
936 818
541 96
38 6
1447 1911
1286 1598
30 753
190 1048
1014 1929
1029 1993
1488 790
509 1771
1198 1901
975 428
1932 1392
1839 1675
16 10
1666 393
48 1501
1046 206
1678 1840
945 628
1247 734
751 151
1353 577
741 937
1070 986
1001 621
975 1613
1079 308
601 1239
772 273
1282 963
1094 1815
600 1603
365 29
1280 1261
424 1795
460 1048
1798 1618
833 956
369 1559
1318 29
710 1598
794 1969
1514 980
837 1106
1753 483
1833 1823
1027 1838
1983 587
1608 1155
685 345
335 1812
700 1281
852 1409
1833 400
1838 1090
1536 1011
245 1675
1976 788
159 1079
602 718
247 1885
570 934
400 380
820 54
984 1845
1768 1185
129 1778
1046 966
1858 914
1009 444
1862 1629
1105 1382
1947 1709
154 1058
70 1862
273 1950
3 843
711 537
1789 899
700 783
1950 247
816 916
348 1827
612 1364
1110 1482
1481 1954
386 364
1943 1019
1749 170
1992 1600
1500 1752
477 750
185 908
1032 960
1662 1412
137 98
1732 1014
731 227
1758 190
1391 299
833 1417
1194 364
1803 1824
915 1932
103 1068
719 1241
1161 910
135 797
444 721
125 1382
1513 649
80 1386
1718 519
1126 1625
1471 1970
34 553
1610 1540
814 1559
1279 1933
433 1468
292 788
1529 371
1105 1202
372 435
1506 34
1728 1962
882 135
1221 1511
1263 281
265 139
572 1651
908 820
677 211
1132 1025
842 676
1445 932
922 954
1636 351
655 889
70 1324
401 167
180 1304
1069 1857
1991 1812
783 1011
1381 1147
1154 661
1793 910
966 1919
540 232
1633 918
219 1195
621 1881
70 1404
105 1024
590 1765
1408 496
827 1153
1780 299
209 107
1227 291
371 1364
1023 1826
814 1840
976 1869
1829 1756
781 235
480 1614
1951 894
647 383
464 1741
657 591
1149 963
208 1805
1041 1980
736 1981
919 27
915 395
1996 461
1799 142
655 75
796 415
1865 462
1510 120
260 606
89 376
1001 43
1564 568
379 1170
1653 1196
1909 1702
1243 1332
479 1954
195 378
1550 1765
1005 464
327 272
104 1411
457 34
351 220
1826 103
982 1100
51 667
1729 34
1126 1645
1021 592
1973 463
258 693
1885 1548
676 1363
1764 411
1765 1426
624 1049
286 881
1008 990
1024 1071
1692 883
1801 526
1644 1984
1210 192
422 186
1195 1582
1090 442
1301 1736
348 361
350 1473
1960 357
1360 274
1965 297
1103 1855
565 397
509 277
1224 18
1295 1646
1674 88
1871 1817
891 730
783 1109
596 757
1464 984
1868 898
668 1494
679 1154
685 233
1758 1369
1709 341
136 1959
253 1316
1059 934
217 144
1839 133
1665 671
100 200
1917 1029
814 225
1900 320
1594 330
1647 1353
321 1472
1566 667
966 1756
297 41
6 203
1127 704
1715 771
1430 667
1001 1081
305 1245
505 1938
1522 452
1407 643
854 314
1480 256
1900 349
1867 548
1015 246
175 1373
243 1028
473 1909
1543 1659
1717 1742
1143 1981
1389 1004
938 641
1 65
1336 1194
1035 1845
1381 1296
1568 169
1545 163
989 228
1943 164
111 1001
486 192
1688 816
1589 463
784 1254
1652 956
50 1442
1300 787
88 1929
1897 468
1556 1791
1882 504
640 1869
1507 965
1369 1911
395 1073
55 622
592 748
8 814
1228 177
644 1616
1756 820
1977 92
502 1577
597 1526
1034 864
1520 157
906 1653
1862 356
873 1008
1251 1218
1581 370
531 1973
1863 1998
326 676
1515 1694
1926 1739
1619 1728
499 378
672 1507
184 1204
575 109
1192 617
865 585
1215 355
958 1652
200 861
389 903
788 268
244 1181
450 1511
1593 803
1492 720
1798 1688
1778 1392
1867 1520
1338 1592
914 866
915 1605
240 711
90 132
587 785
199 93
1455 1650
750 1082
1720 422
473 1498
1928 1804
833 1663
1508 1614
1510 1275
1786 1268
392 445
1933 220
79 709
1943 934
41 848
1220 1514
838 1819
7 1480
1896 1522
523 595
1871 605
219 347
504 1013
413 1983
346 418
1038 40
58 1912
1336 639
1573 1719
235 1289
917 1314
1303 407
1130 1794
1189 1454
79 1528
1594 1914
1648 1328
856 184
1690 790
356 337
1441 1237
1308 1358
459 1102
1494 1731
665 18
1347 403
301 1986
182 224
814 1956
538 756
774 1090
809 792
1669 136
21 8 131 2 65 89 695 9 73 260 237 1 32 1 108 172 176 32 35 2 6 112 15 1 38 10 249 2 298 4 1 156 154 83 1 1 9 1 1 49 100 106 15 1 1 6 87 8 9 3 423 1 92 1 214 95 6 62 2 10 1 10 19 262 20 3 106 13 19 10 1 78 7 1 5 11 33 25 36 461 29 1 3 77 2 1 27 6 16 1 12 32 316 31 1 38 306 12 2 3 1 17 5 9 11 1 2 11 273 2 18 1 2 27 129 41 1 1 5 169 1 127 4 32 55 1 1 44 342 9 1 19 30 1 1 55 245 94 133 7 173 22 306 10 164 1 12 1 6 2 1 8 3 2 15 1 22 108 1 78 78 162 17 18 1 50 8 37 4 25 1 2 1 1 64 4 2 15 478 1 132 81 1 1 301 1 1 115 2 439 1 11 13 17 22 2 17 17 66 1 1 10 2 1 175 2 50 11 1 18 188 309 287 52 16 19 1 55 18 5 26 403 2 183 1 102 26 10 8 2 29 1 6 1 10 6 29 1 226 3 170 313 262 36 87 30 116 51 4 8 1 41 4 1 1 536 261 69 1 6 26 2 51 223 12 8 13 3 5 3 1 19 76 80 1 2 1 1 8 3 8 25 1 1 3 1 20 67 219 6 7 18 12 6 1 3 1 100 317 74 67 20 12 1 5 16 258 1 2 233 1 219 4 90 200 61 1 1 1 31 28 1 189 1 18 17 2 1 1 1 98 1 15 2 126 3 4 1 4 2 1 77 4 1 7 1 38 3 52 4 6 1 9 23 1 15 23 3 1 1 4 1 103 2 274 19 9 15 5 1 1 200 40 1 2 256 3 21 4 184 15 208 1 90 1 5 2 431 148 20 179 1 50 108 435 107 311 86 1 98 3 1 9 1 49 115 2 5 15 133 52 355 22 154 1 27 7 378 78 58 18 11 9 83 6 55 1 1 73 4 2 6 2 18 201 7 113 15 5 106 16 2 1 44 6 2 1 409 1 3 10 29 3 104 1 215 90 2 4 548 29 6 2 80 3 4 47 131 1 1 76 190 1 5 1 499 9 66 5 1 1 1 3 19 4 66 14 57 4 443 425 1 87 92 100 33 351 189 20 42 55 1 113 6 9 56 60 17 7 173 312 13 64 1 348 14 260 1 44 1 1 82 14 284 103 395 14 25 20 1 205 3 2 244 2 35 155 3 2 79 6 1 156 168 1 2 10 4 59 23 217 1 19 57 7 14 1 34 9 2 12 160 1 5 142 225 18 109 108 58 43 29 1 353 477 1 110 3 150 1 4 10 13 1 1 1 5 1 8 106 2 89 2 345 13 3 3 2 18 1 22 496 231 29 158 51 6 3 15 1 14 2 1 256 6 7 139 278 5 327 3 259 1 168 8 303 5 14 1 3 3 1 44 11 7 105 4 228 1 1 1 35 28 42 399 4 2 12 88 1 39 6 1 17 35 2 1 86 35 1 1 76 1 1 148 5 198 32 71 31 209 21 13 1 1 16 8 50 4 46 1 302 169 124 1 1 23 2 98 7 2 1 73 155 12 2 4 2 35 60 5 18 70 21 101 1 3 6 10 51 2 101 4 11 39 37 2 1 1 3 1 431 40 17 70 1 261 2 7 22 45 128 2 89 2 46 31 67 84 3 62 1 89 351 67 20 17 8 82 80 5 7 1 113 2 6 1 117 1 139 7 8 1 1 3 2 2 224 16 2 3 1 1 2 2 1 5 42 1 11 11 283 14 221 19 43 6 333 7 12 2 34 2 2 300 2 6 2 48 34 1 9 8 3 1 22 1 125 177 1 1 313 1 6 2 105 1 10 13 22 65 4 436 1 1 13 4 22 32 9 3 3 94 110 336 2 1 5 68 11 2 14 36 92 1 1 230 470 1 52 2 118 3 42 37 3 7 107 61 1 24 23 12 185 31 5 1 7 15 1 42 273 2 56 4 2 4 111 28 2 6 3 4 5 114 115 1 7 63 8 142 6 1 227 2 17 1 310 26 5 1 187 86 158 12 73 22 23 1 5 1 24 4 6 50 1 8 20 18 1 29 6 17 4 48 9 268 150 4 1 1 364 1 4 2 79 5 2 1 273 6 83 3 1 47 353 25 11 1 1 27 4 1 13 1 2 64 13 6 3 175 489 67 44 3 1 1 1 106 176 1 1 1 5 130 42 67 5 156 69 1 3 6 2 1 11 8 11 9 194 1 6 1 2 4 10 13 4 226 1 14 1 4 5 81 228 1 5 1 4 34 4 8 12 37 4 66 39 48 29 10 75 1 2 209 2 199 56 2 174 18 6 1 328 110 16 58 6 2 99 237 6 26 1 3 69 38 436 96 13 3 114 1 139 8 1 8 36 10 59 143 2 1 374 2 1 34 11 264 22 101 62 299 85 11 27 184 19 5 110 3 64 40 2 3 112 227 2 10 1 17 58 4 74 8 1 47 6 7 2 84 2 7 129 1 6 1 2 2 65 150 389 96 3 2 1 5 58 1 27 3 4 1 45 6 76 25 66 49 1 4 201 3 48 1 2 3 1 1 14 168 257 1 372 6 12 66 6 22 18 16 1 28 3 304 49 243 132 3 1 1 16 3 80 35 4 14 5 18 5 1 136 150 3 35 476 40 8 86 22 14 13 3 3 109 4 297 1 64 32 10 515 272 6 7 58 1 294 13 2 118 73 177 228 69 86 1 7 1 3 1 30 1 2 24 1 2 33 81 1 24 14 1 71 13 4 1 13 1 1 65 59 347 24 2 10 489 1 2 16 5 1 5 22 4 3 1 278 2 1 10 22 36 96 2 1 9 82 43 167 2 3 4 2 2 246 448 35 1 8 1 7 7 1 316 6 203 16 11 190 28 76 262 21 23 2 1 1 1 25 19 3 174 50 12 1 5 3 38 2 1 1 1 19 1 6 33 2 39 16 10 15 5 2 4 8 7 28 1 4 4 1 25 18 12 16 1 2 3 46 72 6 4 1 1 9 35 82 2 2 1 2 8 3 1 2 60 1 115 7 2 3 2 6 99 18 1 546 11 5 2 5 1 33 1 5 6 1 1 1 3 5 2 22 1 15 35 10 5 25 3 3 45 29 4 393 50 243 10 40 56 1 4 1 1 9 1 32 3 2 1 6 80 20 337 2 1 96 89 2 97 375 62 1 9 14 95 191 3 2 2 64 35 8 7 504 1 1 2 1 3 104 68 55 123 2 13 1 192 12 664 2 7 5 25 88 7 47 2 22 62 9 20 291 28 27 4 1 60 6 3 1 1 43 3 1 2 6 1 12 27 113 1 1 5 146 161 7 2 624 125 32 2 165 17 133 123 123 1 2 155 4 12 33 1 7 34 3 36 217 12 2 19 22 69 91 4 5 6 258 83 3 1 24 126 442 146 4 43 71 14 37 1 8 1 14 1 37 3 29 35 9 2 263 5 137 160 14 13 298 71 152 1 1 101 9 52 301 2 11 80 2 1 23 4 1 135 2 3 132 3 1 26 1 5 4 129 8 1 171 10 2 77 86 91 2 22 3 28 7 4 3 88 3 1 1 113 355 3 11 3 18 2 5 4 35 1 6 37 60 1 187 2 1 24 26 5 509 2 390 1 25 14 10 1 8 1 263 43 86 4 2 13 16 92 476 102 105 506 9 1 131 2 25 2 8 4 8 1 8 10 3 1 315 9 77 3 7 23 18 112 16 68 96 39 8 16 4 4 1 4 315 110 3 214 67 4 10 19 328 2 1 11 141 80 86 1 8 164 1 5 163 1 4 2 137 297 72 113 3 1 5 1 67 25 5 32 1 1 1 38 3 5 12 14 1 12 270 6 3 65 1 85 4 7 171 1 3 93 1 52 150 9 1 28 2 43 13 50 2 64 42 22 69 3 2 16 1 2 3 15 2 1 1 25 83 251 3 2 90 1 1 1 1 57 4 2 4 73 1 22 1 5 147 12 111 1 262 7 5 8 1 7 158 15 6 173 395 3 413 2 1 1 29 1 103 36 3 6 133 9 17 2 14 18 17 400 121 2 54 239 67 5 492 128 16 108 88 2 11 3 170 2 85 2 1 17 138 2 85 21 58 7 91 47 9 10 26 7 25 178 14 97 16 87 2 4 99 49 7 1 1 268 87 10 214 34 2 31 611 84 176 2 19 8 8 5 95 10 34 9 6 1 82 7 9 76 468 78 1 19 152 6 40 41 2 31 302 59 28 4 18 5 267 77 104 9 250 1 24 5 2 1 15 2 151 17 61 31 13 72 20 1 1 105 3 40 3 6 228 2 1 9 1 5 476 7 63 2 1 52 1 1 66 254 11 1 15 2 27 102 148 103 4 13 1 21 10 1 3 2 7 164 22 5 9 4 104 21 47 51 61 11 38 1 59 25 40 9 5 12 14 3 544 394 3 68 1 1 22 2 1 268 1 20 70 21 80 14 112 5 4 28 273 47 7 102 1 67 2 418 50 1 5 1 30 2 103 2 3
