2000 1000
956 1586
1652 1980
336 1122
1593 291
430 1124
249 1607
137 1590
1510 207
1548 1465
1003 1175
1100 1112
1693 1273
99 1069
502 369
105 732
1703 1508
55 1893
1910 157
1063 447
1983 655
969 178
1067 1027
1368 37
959 159
1293 1722
717 591
1641 1130
1392 896
1406 1609
1293 1924
447 159
1219 950
1487 392
1937 1457
587 1481
433 1350
1782 546
1674 643
1859 605
574 443
553 342
1671 1451
1129 451
718 1797
1063 372
1482 847
508 1470
970 1770
1459 1861
377 392
1822 1070
1453 473
840 1874
1683 26
153 207
745 1992
531 92
448 1326
1371 1328
240 1979
1205 1698
1397 1082
501 1327
1695 1398
854 1223
1414 770
66 1691
741 1047
129 65
774 1332
1088 1912
1463 753
1081 1123
595 1615
350 928
1131 729
1192 1518
1131 55
1364 271
1063 909
962 1967
998 1281
1028 132
1974 1493
1557 18
789 1880
1989 1228
45 74
906 1803
802 312
1938 1984
965 170
571 1522
370 1564
1659 369
1034 1643
342 768
500 415
474 494
261 1350
1661 332
206 1676
1709 1438
889 71
776 368
1374 1131
1915 1886
1012 943
40 435
479 1953
941 305
289 802
1300 968
853 1826
787 1395
1137 1343
1136 1181
297 1626
1060 1225
1732 376
233 1963
398 1145
1563 1626
2 272
441 884
1576 1277
44 505
128 743
1174 587
554 1794
929 139
1645 1341
1301 1598
1699 802
443 1103
1112 617
1811 1261
70 1557
151 378
646 958
476 639
1361 1022
210 1188
1708 439
1273 592
1193 1951
1910 1478
1071 621
1120 1977
8 237
703 1079
867 1622
1584 1231
205 1230
1686 733
1021 1725
1662 608
382 63
1803 67
446 241
1936 832
328 1173
396 1544
715 911
1966 1975
775 543
1287 507
1501 246
1513 1596
526 386
564 209
1298 654
812 172
1506 164
284 599
410 1237
215 1689
926 1161
1305 1078
1775 1572
1603 814
1639 1545
1135 81
1786 1010
641 1506
606 82
1639 1497
1210 690
1422 72
292 440
172 30
420 837
603 142
496 1023
1258 1230
266 778
359 788
806 387
1026 68
792 54
493 1242
1798 1870
1659 140
1541 1949
317 326
872 525
1518 715
1638 749
635 885
1811 104
827 756
1632 692
1070 1069
537 1267
1597 1612
1185 211
404 1404
1204 418
1066 1993
1960 1856
611 1909
123 1965
612 1254
353 1659
1740 1476
1543 254
1344 1286
484 655
1794 195
1159 933
1655 1694
1326 218
186 216
1734 817
1646 1198
2 1492
1765 1539
1927 797
1856 1902
945 271
1617 1779
555 68
640 1570
1821 809
1690 1616
1405 1150
521 202
1549 141
1356 857
209 1010
362 656
457 1931
1519 195
403 1910
1249 1952
71 1322
176 718
1784 1227
1741 309
74 1622
392 542
339 1175
773 1588
1236 1648
645 580
337 818
46 1737
1466 1990
1040 945
798 882
1730 1702
325 212
891 41
1297 1971
1415 1075
843 1430
605 903
222 1538
1103 230
1718 1698
903 1401
615 1573
1568 1767
798 1847
1865 151
426 243
1632 1897
1728 1773
1951 1245
78 219
485 208
676 1837
1861 1428
1796 998
1136 1056
1110 307
1733 1981
648 601
893 165
296 553
1883 538
131 476
1348 180
1857 1733
162 1370
840 1880
57 1962
1012 1238
1383 210
1065 245
1365 780
227 395
78 759
666 965
1292 1492
1093 492
1035 678
517 738
1860 1902
313 1238
618 1368
1076 557
164 1206
410 579
1239 506
552 1532
1837 440
1491 886
727 402
694 1894
630 356
1086 238
448 384
449 521
1005 473
618 1730
918 1040
1656 1151
745 182
726 1081
1360 1511
895 1381
905 1360
1348 1534
1289 676
995 298
1752 8
1556 107
1249 1976
1870 791
768 1151
1933 1817
1772 628
136 1243
352 373
210 1006
1890 1117
630 1830
179 573
1473 1079
60 887
1677 905
65 1911
711 472
1172 1104
364 885
712 377
1246 1414
1565 349
1154 1723
52 107
328 303
606 1836
1259 312
359 1746
1373 795
594 955
1956 1102
1942 1536
1891 520
696 708
625 499
1354 5
1919 1599
922 1259
1136 961
1186 572
1094 1839
333 772
949 1768
1583 9
1486 1242
504 1066
1921 483
1117 1638
1152 852
1634 1521
1615 1516
1387 1250
1777 1184
405 351
1424 1633
408 204
801 566
152 127
1284 1656
1135 547
77 1448
1060 1510
1705 1317
1438 232
1102 603
1167 1360
1758 1857
2000 1449
1276 1896
1082 1009
1541 556
1802 1305
431 314
561 352
1392 1224
644 599
945 778
406 61
1574 1790
681 1934
1708 196
853 1231
166 1399
1186 1323
120 816
1895 1383
1489 89
91 1597
320 810
807 1142
195 936
1696 150
436 140
371 1947
702 1192
1006 1020
848 308
140 1201
1514 646
1079 970
638 1401
1288 1078
1877 379
212 674
1295 1283
1 1503
621 810
671 1386
285 1832
1658 67
1529 1021
345 536
309 147
44 1035
1871 1807
1853 1272
968 1115
1247 47
946 312
194 1442
183 1157
1982 819
1660 1031
887 960
320 19
1759 1501
134 1794
1988 1403
995 257
335 980
105 1219
228 424
434 1825
442 1213
197 272
271 637
1501 1820
417 1302
367 1303
1760 1538
845 150
1808 1067
487 1852
1600 1125
1817 1668
129 533
1283 301
929 1041
886 1193
1134 1750
1405 1192
700 1578
1207 1470
1813 303
1599 636
526 395
630 615
1469 25
371 910
530 302
1261 1281
986 1780
182 1971
1853 1946
1656 820
441 148
409 1901
1293 1652
424 1817
127 433
1537 112
1485 325
1623 673
714 550
428 56
136 970
543 1307
1286 426
181 1827
155 395
1407 380
653 1492
1707 188
654 552
1903 984
1352 1423
507 1701
1141 745
303 392
1513 913
950 1719
121 1711
34 128
1634 608
1010 1244
1431 550
1659 852
1155 1765
1572 519
111 1527
447 1756
194 384
661 1844
365 449
1017 1096
1854 949
274 1354
697 2000
595 569
1469 1676
255 966
1486 611
739 1482
1568 1121
1531 1138
864 84
472 1642
733 1125
457 932
525 247
1612 564
514 1872
769 1282
1588 806
380 289
1364 1132
1501 1614
544 1425
1805 485
1379 770
1255 1686
1024 1694
1472 1437
1861 1510
1031 129
974 1062
656 1228
1489 986
890 296
682 1946
426 337
1696 179
136 1758
1121 1123
1604 846
526 1538
1472 597
1596 1766
929 797
538 386
1874 898
1105 597
920 1912
962 1645
601 1785
565 977
1879 116
740 989
1098 1529
1146 486
1051 1877
108 1259
1711 622
440 1108
1270 819
1316 1558
842 1701
1622 829
1374 657
473 1473
237 1039
838 242
977 496
951 519
1151 1459
1591 872
221 1837
284 801
1503 328
1139 109
1052 1670
207 114
832 587
157 553
1228 169
670 1292
1934 638
1196 473
1342 452
586 1543
1639 1700
333 101
990 1149
1891 1098
12 254
69 252
588 880
315 632
159 1505
94 1441
669 1875
134 695
216 730
1633 751
838 1626
1245 1992
1776 1787
888 1296
342 259
973 1690
1818 960
1517 397
735 957
1299 998
834 138
296 152
1537 1508
892 1259
1949 170
1747 1999
598 430
1499 365
1868 84
543 619
1437 548
1898 1299
1010 389
852 746
1932 1741
390 1306
814 1502
1218 1418
123 1672
1135 196
711 1235
1698 1126
788 20
1756 1093
897 1155
798 1311
1385 103
502 1735
687 588
1524 1729
1337 1059
1541 1344
1064 1208
1980 1903
1830 874
455 1118
1419 1023
582 1840
1990 460
1837 390
1235 1282
1805 1313
807 236
43 1877
1524 53
1948 263
1885 31
1519 1323
876 1040
1217 423
1438 1111
647 49
842 1302
1574 863
492 7
1103 380
381 472
526 1080
85 1156
1477 905
570 500
1409 1498
723 1115
1118 789
1498 692
956 535
1571 1737
1442 1614
936 1627
1035 639
711 1710
1393 390
1580 469
515 956
1461 37
844 1025
570 645
472 380
83 1125
760 226
928 1323
1426 887
705 1133
178 1204
122 463
237 548
147 418
1354 471
1863 687
881 946
893 992
818 912
205 1728
19 1250
801 1651
1252 1827
723 1185
900 2000
451 877
1454 1402
1325 283
1257 1094
1389 51
1281 987
1535 1136
1854 1855
1197 1413
295 886
1875 443
575 147
1200 1149
1975 1977
1294 579
87 816
621 1201
700 1090
1986 235
524 758
1371 694
591 1621
231 881
794 1084
931 1721
458 1625
1819 1327
360 1286
1190 505
1186 1136
1773 489
1839 1721
630 391
480 1600
527 617
1468 54
1062 1139
1507 230
245 714
1592 1329
1041 1637
676 582
326 1383
1857 490
1458 1822
340 1754
1879 913
1687 1130
572 781
1911 463
1953 1639
1226 1163
1883 181
1188 1069
1791 1778
613 1262
1662 368
1117 474
774 261
836 647
1552 86
1756 432
1703 1181
1145 1286
1964 560
1192 1632
241 15
1020 343
1734 1840
1753 365
1150 1198
1409 1585
1814 1498
1425 589
1675 1607
796 1561
764 271
457 1941
464 1976
1457 203
806 1132
1829 588
1536 1089
1482 26
1034 991
1676 851
506 492
693 1331
1134 1863
372 693
1263 1151
1572 1159
600 226
565 120
834 1213
718 778
271 1500
970 454
1592 1775
997 1169
219 1115
886 1302
1408 1716
492 212
1520 636
1798 494
604 1935
1212 337
879 1887
1469 560
934 49
1550 110
550 689
1968 832
574 1010
203 847
405 1904
728 1221
168 885
180 1938
1451 1240
467 244
1625 253
1884 1912
1409 1185
659 1351
1903 615
1866 649
1559 381
1068 913
802 755
1925 1653
121 158
1939 1406
1742 758
1464 1118
783 514
331 49
448 752
1294 823
1757 1858
1063 470
1913 249
469 817
1464 311
373 582
54 226
1146 1899
1108 1256
953 699
1450 1440
975 371
600 418
1083 1337
787 66
1227 1622
947 433
1469 772
1715 536
913 1784
1057 97
1342 1319
150 1461
1585 1962
222 1605
368 1415
1066 35
11 1148
741 522
1734 1361
1425 923
1884 133
344 261
1692 205
1374 869
687 1603
1400 1710
1350 454
1945 34
538 1529
86 147
1614 235
897 1334
1266 1046
363 1980
551 1793
1750 1058
1183 149
540 961
845 1227
1895 1821
489 848
1775 1834
578 354
1735 617
249 803
1376 1957
1413 600
1804 1364
1963 62
950 1320
256 1206
942 823
1069 75
27 1116
1900 653
335 475
1079 883
278 937
111 486
551 1470
1852 605
319 1539
493 1585
165 1515
1686 154
1898 1535
1096 1122
538 721
1925 1273
557 1277
112 1682
1406 104
999 601
456 1038
679 1458
193 1876
1513 547
466 807
105 1766
1671 1663
170 708
1727 64
1227 97
1711 1890
234 1407
635 1817
728 327
930 1668
1591 1069
607 1636
1 3 1 1 4 1 1 3 1 1 1 3 1 1 2 1 1 3 2 2 1 1 1 1 1 1 1 1 1 1 2 1 1 2 1 1 2 1 1 1 2 1 3 6 1 1 2 1 4 1 1 1 3 6 4 1 4 1 1 4 2 2 1 2 1 2 2 1 1 1 1 1 1 2 1 1 2 2 1 1 1 1 2 3 1 5 1 1 2 1 3 2 1 1 1 1 2 1 5 1 1 1 2 5 5 1 3 1 3 1 4 2 1 2 1 1 1 1 1 3 3 4 3 1 1 1 10 3 3 1 1 1 3 1 1 6 2 3 3 4 1 1 1 1 1 1 4 3 2 3 2 1 2 1 11 1 7 4 12 1 1 1 1 2 2 1 1 3 1 4 1 2 1 1 1 3 1 4 2 3 2 5 2 1 1 1 1 1 1 1 1 1 2 1 14 2 2 1 1 1 1 1 3 1 3 1 1 2 3 1 8 7 1 1 2 3 1 2 5 1 7 2 1 1 1 3 11 5 1 2 2 3 2 7 2 2 1 1 1 2 1 1 1 2 5 1 4 1 2 1 1 2 3 2 2 4 1 1 1 1 3 1 2 1 1 4 1 1 1 1 1 1 1 1 1 1 1 1 1 1 1 1 2 2 1 1 1 1 7 1 2 1 1 1 1 3 1 1 1 1 1 1 7 1 2 1 2 1 5 1 1 4 2 1 2 1 1 1 1 1 1 1 1 1 1 4 1 1 1 1 5 2 5 1 1 1 2 1 1 2 1 6 4 4 2 1 1 1 1 2 2 5 9 2 1 4 1 1 3 4 1 2 5 3 2 1 2 1 9 1 2 3 3 1 1 2 2 3 3 5 1 2 1 2 1 7 3 1 1 1 4 4 1 1 10 1 2 5 1 1 1 1 1 2 1 1 1 2 2 1 1 1 1 1 1 1 7 2 1 1 1 1 2 4 1 7 1 2 1 3 2 1 8 2 2 5 1 1 2 4 2 2 9 1 1 2 10 5 5 1 3 3 1 3 1 1 2 1 1 1 1 1 3 3 1 2 1 1 5 1 1 3 1 1 2 2 1 1 2 3 1 1 1 2 1 3 1 1 1 1 1 5 1 4 1 7 1 1 2 2 2 15 1 3 1 2 3 1 1 1 1 1 1 1 1 1 1 1 4 2 2 1 1 3 3 9 1 1 1 2 1 1 1 1 1 1 1 6 1 2 1 1 2 3 1 1 1 4 1 3 4 1 4 17 2 2 2 1 1 4 1 1 1 2 4 5 1 1 1 4 1 2 3 6 1 1 1 1 4 2 1 2 1 1 1 2 4 2 1 1 1 1 1 2 4 1 2 1 1 1 3 1 2 1 7 3 2 3 1 1 4 1 1 1 1 1 4 3 3 1 2 3 1 1 1 1 1 1 1 3 1 1 1 1 1 2 2 1 3 2 2 1 2 2 1 2 2 1 2 1 1 1 2 2 1 1 2 1 1 1 2 1 1 1 1 1 1 1 2 1 2 1 2 8 1 9 1 5 1 1 1 1 1 1 1 1 10 1 1 1 1 2 2 4 2 2 2 1 1 2 1 1 6 1 1 1 1 1 1 1 4 1 1 4 1 1 2 2 1 1 1 1 3 1 1 1 2 3 1 1 1 6 4 1 2 1 1 2 3 2 3 1 4 1 4 1 1 1 1 1 1 1 1 1 2 1 1 2 1 1 1 1 1 2 1 1 1 8 1 3 1 3 2 2 1 2 1 3 1 1 1 1 2 1 1 1 3 1 1 1 2 1 1 2 1 1 3 2 1 1 4 1 1 1 1 2 1 1 5 4 1 3 1 2 1 2 3 4 2 1 1 1 1 1 1 1 2 1 1 1 1 2 1 2 1 1 2 2 1 3 1 1 2 2 8 2 6 3 1 1 1 3 4 1 1 1 1 1 1 1 1 1 1 1 1 1 9 1 2 1 1 2 1 2 1 2 1 1 1 3 1 3 6 1 2 4 3 1 2 1 1 7 4 1 1 1 3 1 1 2 1 1 3 1 3 1 1 1 1 1 2 1 6 1 1 1 1 2 1 2 1 7 3 1 1 1 1 1 2 1 1 3 5 1 1 16 2 1 1 1 1 2 3 1 6 2 9 1 4 2 5 1 2 1 1 3 1 3 13 2 1 2 1 1 2 1 1 1 5 2 1 1 3 2 3 1 5 1 1 2 1 1 1 1 1 3 1 1 1 3 2 1 1 1 3 1 1 3 4 1 1 1 1 1 2 2 1 1 1 5 1 2 1 1 1 1 1 1 1 3 5 4 1 1 1 2 3 2 1 1 5 1 1 1 4 1 1 2 2 1 1 1 1 1 1 2 1 1 1 1 1 1 1 1 1 1 1 1 2 5 1 1 6 2 6 2 2 7 4 1 1 1 1 1 3 1 1 4 5 1 3 2 2 1 1 2 1 2 1 3 1 1 1 5 1 2 1 2 1 1 1 4 1 1 3 1 1 2 1 1 3 2 1 1 2 2 5 3 1 2 4 4 1 1 1 1 1 1 1 1 3 3 2 3 5 7 1 1 2 1 5 2 1 1 4 2 1 2 2 6 1 1 1 1 1 2 1 1 4 1 2 1 2 1 1 1 3 1 2 1 1 2 2 5 3 1 1 1 1 1 3 1 1 1 7 10 1 6 1 2 1 3 2 1 1 2 3 1 1 1 3 1 1 3 1 3 1 1 1 2 1 1 1 1 1 1 1 1 8 1 1 1 2 1 6 1 4 4 1 1 2 1 1 1 7 2 2 1 1 2 1 2 7 6 2 2 1 1 1 4 1 4 1 2 3 1 1 2 6 1 4 2 2 1 1 1 2 1 1 1 1 1 3 1 1 1 4 1 1 1 2 2 2 4 1 3 4 1 10 1 1 3 7 2 3 2 1 3 6 2 1 6 1 1 2 2 3 1 1 1 1 1 1 1 1 1 2 1 1 1 1 2 12 1 1 1 1 1 1 1 1 1 1 1 1 1 1 1 1 1 4 2 2 2 1 1 1 2 1 7 2 1 1 3 1 2 1 1 1 2 3 1 1 5 2 1 1 6 1 2 2 1 2 1 1 1 1 1 1 1 2 1 2 1 1 1 1 1 2 1 1 3 2 1 4 1 3 2 2 1 2 2 1 1 4 3 6 2 3 1 1 1 2 1 2 1 1 2 2 1 1 2 2 3 2 4 1 1 1 1 1 1 1 1 1 1 2 2 1 1 2 2 1 1 1 1 1 1 2 2 1 1 2 1 1 1 2 2 4 1 1 1 2 5 2 3 1 1 2 3 1 1 2 1 1 2 4 3 1 1 1 2 1 1 2 3 5 1 1 1 5 1 2 1 1 1 1 6 1 2 4 1 3 1 1 1 3 1 1 4 1 1 2 1 1 1 1 5 13 3 1 2 1 2 1 1 5 1 3 1 2 2 1 1 1 3 4 12 4 1 1 1 1 2 5 1 1 1 2 2 1 6 1 1 1 1 2 2 2 1 2 1 5 2 2 1 1 2 1 1 3 3 2 2 1 1 1 1 1 1 1 1 2 1 2 4 1 1 1 1 1 4 1 1 1 3 2 2 1 2 1 1 3 1 1 1 3 1 1 1 1 1 1 9 2 1 1 1 1 1 2 8 1 1 2 4 1 1 1 1 1 1 2 5 1 1 2 2 4 1 2 1 2 1 3 2 1 1 1 1 1 5 1 1 3 3 1 1 8 1 1 2 1 1 1 1 1 5 1 2 3 1 1 1 4 5 4 1 1 1 1 1 2 1 1 2 2 1 1 2 1 1 1 2 1 1 1 4 2 1 2 1 2 1 1 1 2 1 1 6 2 1 1 1 2 1 1 1 3 1 2 1 2 1 1 1 1 4 1 2 1 1 3 2 5 1 2 1 1 1 6 1 1 1 1 1 1 1 1 2 1 1 3 1 1 3 1 3 1 13 1 1 1 1 2 4 1 1 1 1 1 2 6 1 2 1 2 2 2 1 1 2 1 1 1 6 2 1 1 3 1 1 5 16 1 4 1 2 1 1 1 1 4 6 3 1 2 1 1 1 1 1 1 7 1 1 3 1 2 1 4 4 1 1 1 1 3 1 1 1 1 2 1 1 1 1 6 1 3 1 1 1 1 1 1 1 3 1 1 1 1 2 2 2 1 3 2 2 1 1 2 1 4 1 1 1 1 1 1 1 1 2 1 5 1 1 2 1 2 2 1 1 1 2 1 2 2 1 1 1 1 1 5 1 3 2 2 2 1 3 1 2 3 2 1 1 1 1 5 2 2 1 3 1 1 1 1 1 2 1 2 1 1 8 5 1 4 1 1 1 1 7 1 3 2 3 1 4 1 1 3 1 1 1 1 4 3 1 6 1 1 2 1 1 1 1 2 1 1 4 1 3 1 1 1 1 1 1 1 1 7 1 1 1 3 2 1 1 1 4 4 3 2 5 1 1 1 2 1 2 1 3 3 1 1 1 1 1 2 1
