2000 4000
270 1152
506 1266
1322 1512
280 54
420 1043
1173 1508
1993 1417
1033 627
1052 618
975 1853
23 1300
996 1622
1849 1959
1933 1500
1924 1804
1368 1830
796 1422
1800 364
27 1206
72 1377
26 1180
361 1857
939 1102
115 1906
414 1293
1316 1680
1350 1020
1203 1430
285 708
1636 468
227 754
618 1073
67 219
861 637
879 1812
434 1731
1509 1664
570 571
565 1905
367 582
248 554
264 1731
1155 730
1798 73
358 1178
1843 1271
75 877
261 931
186 233
1480 1617
1192 407
1112 943
142 295
1507 643
1631 305
1546 794
1633 1258
1565 389
284 1822
661 57
1622 1412
803 495
823 1739
1382 188
1241 1490
625 1645
172 640
1828 769
248 1466
1140 1365
1447 1324
158 471
1330 927
1330 246
1402 821
1864 1961
1964 829
769 88
1365 1648
1638 173
1867 1173
1097 21
75 1761
385 1681
641 544
740 1931
1251 1088
158 989
1762 116
416 1030
615 1722
255 1970
362 1425
1956 1780
465 1014
1782 707
1508 1867
106 1953
1035 61
1201 1685
351 1129
1102 1188
1885 541
466 1175
1733 1216
1996 1943
1298 154
258 1697
985 1615
39 1898
95 453
282 1834
246 780
515 1308
1697 881
119 632
1380 1133
534 141
1593 1123
1597 859
1682 572
1933 1201
1791 878
708 542
236 1263
1183 1925
949 668
996 1082
550 1780
976 583
1088 762
805 1784
1728 926
755 1321
1348 1358
1728 57
1106 1198
292 521
149 714
1159 1623
1677 421
626 616
1156 1897
1209 725
35 860
1222 1679
785 111
362 162
559 1167
1643 450
1771 860
1983 327
320 1042
215 1123
1703 1551
1507 278
1267 691
714 415
597 1384
1254 957
1669 309
1790 76
1741 1205
1416 1953
1453 91
76 1160
1818 190
48 741
294 1418
1413 1962
281 1689
592 206
1090 629
443 1433
1740 1896
1926 852
6 1028
1560 1309
822 601
667 472
512 499
135 1304
900 1346
153 1755
136 143
759 1784
1657 1502
1073 1436
806 1576
619 1851
1657 951
1238 1031
1662 978
557 979
441 1764
1189 1994
159 636
970 1732
634 1407
1214 1859
294 1926
168 1526
599 306
1328 1024
548 1380
422 420
1741 1644
397 81
3 1100
1429 1127
1435 566
1400 443
1047 1258
998 1107
1072 1812
942 671
402 414
1629 1215
1945 1519
1243 1012
1463 1596
935 1957
1691 1023
226 22
922 1972
302 768
1134 1907
285 1882
1424 826
1087 1577
761 686
385 178
1142 1974
145 727
1514 70
705 180
714 630
1093 1886
1766 1776
855 1932
1388 1814
70 667
1707 1714
1059 552
414 1393
628 495
387 296
374 539
1381 1840
821 645
1106 533
1773 1013
1272 450
471 265
1894 1878
967 1851
110 717
1084 666
336 1774
624 1410
1463 1826
1118 958
1664 1721
1744 913
1435 322
668 275
841 561
204 943
1233 1474
1152 944
1779 1476
1466 306
928 1759
143 604
962 299
633 874
902 713
1175 1586
1701 1039
1819 56
930 1833
1383 1744
1019 243
739 1379
187 1457
669 1118
1109 1828
408 772
1326 1058
1839 1504
1208 1797
541 920
1678 448
14 1462
460 91
1862 273
879 1938
270 315
654 232
66 249
413 268
6 981
956 1072
844 1754
1187 899
339 1099
200 1551
1581 613
511 299
1238 346
1057 1758
348 1076
565 1977
1277 1924
1579 369
1075 356
1086 254
1700 1522
333 820
650 463
1856 1732
860 1390
298 1095
717 926
1194 582
1816 479
280 1092
1375 1969
1300 539
1235 1811
712 1947
48 1138
1134 1633
1009 1996
1668 1085
1022 705
672 589
533 803
226 304
1835 604
653 513
1214 866
1630 794
146 1739
356 1370
3 469
1727 309
1100 479
1137 1951
449 1579
292 537
839 1175
1992 1026
1140 1854
1038 656
710 5
404 1482
1391 1934
421 1448
1814 135
987 454
976 1952
297 681
1943 100
595 273
1159 363
1012 576
1544 1854
805 1735
321 221
1933 948
987 542
1680 655
1367 1815
273 65
1116 1108
806 468
154 825
1944 1622
306 1503
75 197
1010 1348
1100 263
1751 937
659 905
1823 275
499 719
1789 1157
963 1318
679 849
23 951
1652 702
1208 664
737 789
1011 1823
398 640
660 1551
1571 1120
1929 487
1298 1416
843 1008
1732 1173
1345 502
1527 684
1798 1449
1207 855
1967 932
1678 319
305 980
1528 169
630 1045
634 1018
1029 1209
1723 1136
1955 1855
113 1506
1287 1484
1135 1048
300 1448
1923 1534
702 390
782 1551
1534 1972
279 665
886 355
1875 165
1628 197
3 1555
690 1212
638 1411
664 394
868 1978
497 1255
198 1847
989 417
1186 1223
1206 1030
1180 1378
1818 697
132 1441
1210 1824
1928 1644
66 349
1891 1945
1121 589
1772 1261
736 354
1915 1564
558 1249
239 1458
1804 911
1251 146
906 1302
154 1546
1679 1165
532 1011
235 85
497 319
844 1737
865 379
673 1078
919 1560
1872 1598
699 192
181 565
1032 1625
594 930
716 1765
1429 476
191 723
1455 550
640 447
768 1467
479 1610
1113 247
1747 920
908 328
701 1083
1392 810
1620 1020
260 1210
948 540
1294 815
104 72
1686 1085
110 649
1588 1841
1035 598
859 1040
1326 249
338 729
397 909
1908 432
161 687
1357 1277
331 1665
850 1205
1315 1307
887 690
252 1595
1064 1629
90 157
177 38
556 1702
209 978
944 1155
1156 1075
1345 300
142 862
1031 1805
148 1816
206 94
1001 1188
1853 1732
1286 1000
1279 692
1401 636
1930 149
619 16
864 458
1446 1512
1670 1232
1245 731
496 1714
233 155
426 1572
1786 69
1402 204
961 1043
1763 390
1258 1473
348 1973
1066 228
1700 472
568 1352
368 1598
580 1190
1449 1826
270 643
1873 499
1117 1171
1577 781
1600 1700
1319 201
1954 1186
177 352
222 883
1493 196
674 791
1090 1665
156 1104
998 549
83 1495
1903 377
1432 1852
1954 824
553 872
113 1187
671 554
833 971
1374 395
1415 637
58 1350
744 25
996 1698
680 1925
307 1746
853 926
1009 1138
1703 153
722 582
706 935
1552 1550
1891 1117
635 485
749 198
351 1393
410 1539
1956 462
835 179
1924 259
1491 1956
989 1095
1459 651
697 977
468 319
1450 1249
1873 504
384 1025
546 1781
1631 450
218 1982
1213 440
221 50
1220 311
1169 1393
432 601
1671 1918
1303 1014
1365 739
224 1770
573 699
1878 229
793 690
129 304
812 687
858 1360
1372 696
1866 1367
1572 1083
120 1836
965 303
698 1223
6 1942
1568 1850
947 555
375 599
781 1470
974 1595
1932 1320
993 1588
271 1064
74 1756
122 1976
317 1031
707 1122
1548 96
1634 712
1927 1103
1883 295
1207 1136
1407 1803
1196 1533
714 112
277 1988
260 1135
530 261
1751 1190
1507 1861
510 742
1927 510
1896 711
1833 483
476 1110
1798 889
891 1072
1376 23
1193 1671
241 1935
1049 791
1077 754
1209 855
217 900
1024 214
1102 898
1347 940
1645 1106
115 124
1710 732
989 1050
7 1959
400 1615
1310 1024
1679 1533
619 4
1334 467
1596 804
1338 450
535 812
1621 1177
946 1522
511 1987
1973 977
1921 1272
49 1687
1272 603
1329 158
158 1563
1229 1014
1652 982
843 1860
684 784
194 1515
845 1758
1796 309
18 863
1340 657
1130 637
1960 1315
304 1383
1957 1911
1881 70
1005 102
518 760
319 790
130 46
552 1115
627 1100
1008 305
1807 1439
1339 994
1985 705
1830 1332
626 1916
1805 1346
1332 743
872 1967
105 319
901 1283
763 378
918 942
191 1483
855 1499
276 1340
1770 1343
583 1097
272 1589
1244 1464
121 774
1764 1071
1248 574
829 1917
28 853
398 431
1111 540
87 969
593 654
1860 450
245 685
97 911
1583 630
941 1481
1292 823
14 225
312 99
1556 1110
832 1068
1789 1718
421 179
1739 1886
1540 1055
1374 170
184 384
828 444
1363 1609
825 485
1615 1043
1366 1780
1699 1486
1647 53
1990 1442
116 1867
1601 1164
992 1463
469 1748
990 817
1802 1623
1854 619
980 322
761 556
71 19
295 1783
601 1628
258 771
877 1168
970 1853
1918 399
119 156
383 1418
1435 1701
719 1561
1795 985
1867 451
1725 163
1269 802
318 1166
1841 1843
1964 1098
1555 123
1261 653
1165 357
259 552
593 1686
1681 1318
1002 378
44 1616
1613 500
524 1472
1525 1142
1593 483
1083 54
793 1728
1838 1201
1154 404
73 602
1979 1764
1428 20
1970 1559
1738 972
1481 1420
677 496
1780 1388
770 794
1658 1213
259 958
1479 719
1483 1505
1188 898
1400 1978
1254 944
1041 417
1677 1370
1331 640
1872 1944
952 45
1467 36
312 968
1894 310
1627 884
977 1836
1954 1571
1369 1284
1875 1592
412 409
685 1688
1121 647
1421 1124
1579 1385
1990 932
1636 1576
1445 1772
56 78
1373 589
283 1529
1636 1984
918 1067
968 745
1290 1880
1301 39
242 542
1215 886
192 335
1103 998
585 507
417 1978
1287 1300
1256 1735
334 414
992 1076
1230 631
320 718
853 1065
378 963
904 961
1955 1377
1735 34
248 35
1651 1892
1817 714
468 1458
296 1354
698 824
1802 541
1799 1717
1698 1424
1927 1783
1761 1600
1165 1433
1325 207
1554 1646
841 564
386 1266
618 347
1533 89
741 1681
1588 1353
1400 803
1638 1441
542 1844
77 1066
502 1672
167 785
88 1828
1917 1832
940 1864
713 1575
639 912
900 1607
717 28
1569 406
189 1862
1929 1787
1693 835
1869 59
1946 1613
923 206
1058 1
552 1353
1631 1037
300 127
1836 9
8 1462
458 1080
939 415
195 826
60 41
17 902
1320 1066
185 159
582 1520
1662 1690
1940 477
1662 704
404 1877
1548 235
237 493
290 397
1436 347
1173 1156
1475 1756
1286 395
1529 1155
94 757
461 484
26 79
1547 1950
1043 554
1952 811
1516 313
910 12
357 1248
160 517
695 60
1693 151
1512 314
1048 1437
871 1731
1128 491
516 1976
1403 918
1936 1468
1578 1810
1039 1706
893 1554
801 1654
583 76
1061 576
11 1855
637 49
1591 1802
1541 1775
1429 1228
664 1892
1935 903
1884 1003
827 251
1789 247
640 412
907 1147
1229 1599
698 1451
852 1623
637 1264
60 1144
54 678
871 1626
714 1809
1111 1623
423 190
572 97
310 480
973 1641
692 1745
784 1527
812 36
305 245
1228 1744
1475 1929
686 1609
1025 648
1004 1989
1457 417
1127 1394
1432 1324
1629 314
488 1617
150 471
959 922
752 200
1039 739
1897 1775
140 1877
497 1423
969 1236
877 807
1211 108
1349 1164
316 1245
928 1681
1967 1081
273 235
9 1244
411 1816
857 1773
249 957
1762 984
565 1644
490 1427
1921 884
1668 1968
1639 1545
849 1363
794 548
1537 1295
1399 1503
445 607
1902 1980
353 983
164 918
1659 718
1901 610
72 1052
959 1904
893 940
802 1218
312 1107
1888 630
486 1483
16 1920
960 381
709 205
1275 1823
227 698
355 247
1191 290
1659 1360
573 520
1639 108
1020 1116
1583 306
1913 401
837 32
1916 1179
819 276
623 1424
1066 916
1724 847
55 922
1599 1586
408 430
982 1212
1258 1134
1271 1393
831 1762
71 474
437 809
1280 567
1369 573
1239 1711
151 939
527 1948
1842 1911
803 1657
1153 1054
490 1846
1256 805
1896 418
798 1291
512 632
1908 822
603 387
52 1507
1813 1682
59 1491
1414 45
14 48
1315 1724
395 433
1748 1430
1025 655
1596 1775
978 139
1194 1293
309 597
935 1332
1692 715
1694 1575
729 6
827 1900
504 120
960 1798
422 1886
1310 323
359 832
122 767
508 1494
938 1614
1273 1390
96 513
1012 1839
1824 1893
1641 1581
220 1667
255 350
1325 580
1903 184
1209 1799
105 1837
1934 1698
1016 877
1131 1959
872 483
1726 1171
291 1593
760 1033
1295 1496
1763 1959
791 853
1402 645
399 1193
781 483
608 915
580 83
288 132
1364 246
1719 1933
934 238
1214 1865
679 373
998 1082
1590 1786
459 1897
851 1263
544 1128
676 1275
391 789
373 101
127 1140
7 1725
1958 1461
790 1425
830 292
220 1748
616 594
596 1061
37 1064
1013 1845
1515 1791
633 1380
688 387
1469 792
579 788
881 890
1859 1735
914 3
1707 1012
1056 1305
1195 1283
1851 1048
1558 1730
1122 367
1217 743
851 307
1848 1289
1769 1548
896 1089
610 1471
519 1283
1007 290
494 1476
953 820
1958 523
1439 1917
1588 1971
261 1878
1403 554
1350 197
403 1566
1024 1803
1533 1531
1547 467
211 645
653 715
1778 282
1354 1032
357 1342
1044 856
254 833
1840 1477
974 1697
982 1122
355 1818
878 1481
722 1560
1551 274
490 448
1702 1723
475 1838
763 825
50 1782
139 1497
209 1837
1792 1731
403 1650
1983 1925
933 186
1075 38
473 1362
215 1139
461 848
120 1599
1714 936
1734 1039
1584 1707
1952 1767
617 329
202 57
798 780
264 1119
977 56
429 796
944 103
1424 195
303 1186
1228 1203
1507 677
1255 20
1471 584
815 1005
1986 1168
1096 1259
53 520
39 581
1693 179
1547 352
187 1500
498 1523
289 1047
807 75
260 1561
1411 1789
1605 664
897 1154
1057 562
1399 268
890 1118
492 1630
1990 229
1256 759
1855 229
442 1075
1796 644
399 1485
665 1673
1015 671
1978 684
576 1590
617 1701
1347 1937
582 1293
1451 1051
302 1608
1672 1541
540 175
904 17
763 1681
1983 680
1338 1272
1667 861
1386 225
325 1413
215 1609
560 1600
205 1768
177 1125
1861 54
999 516
1204 337
1717 261
1008 1435
1264 1523
656 172
1874 155
369 1323
1645 269
1566 909
1163 139
673 83
1503 1466
1405 43
930 1297
1859 1838
501 783
1276 313
89 1975
703 920
1110 1141
941 565
1731 1407
1284 1554
1469 1777
1431 115
1413 1729
1932 611
1952 332
981 1221
1399 1601
35 943
1656 1371
898 1087
182 1472
477 367
1191 1101
1532 523
443 1598
436 361
902 901
1031 1105
213 301
27 295
1898 1710
1345 127
1005 593
1553 702
1532 394
45 776
711 1793
1217 914
1601 1322
1654 1506
1143 1999
74 925
949 960
1149 1060
461 722
984 1269
1921 1643
363 876
1792 329
609 1098
1459 1378
10 226
875 1607
564 1215
1415 49
1505 573
586 1146
1672 1916
163 1014
760 479
354 1827
1094 515
869 1230
689 1390
1355 679
773 1939
316 1606
365 108
155 626
1973 650
1306 2000
1982 695
1097 337
1780 966
499 1125
1890 816
979 1302
1273 1382
302 36
1360 1314
863 1387
1848 1590
40 565
59 1344
1126 810
1928 1274
1153 1123
779 464
1773 1045
822 120
1326 85
1467 1123
398 836
180 1595
1113 1080
919 722
835 426
154 1430
805 759
193 1053
297 1263
1712 961
1366 741
1184 290
925 1929
1849 1309
845 199
1943 63
1633 1047
939 76
1524 23
1811 1848
394 165
1536 266
44 1690
1018 653
1484 1781
103 1073
275 663
1808 536
62 581
889 640
224 1305
1492 205
1202 1010
1846 548
1752 327
979 507
1223 677
164 1721
1253 1649
169 1774
1058 1864
1784 1256
1507 1378
659 1856
1633 1473
30 1969
1562 1914
1957 1021
1857 30
564 1128
1431 1970
1754 739
746 830
428 446
1321 429
883 1053
1457 1842
1177 487
1374 23
846 923
696 1385
1546 1958
1398 527
954 863
1088 1942
58 1750
703 832
884 1950
1818 747
385 1779
1502 317
1641 203
1747 1751
1026 92
777 791
1747 1495
1210 1041
1933 1662
895 1114
1296 1103
435 773
212 530
616 1874
602 170
1184 880
797 628
1389 580
1633 1813
1025 1316
388 1061
262 1750
462 1642
566 608
457 1712
592 606
1296 1408
750 914
1172 424
51 900
955 240
1951 141
1817 1139
277 227
218 1242
930 1175
1251 773
1821 1857
943 659
1538 44
1465 1778
818 881
1373 516
1011 1205
912 1518
1988 304
334 940
171 343
1041 1044
64 343
1121 787
1374 1183
1486 7
1199 1829
638 864
374 711
607 1159
107 289
1036 255
473 21
1437 467
1688 1631
621 45
140 1359
1253 1846
1702 765
1604 1901
1158 1550
202 1926
806 224
931 1348
1590 452
844 1426
730 323
1005 927
351 29
43 1032
1575 1421
1363 1123
1591 1416
1666 1174
1236 100
988 186
1415 1687
1614 1331
1790 811
919 596
48 1967
541 1296
795 62
1463 640
1338 1643
1637 1259
1611 789
243 109
716 210
525 366
121 756
452 1811
868 575
97 972
561 1485
227 743
320 479
1290 1358
1892 1664
65 431
811 1767
25 1253
862 384
1610 1920
1034 1241
855 1570
1778 1732
455 791
1526 634
1771 266
913 1873
1372 858
1533 386
42 685
653 543
646 601
747 1785
635 411
137 1302
332 976
1324 1232
1303 1625
69 940
612 910
1362 1420
749 1582
1912 1342
1683 1023
1122 1632
493 1808
1289 1423
503 1879
740 1125
960 1225
685 1084
1443 1653
1152 1742
1843 1864
1493 1480
1834 48
1174 931
147 1998
195 1441
100 87
1797 538
655 458
1125 1551
1005 777
375 668
1041 1307
109 909
884 1257
557 137
1457 867
1202 514
1427 217
1977 739
1355 1109
1226 208
727 1208
1666 1847
1181 1556
86 1138
1353 1017
1312 1772
233 1040
808 368
885 198
1810 742
1757 965
662 1304
195 1915
450 1211
1056 1574
512 13
1667 1232
1035 1910
463 1279
240 1267
611 770
1991 492
1894 1792
108 102
1682 890
874 1493
680 997
909 875
1491 1611
338 905
1028 762
1147 1107
1487 418
796 1321
1942 781
674 1340
766 90
12 457
945 960
1499 434
117 1242
1197 621
1676 425
1695 1400
1358 1449
1733 1431
1806 140
446 1608
1821 436
1320 1079
1531 1186
698 185
251 1825
1674 1897
435 750
653 905
1816 499
778 706
689 196
510 1103
745 645
1161 1648
1976 999
1612 1485
639 838
746 1639
503 109
102 91
1170 651
712 460
1770 1053
1699 365
658 1230
730 1310
1920 619
1439 792
1192 734
715 1153
1292 49
1471 520
967 1603
739 1004
1162 536
355 423
797 347
460 1865
1724 1925
800 1656
1504 744
1349 891
1841 535
1586 427
499 1208
80 861
1445 340
449 1765
667 804
1494 33
1414 1965
1498 363
671 1403
799 737
861 1854
1361 379
433 1286
1237 1710
1811 124
267 662
33 1378
1505 753
1130 1911
1413 957
20 421
515 1234
162 323
1450 1799
534 1842
257 1368
1279 30
219 378
1982 494
640 1419
1314 1214
917 281
1891 1782
1714 1415
1199 1846
1876 228
2000 1157
171 1858
1683 535
476 120
161 1894
524 344
1810 183
1033 200
444 1620
283 637
1255 1678
1092 586
440 1610
1627 534
222 253
1759 209
664 165
1707 1841
77 334
1601 1949
1899 1489
1080 1762
476 1673
766 595
1644 570
629 1299
617 1878
1345 1701
743 589
1328 1165
1259 1992
839 259
1587 423
1925 1430
945 1049
122 1829
388 1742
446 1032
1342 799
1404 820
81 1640
771 180
1038 614
477 111
1123 1609
239 1343
1108 54
266 1182
730 1328
1523 689
1482 1634
553 1623
395 526
1324 1852
642 383
281 1529
1051 1339
216 2
946 1673
318 151
1497 914
287 1720
1995 1160
1566 1389
1680 375
1104 119
1598 274
1849 339
1544 876
475 1915
240 330
164 1379
1131 304
678 1628
1985 958
314 335
1779 465
112 1159
1709 1144
528 1220
1519 1080
932 121
431 1129
1804 32
1980 1699
1022 1118
107 420
1737 827
1390 1382
120 58
465 1303
372 1546
958 1327
1649 1511
1753 1718
1184 1007
724 1208
1147 1052
1768 1503
1095 1927
1044 1632
1 830
1745 1959
1119 694
307 1726
568 1297
1601 1026
1950 1540
1413 732
570 123
55 1090
1330 1291
776 1151
1459 1148
1633 383
603 912
275 1539
531 360
1981 1882
1008 531
449 633
1888 112
1264 1095
1785 371
1680 1295
1706 1521
1653 1021
408 1704
1987 131
1868 1993
576 1027
1738 963
1282 832
887 619
150 1964
19 1919
628 1352
417 945
1057 51
406 984
12 355
806 1908
219 1900
1777 620
1871 541
330 779
1052 492
83 85
1962 1366
968 1959
1826 140
581 1870
590 1938
597 280
772 1542
950 1278
167 477
216 735
836 1800
1524 1620
350 458
107 649
481 545
421 1493
1565 1715
1711 1624
537 830
223 590
613 1990
214 241
287 764
1100 752
743 1066
1127 55
1913 407
806 890
162 1282
1231 1962
983 867
68 658
2000 1132
1510 1876
537 1513
1743 382
55 232
571 1034
219 1650
775 591
1177 741
1487 215
727 1797
21 1472
301 358
132 551
198 1238
1156 1120
800 1077
1570 782
1504 208
703 1785
996 634
1570 1207
825 1602
605 677
1086 1571
649 883
1730 948
1878 329
1231 1814
1856 1465
343 1896
921 499
1702 722
1155 98
427 1229
929 766
285 22
365 663
881 1626
993 679
403 1262
406 1050
1720 393
376 897
813 1282
1759 1049
773 415
1831 836
1900 1736
33 1922
530 1663
1788 683
1723 132
92 1349
1063 758
1389 1747
1630 576
705 890
1241 470
1092 481
1555 1928
808 32
908 587
1782 413
1247 864
1298 248
799 1889
1489 1021
1497 82
1921 450
1549 118
245 360
1765 210
1136 506
798 927
1280 237
1338 1921
644 438
989 730
957 1872
1040 1874
1968 1911
607 191
1107 297
1852 1670
1456 288
282 595
246 1005
1927 771
618 1003
1886 780
136 1588
393 871
1863 891
1540 788
818 1045
412 1087
181 1692
1789 206
1260 1371
1562 1236
557 1787
1194 59
1721 888
1419 423
1538 814
1171 244
1875 1397
955 1360
1822 1488
1158 964
14 1385
93 1222
1373 1240
1763 704
89 1610
312 377
1086 388
1386 86
315 1152
1635 1941
921 660
163 465
1992 916
242 556
887 1755
1038 134
1026 256
1409 1682
1620 379
1170 1437
1186 620
649 810
28 999
1234 531
22 1882
1775 1501
1395 1940
864 415
1883 600
482 1626
733 1400
1395 1645
1711 987
1241 1005
1438 1183
996 998
1082 299
1005 145
1447 739
348 1265
1029 530
455 284
67 840
1150 1599
983 843
349 432
740 625
1291 927
780 351
1419 114
503 1663
1540 237
282 975
476 1775
1273 907
310 1548
1057 1006
1359 981
1660 1365
1357 567
486 77
726 961
1079 986
1661 340
831 672
1137 561
1399 92
1738 21
1262 177
978 1049
624 534
42 1088
214 500
1362 1517
681 1542
1137 1760
528 311
251 1691
1343 1848
1575 1733
1963 181
1883 928
1614 475
941 574
1524 1376
694 1925
1596 1052
60 658
882 1922
1393 1226
808 62
153 660
1483 846
519 308
1038 1301
1464 1769
1684 1337
1315 629
800 733
826 1486
1623 1215
396 1056
681 104
1079 1319
1570 1479
1308 1273
1810 1410
1271 1169
504 280
1495 1333
1582 1479
1966 1000
1181 968
1741 300
744 1426
270 1742
256 1322
1233 838
388 1581
145 1797
320 962
1989 1805
1796 546
1826 622
1607 232
136 342
1081 1143
719 1048
1302 1552
623 1614
81 575
1995 370
1227 447
371 1136
107 1067
965 1051
960 1072
1313 971
1475 1080
137 906
1649 1831
97 80
731 544
1545 537
1001 1659
1020 685
872 20
1189 1307
787 1762
164 1377
1261 105
1501 1674
1901 1471
1626 575
1016 75
534 1585
436 1969
1673 1077
757 1827
1711 1172
1257 830
1124 229
1144 987
469 220
1568 1423
1740 577
1006 397
1268 1633
199 54
1416 70
1181 99
1224 856
869 624
790 1831
1695 1689
344 967
1339 440
225 1677
398 1951
1000 175
1949 92
809 1017
1716 204
688 346
502 1865
794 1323
1717 1475
1719 518
1493 1852
1030 1361
67 789
1858 1220
113 1836
1755 473
1968 1289
1894 324
903 1616
61 424
1794 875
57 727
994 1920
378 369
1413 382
1966 1286
1177 13
1843 345
498 166
379 1513
386 446
940 1697
1682 778
1043 40
1648 699
20 1829
710 1948
200 760
1729 1748
1553 135
1406 1586
1212 1120
1450 520
1718 893
1850 702
265 924
1855 1917
286 1195
1093 289
569 905
331 971
1420 371
1566 442
778 1813
331 305
1010 1253
1440 1703
151 1098
415 1029
971 666
99 855
1202 657
887 1094
1006 337
422 604
396 1535
961 854
382 1483
1958 1329
1675 1754
347 1237
388 344
341 72
531 1037
1651 429
1095 1893
861 1065
1996 63
1460 460
754 451
879 599
19 164
1813 706
644 37
1266 532
410 1335
1402 1449
1029 149
1773 1601
453 1567
238 93
567 1529
1955 406
1578 1561
870 1449
1984 430
1557 1244
685 322
1406 1533
164 112
733 944
267 1288
1217 920
977 297
1270 1311
1460 939
1485 1666
1305 1851
1771 1182
344 1056
1621 528
681 907
1691 1155
878 1317
1386 179
848 406
1977 1696
517 1923
904 854
1055 1950
1211 1126
1753 1250
50 392
1138 320
924 350
186 403
1619 1535
1212 1619
129 828
1539 365
1792 229
214 1881
342 375
1156 1476
206 234
708 987
538 1795
1178 1132
1637 92
1618 507
314 1675
405 1518
917 1280
1758 678
1967 1156
77 1811
482 1498
1431 1559
1298 1899
1887 244
1082 966
126 1913
1853 168
191 899
188 1242
78 380
500 1978
1516 1616
1706 1095
1877 54
1021 1370
754 441
1269 688
1556 1141
1009 1830
756 202
1009 63
1573 1868
1736 808
1911 1098
314 1648
1475 1675
869 17
187 1064
363 889
1044 1816
1062 988
478 933
1666 923
1823 1419
1200 701
1863 837
1069 1672
1763 1309
1017 321
1548 378
1107 430
1672 253
1235 231
392 1734
1205 162
256 1992
668 629
1248 18
836 1274
1971 916
278 1645
4 1610
176 43
324 1792
1060 1819
1322 1096
966 331
699 893
804 1904
1962 77
233 626
35 1768
698 965
1176 246
902 1410
308 885
35 1899
1029 261
279 542
1923 1127
1406 504
250 1967
1202 583
1490 1034
1611 950
791 1418
1358 166
234 1661
1122 1341
146 1663
1354 1405
954 1912
1012 687
1938 1130
1117 1296
1583 1337
259 1555
1967 891
1289 342
1671 1432
1938 576
952 1907
491 641
850 1741
1431 1439
1356 1455
1181 377
1597 698
1708 291
1054 397
966 1143
873 307
1183 1119
1024 1632
86 748
475 1331
885 166
1704 932
1598 47
815 777
831 1624
949 965
1649 1128
247 1160
731 293
1034 323
54 1469
942 1488
1396 1772
1635 571
399 248
1252 333
815 1264
716 1731
384 1800
217 1668
805 1149
274 430
486 661
314 1879
1351 12
1379 1015
292 390
1253 1558
248 403
912 1395
1114 1257
1285 1181
1900 13
1977 1795
1781 1818
388 934
929 1146
982 1442
1200 904
96 816
1759 1681
1514 828
562 880
207 1838
983 1860
759 34
1562 750
684 15
402 911
1790 948
454 1711
1496 648
1915 1843
585 1447
1707 1279
1908 58
643 733
122 1608
458 547
1162 410
1798 29
1011 249
462 920
1112 879
1264 1299
1742 713
1847 1895
1337 860
1592 1880
577 781
768 1962
161 222
1395 192
1400 1185
385 410
1082 251
1481 250
160 1394
532 1823
1257 994
175 925
193 883
986 1974
851 1166
913 175
1660 1250
1355 1656
777 1729
231 1971
1750 1428
385 1616
260 1431
1074 1375
407 1473
241 1276
1434 1313
1486 1980
1909 1822
643 236
1015 844
704 1126
906 842
1636 521
471 679
1801 128
1707 578
892 447
1801 956
1955 1488
525 1749
88 1371
917 352
751 908
1614 1838
682 1046
1382 515
1694 1935
850 300
1205 1320
1039 840
1021 575
757 1816
716 1846
1246 1157
117 159
748 327
1401 1383
1983 1288
972 1975
868 1618
330 401
1427 1846
673 1391
1113 1421
410 365
1740 892
1183 1603
49 1021
1428 99
1953 756
103 1742
1429 665
987 1520
840 1424
870 438
1871 971
1468 1563
1581 298
288 60
1144 1711
1761 472
858 1543
1556 800
1825 1527
27 384
596 80
1931 1275
454 1844
1727 545
892 144
964 504
175 286
290 880
549 1934
1448 1301
1063 1817
1546 258
1324 1331
1147 78
1900 1737
1246 247
1076 1807
1424 148
643 1400
741 1303
1330 1056
1396 1702
1864 1443
609 151
669 543
1225 1130
470 242
349 833
1196 428
1779 7
954 574
119 498
1833 390
754 1781
1069 253
1165 411
405 1772
1880 718
1479 1363
1455 42
802 1961
1998 1401
1374 695
226 896
1615 1454
1532 782
1197 777
1557 1479
1031 124
1716 1581
613 1893
1438 649
1820 467
903 313
1065 690
1282 920
1232 1617
846 1661
1199 1985
56 1136
1983 1736
155 594
1384 1537
579 493
1610 1044
952 1607
1627 125
1193 743
1633 642
534 1497
456 962
1091 683
287 1290
886 1818
1777 185
833 1902
1148 205
1560 1433
131 1579
1320 711
30 361
738 1549
1630 1095
75 34
300 562
304 621
1176 732
1082 1038
1606 1530
693 321
1502 1185
1317 592
1161 336
699 1219
602 123
1225 590
1440 720
67 13
1873 1599
775 1508
1720 1793
928 281
178 555
669 849
1205 853
1936 63
1425 425
1133 874
411 1627
1911 1905
1468 581
988 403
241 903
1911 1332
818 1589
1517 551
485 1213
433 174
1392 870
1779 1397
82 1063
1692 1963
643 529
309 1092
1054 1002
1348 1164
1390 1308
1452 1110
1531 366
888 1651
316 1615
1722 1091
1806 1573
842 5
402 1668
49 283
1994 847
1227 509
539 160
970 1893
1002 1692
1812 590
1183 1768
871 209
1671 1082
676 1823
135 1135
846 340
428 819
1863 1780
507 1074
651 1881
592 1594
1062 1442
1179 883
1134 522
81 1375
40 538
677 263
1572 991
180 1375
1216 1459
1357 1816
41 848
1090 1871
93 934
898 1887
1779 1150
1036 1916
167 1172
184 862
1965 450
1538 658
382 1894
1004 844
991 1483
1348 1364
1937 69
1188 942
1869 1293
234 923
547 1015
566 1833
1536 1693
1243 454
1516 1020
1995 1240
1446 1013
1630 1129
130 615
1705 529
1292 1274
1191 89
1189 1960
584 610
173 1470
867 966
1197 505
116 527
259 889
230 5
1254 713
376 1830
512 1210
957 294
123 876
1056 967
62 725
578 731
1926 145
1992 1399
1526 1578
381 1126
85 957
614 656
1727 1092
1294 307
1292 1446
1214 1192
1460 1453
891 599
1129 1991
732 780
65 955
1807 797
1476 633
795 1347
1085 101
1587 1473
1145 1825
1828 1260
164 367
1929 187
210 439
801 563
1560 765
1802 1885
661 1479
1962 550
39 1187
26 1874
894 883
911 856
1043 985
1871 1665
380 772
594 936
1893 1990
213 810
1704 951
622 166
1511 1032
948 603
162 1630
1712 854
1520 1344
1769 1471
1512 610
1686 101
502 412
64 1220
1029 1112
1548 1067
18 1342
1959 1181
1152 1976
202 878
89 797
123 73
1961 1550
1834 1732
1464 157
973 2
57 1215
102 901
945 1724
1970 1439
938 1695
1523 1716
542 563
1525 693
1865 1445
282 189
598 1172
1457 353
1915 623
428 385
483 555
1210 493
1411 247
953 1788
839 1224
676 741
118 1817
454 1709
746 521
1753 1646
817 1731
1715 1361
1666 1760
372 825
489 1370
1052 104
1674 1775
1021 982
1265 1766
1733 185
1748 466
751 1174
1433 1609
1288 459
470 1373
1674 1576
272 693
215 1363
1190 675
1460 91
485 865
1131 1835
755 1651
1780 886
1615 538
583 1444
793 770
1142 1694
1126 1162
1675 115
1461 29
98 419
456 1707
28 1741
735 691
625 676
559 738
285 1981
336 1718
1270 339
1326 1418
265 1792
807 1630
995 96
1744 1690
210 568
1757 859
715 1491
828 1965
1665 666
931 1847
1461 1286
210 511
1747 83
1943 376
667 1477
1879 1739
652 1163
924 1317
1676 404
1708 83
727 35
1444 1767
1246 1453
1305 620
1492 543
1375 682
1552 906
1736 748
1748 1728
1336 721
1685 709
1073 347
1589 986
1796 1183
688 102
1046 1969
1582 1470
1204 461
173 631
854 726
1205 834
1192 1438
186 1075
648 1295
45 800
1155 1467
1555 1957
518 1033
633 1547
1294 1171
609 1941
326 417
560 1700
273 852
307 1152
1614 1537
1430 469
1658 825
816 1560
398 1526
674 1449
1640 418
254 1361
1071 670
371 929
636 1343
196 985
632 1798
1 1607
1841 727
785 926
133 318
396 865
1833 104
1587 1845
1699 1541
682 731
1359 844
736 328
701 961
202 724
269 728
1863 32
367 1460
461 180
825 1044
207 1612
58 172
449 1024
786 913
1112 1209
765 722
1065 1894
632 1824
1348 238
1767 332
764 52
182 1367
1761 188
64 311
558 520
125 605
465 395
1323 423
1323 1425
1733 1439
1940 192
1453 1219
407 1258
1012 1786
814 786
145 567
1980 1579
1649 490
1981 22
253 1315
306 121
1784 34
56 1870
1617 585
1285 59
229 1930
612 904
489 1021
1591 622
627 1719
657 1719
1958 395
626 594
244 1680
549 562
547 739
797 1436
1825 1962
1951 207
49 1922
1601 1736
24 714
640 363
551 1456
50 268
480 431
734 179
152 266
1347 56
1498 1526
868 682
207 1233
271 514
1873 1298
318 474
373 217
1601 883
848 1001
1352 615
1787 137
800 1597
1603 918
1186 1627
1624 563
1140 302
278 1011
704 1281
1318 1176
995 1686
916 1876
61 1910
749 1638
234 846
721 803
784 42
512 15
1424 897
889 1146
1327 1198
836 1292
1910 167
874 794
1078 1950
124 1269
1866 1669
1692 1257
175 1909
1410 1585
684 542
178 1070
329 1269
1398 230
241 313
1021 1138
1523 397
66 294
50 1734
1895 151
1064 841
521 1732
674 1774
349 618
571 1644
375 1072
1724 326
1217 399
1422 1509
964 1052
1588 679
263 1719
182 1463
707 1521
1627 670
884 440
1452 252
1268 1845
1992 423
1314 1498
1428 1550
719 1820
1270 1129
834 717
1812 381
404 1947
1127 826
356 476
647 24
834 770
1042 649
1002 1224
1078 1128
1786 1027
1746 1171
657 187
465 7
959 1514
979 1552
193 253
15 1824
116 42
1192 112
121 1081
460 318
1168 1408
297 1291
1028 773
1317 606
1510 1235
1743 1083
1721 207
1924 856
1105 317
207 1197
424 973
1951 561
1267 164
325 1694
1728 850
1272 1643
1374 1332
1663 243
781 1239
376 1079
1919 164
1203 476
1099 1763
991 9
323 1632
11 324
569 773
69 1666
774 1476
776 1145
1675 74
1116 199
1875 1061
985 941
557 741
1170 819
1306 361
1336 1478
390 1552
10 264
1245 269
697 1936
314 573
1722 698
993 1607
1693 421
1723 725
1752 371
1264 507
1218 1815
1492 709
29 49
629 331
1808 1619
759 1735
1344 367
707 1341
99 1763
1432 488
1672 370
1360 1112
1541 758
688 686
357 18
1135 1285
1426 85
431 955
1075 1756
419 1608
135 1198
842 938
1334 1135
1252 1352
1653 1
1871 1536
591 1508
361 1821
1081 250
1010 1295
31 1605
1139 1609
1604 399
1171 755
262 656
1146 359
133 1443
1684 1582
1217 1918
1997 1989
1311 1896
876 125
1019 143
837 1311
1150 1598
1713 1821
1956 1792
1032 176
1984 681
69 1659
1450 53
878 336
212 1426
1776 899
1619 254
475 1689
1559 121
763 1738
905 1939
1814 253
1794 562
1580 182
495 643
242 569
666 754
1229 120
1846 929
614 58
1358 274
287 1331
473 845
388 406
1517 159
541 106
1481 130
77 631
1567 873
1254 1121
1099 1414
1012 801
1898 871
368 500
218 1383
752 518
1404 683
304 1907
290 51
1542 1742
1454 941
1401 1705
183 1957
1335 1169
601 504
65 235
1329 989
483 1239
1045 1456
600 1975
1104 498
884 895
890 771
594 698
1655 1167
855 899
212 221
1984 1790
1954 1720
1070 1616
834 28
1431 1438
876 1314
1010 1059
463 692
1224 1044
498 769
1802 525
848 1194
823 1423
1778 1834
610 1879
1832 1036
1269 1906
148 478
542 94
724 783
620 28
1792 1518
1666 655
1555 1870
651 1216
1367 347
1102 1125
236 71
418 740
186 676
416 52
1563 845
1346 232
842 710
219 487
1350 1108
1207 1265
1889 1491
68 898
505 1693
1578 1783
377 1309
1206 1565
297 772
181 1951
1761 1141
1653 133
1217 358
723 1295
392 949
402 1194
494 694
652 534
734 274
381 668
1578 1986
1963 1002
1245 578
1164 837
1659 1937
1122 1942
635 1213
1912 1387
194 1594
240 407
1422 228
808 492
1881 1416
114 1210
1737 324
1979 754
1518 919
1278 737
1053 222
689 1865
727 1769
467 1432
1723 1441
1336 437
1012 1219
1841 588
1101 484
934 443
18 1391
1895 1528
1407 1632
1824 512
944 1815
847 1793
1121 370
402 1776
1565 1903
588 82
1423 1067
784 1825
141 1325
1808 1732
94 334
1684 1470
1862 168
1011 348
882 351
1793 1672
1335 1271
95 1726
1484 438
509 144
1010 522
136 1711
848 807
459 1775
946 1234
1195 308
1767 439
1024 1407
1377 1919
1396 700
19 1603
118 1806
1299 666
106 526
1077 156
1221 1603
1140 412
264 997
1996 257
674 1635
147 498
810 255
523 1605
849 1510
654 1085
1831 551
486 654
1342 1652
1918 1846
1037 1384
1758 1861
1005 1710
1505 445
275 1126
1953 1885
1535 1851
1200 1351
1742 986
1420 1136
758 1841
406 1906
827 840
476 1228
1404 1091
1396 1312
455 1909
571 1179
567 804
159 529
1358 782
710 786
1374 1752
321 1295
1736 963
728 293
703 1434
345 1074
1061 519
1285 390
444 393
675 1333
111 61
1834 1811
1397 1839
699 831
1360 1927
812 1132
1095 481
1124 1039
1964 1433
1018 1584
923 434
1012 1811
415 460
402 543
775 1540
1219 442
958 1288
567 685
423 886
1179 222
591 451
1705 524
1708 905
1640 507
1799 144
1421 394
772 681
1511 387
1165 511
992 1279
1217 313
1199 725
1846 1010
1512 1604
647 1221
1356 1489
627 120
999 1068
1963 565
1896 311
1018 669
223 1801
128 375
1694 1319
83 355
1154 257
356 103
1391 491
454 829
1936 368
1673 356
1765 4
1671 1956
391 1278
315 353
374 23
1311 1418
1065 1047
422 1930
673 1181
830 865
990 434
170 914
1059 779
67 827
783 1870
1825 1500
335 1474
1023 725
365 1126
345 1058
1050 1329
1513 746
890 974
95 92
1577 77
664 1601
733 138
347 1775
704 84
1647 1450
117 69
215 1162
1130 452
276 1872
1774 1635
422 1739
1570 113
170 570
1574 524
92 256
821 745
439 1987
1884 1807
872 795
1890 223
79 52
568 608
980 881
479 411
1224 572
1487 937
624 902
110 1584
1243 1844
211 659
1654 1930
652 315
1916 1451
403 1281
196 46
1164 1399
586 280
1848 1012
1454 1795
1922 29
137 979
1454 641
1765 1987
1489 510
126 203
11 617
907 78
326 945
856 375
369 633
989 388
1136 67
1096 1637
150 1310
1025 753
414 284
466 915
1506 452
37 1796
171 1745
157 542
15 957
1465 1558
1409 129
1247 1482
384 1354
410 235
1147 1187
119 1998
1418 957
182 967
1270 492
946 560
1869 1560
436 1814
1306 1821
767 422
1068 767
1504 1335
103 1314
718 1854
552 1364
454 831
1984 1239
1015 1004
1669 1436
284 1759
550 741
141 1760
617 1792
725 947
465 1150
292 706
420 503
176 1625
387 444
259 1145
620 1580
1750 386
1934 1944
1647 1249
1814 1053
1385 1543
693 201
39 56
480 273
720 1551
1911 935
1035 1172
1084 980
1586 1358
577 1621
836 857
1905 183
398 1826
104 1921
1841 995
802 1050
553 483
84 1650
567 1840
886 190
1704 1287
1701 409
28 1065
687 1160
1814 1224
435 100
102 529
937 1593
1159 1817
497 1253
1384 1859
374 951
114 676
732 1609
1722 1352
1306 30
699 346
747 359
1978 866
1790 1952
946 1094
907 408
1219 939
1607 163
749 1239
1805 1997
786 1273
1541 432
510 1986
1499 56
756 727
47 1340
1322 1026
1051 555
1370 1138
1125 1710
1842 17
1607 1057
1185 533
211 201
1638 1928
1623 1558
139 1585
769 1286
1661 206
522 1825
1713 1857
86 1558
458 1891
1749 1196
1348 95
1330 1710
1730 1998
400 1977
1016 807
1569 783
1077 1988
650 1745
1883 1529
524 967
1434 1291
1997 501
350 522
397 900
1084 531
493 1170
1045 1142
1294 328
655 1887
1530 269
426 1301
131 210
936 1071
1141 252
784 196
175 1353
788 1950
1062 695
28 1320
1890 634
1398 5
1168 42
1592 469
1553 494
1829 633
1113 1247
1800 1156
368 1946
161 1952
134 172
1351 612
1524 537
860 1191
1809 1221
1104 622
933 587
1800 164
177 528
611 645
1787 1302
378 972
1417 1655
138 533
1174 1937
254 1212
1019 1544
1353 464
663 536
1769 273
1713 1059
861 469
1626 1595
1475 74
307 1117
1412 251
1661 1814
1435 305
1544 1360
1492 1201
165 31
1381 667
1016 139
1348 779
1963 1523
862 416
1846 1312
301 1261
522 1115
1998 1669
1504 352
655 929
1585 1681
766 310
1956 1642
592 878
983 966
1658 635
795 1867
1927 967
1596 1897
1639 537
1801 1932
603 1500
841 1629
700 1445
286 526
327 1780
849 1876
1618 965
1385 1266
1696 538
10 1089
995 1063
1516 1290
1675 1929
1253 206
82 758
676 418
83 1487
306 1598
253 894
347 1507
1478 1106
994 232
206 340
1939 1028
815 1237
1384 938
1934 1867
411 825
1799 1029
854 612
1594 538
1673 279
18 1912
867 1999
1541 833
1906 1563
1869 94
2000 1837
1070 51
874 1676
437 25
1875 1848
403 1684
1687 283
987 944
320 1926
955 986
1808 1212
24 1201
1502 628
1056 182
1009 257
1969 601
389 1206
1642 1313
225 398
317 1569
1058 1653
954 1387
1186 270
299 734
1063 588
1961 341
1286 174
1149 1836
639 1940
1830 864
46 1441
1132 1798
1409 1907
275 536
1008 1036
765 80
1686 1809
1544 232
1861 150
1815 1563
1867 42
485 1150
999 1985
1561 1334
215 761
650 348
1454 1977
751 1277
1326 66
1067 1850
506 1543
1135 1938
781 853
1688 1008
668 599
1331 1859
1634 981
255 338
563 987
1147 1470
1428 1831
1897 1501
800 303
526 1731
1334 473
1236 1914
508 1290
1573 559
1978 1151
1107 1542
1872 900
1379 1004
1284 1250
1650 332
364 8
1137 1612
556 1034
1146 480
1382 472
152 426
646 1902
1810 1455
1408 742
753 1887
1424 1564
1956 813
60 320
633 548
1930 1888
1487 1389
852 1662
1835 505
325 1782
1861 1501
414 1839
1170 1148
1074 1046
372 1602
1451 506
1692 1153
393 1287
1267 438
482 1022
803 1474 1323 642 7 1634 453 529 1470 4 1351 1700 405 529 843 642 497 1765 1772 1098 642 8 116 1859 1357 12 36 1111 865 728 1545 488 12 84 685 990 798 123 812 1747 1032 117 45 189 425 718 117 529 865 1237 509 12 841 300 19 812 1244 836 1501 1032 1597 923 1599 11 1163 999 405 1032 955 10 892 201 1323 883 525 1204 1032 824 12 1408 242 67 1717 123 999 781 1661 344 642 1163 1580 1538 837 1501 1639 1422 945 990 407 1661 1500 1400 937 201 1264 124 1443 294 1443 944 1597 1859 1334 587 743 117 765 1700 415 160 529 1212 1323 743 83 1474 1220 1037 425 718 829 718 803 836 46 1343 14 38 497 1689 1010 36 1443 16 1244 1443 415 34 1859 888 1340 992 295 107 19 415 1163 743 765 19 1204 926 453 1772 1545 415 1597 723 1340 1323 11 836 1179 280 280 45 123 239 992 456 576 655 826 36 696 123 783 38 723 1676 1294 1675 739 1295 140 610 300 1400 300 10 1620 1244 1474 1119 789 1130 1010 63 878 829 1119 1357 1264 117 1407 1474 1343 765 405 652 1357 739 1037 104 781 4 91 1525 1351 7 1525 509 19 1130 1163 892 56 837 104 1474 239 1509 1443 1294 23 1366 1589 685 999 529 597 331 739 711 888 1538 1599 456 945 188 835 836 10 367 888 992 46 1237 1756 937 783 1620 1163 295 294 117 91 587 298 318 428 723 865 878 8 280 12 718 1443 509 1717 10 1756 999 36 45 824 818 944 1220 1264 990 197 425 23 685 1639 1400 318 1163 11 407 239 1587 937 1756 821 892 1098 944 1357 23 820 1351 1237 261 367 34 1351 1474 224 1204 11 1501 1675 1779 642 1634 407 1130 201 1343 11 655 803 1400 49 69 61 888 865 56 270 34 1676 298 1765 1264 1424 23 728 926 828 529 294 54 1501 117 926 1632 718 107 1343 116 1037 1599 407 428 10 824 1037 1470 1454 36 239 54 45 743 36 407 1565 1237 116 1545 280 655 509 828 701 1747 1474 1501 123 1689 1408 743 1454 824 1220 294 107 1220 1237 1501 1580 36 261 587 990 1443 992 1443 1676 1597 926 992 160 54 1809 824 1163 61 280 812 1661 728 1357 798 829 45 91 123 837 116 1294 54 16 1098 829 28 117 1149 1639 1315 878 944 1700 1600 85 1580 642 1424 69 1175 453 62 188 104 652 1509 888 38 642 892 78 298 1597 34 10 1163 318 456 923 642 107 1470 405 89 781 1098 790 488 56 480 38 83 1098 415 295 117 821 1220 1443 160 425 536 242 12 16 251 829 843 1422 783 38 1212 19 10 1400 841 10 1175 1545 655 54 280 7 11 765 835 23 587 38 497 990 294 10 1747 116 773 124 1315 1422 790 318 798 1616 926 597 720 718 1175 923 1772 923 1509 14 841 1700 38 1010 509 1315 783 1747 62 10 62 1634 1323 1323 945 1779 1765 242 1149 11 1756 56 1717 812 1501 1204 1587 89 318 34 67 1632 1037 117 1295 1500 19 1163 1408 318 1597 1037 428 61 1323 773 1443 83 1295 1294 62 1340 1587 1111 1700 818 836 11 19 1351 49 642 655 425 415 140 497 587 19 10 38 224 1859 1032 843 926 1422 107 765 865 1589 1675 828 790 1454 38 798 1119 61 1859 1294 944 69 117 497 1422 1500 1294 836 783 1032 1119 295 1470 46 294 1545 298 224 10 1037 1422 83 1772 1632 790 1340 1717 587 83 300 1343 367 824 242 11 610 23 1407 1204 1400 610 1111 1474 69 1620 367 480 536 812 197 1779 1408 1700 480 1424 123 456 500 1237 1315 789 7 116 1689 937 1859 576 829 1111 652 188 295 38 1408 1294 1244 923 1700 1244 1756 1634 820 1756 1366 38 944 1474 34 1565 1700 1616 587 720 251 701 1357 1119 10 1424 367 1179 1661 34 10 1294 91 1809 1244 34 67 84 10 1407 1634 428 12 1408 1163 1212 990 344 1111 456 824 1634 529 117 610 1366 500 1175 1366 1179 295 821 610 1597 189 1632 56 1565 1098 878 696 1111 926 923 1809 49 1366 1565 197 1149 743 38 10 84 104 525 488 1357 1264 1204 990 1424 189 1366 1422 812 1620 117 11 1119 61 1443 197 107 140 405 425 888 10 1632 1424 61 1111 992 1716 488 1675 945 405 783 7 270 1616 300 1130 261 1032 1525 1111 892 773 1111 1700 1334 945 1716 536 197 685 652 36 1765 1589 10 610 270 242 497 1264 812 923 1639 926 509 828 525 1295 1037 509 456 865 739 45 1400 1676 642 1809 828 456 1037 16 1779 739 45 4 1599 1032 1334 509 1400 497 239 1700 1634 14 824 34 509 1700 945 1675 189 1323 62 1525 56 1772 1408 1424 295 19 1130 888 883 1111 1366 428 1163 62 955 529 34 837 826 83 1717 78 1580 955 1747 1772 1119 937 261 38 923 773 1037 1565 116 425 11 1765 1163 1037 999 46 10 1037 1700 944 428 201 197 270 655 407 1661 723 224 428 1474 456 723 1204 812 878 14 23 1689 480 270 743 1747 1620 1315 123 743 812 1470 69 1343 45 67 597 367 597 1212 280 1032 576 49 1616 1366 509 509 23 1599 1175 587 1149 1716 453 1616 525 1357 1422 1443 300 781 456 990 820 1294 1538 1149 1634 835 36 821 45 10 1509 1597 888 23 836 1237 19 261 944 1747 945 1620 242 1454 188 878 743 197 201 739 576 56 655 509 803 1175 812 1149 480 67 783 1111 1525 1443 1212 739 239 83 1037 49 242 123 69 91 790 1620 1600 529 597 1470 23 1500 711 1032 1634 4 224 11 318 1443 38 818 1538 642 1340 407 10 642 1032 251 415 821 38 824 300 344 331 773 835 1589 45 1175 300 1639 456 367 711 1632 1237 1407 1237 295 294 19 790 488 1037 425 1264 926 1454 188 718 1010 781 1407 1220 331 1620 270 1315 610 1163 824 117 812 453 610 937 576 1599 990 529 1589 201 1859 1204 1779 294 497 1538 837 892 1700 251 63 117 1639 1597 117 955 62 1366 405 1264 739 12 407 992 367 509 38 197 1334 1032 261 1717 642 944 701 1501 1400 54 425 46 1212 1700 789 783 298 642 1111 36 1334 1244 835 843 294 711 107 610 783 117 701 743 1580 11 1859 837 197 945 1037 63 16 298 160 1032 720 89 1675 38 1525 1661 1366 1400 1179 1632 1509 765 1315 1470 1756 1589 1589 1765 841 1779 1634 11 1098 937 1098 84 45 1454 1538 344 1264 123 892 818 1334 536 1474 1454 743 488 63 28 38 1716 587 239 34 1565 69 56 123 1424 1400 1779 407 280 116 46 1343 12 1366 1716 1501 1639 1294 251 62 685 224 116 992 14 453 46 655 728 261 38 407 820 488 1408 1424 828 261 1294 1295 428 1620 1111 1809 1538 926 89 1010 999 46 820 743 1366 78 826 1717 188 63 38 685 28 45 117 1237 1765 104 1501 1220 509 955 1175 1538 300 1700 11 1175 45 344 251 34 295 1689 828 36 718 1407 1175 1779 720 49 1599 1779 781 344 536 1632 367 242 116 1772 12 1616 926 10 38 765 78 536 781 1765 720 1717 38 790 1264 63 19 1675 1408 1149 7 1538 38 765 1119 1772 11 45 160 820 251 425 497 1589 597 1366 425 865 124 1700 999 587 718 1237 1809 1443 140 926 1357 1098 1098 298 652 696 89 837 1424 23 49 188 944 696 295 718 480 803 1204 1408 1716 89 992 1264 841 197 331 1580 1747 251 718 270 104 117 1580 280 529 828 1163 723 685 990 812 696 1179 1587 655 1454 1675 883 529 10 38 1470 89 718 1689 1470 798 1010 61 1717 1772 251 1509 1565 789 89 12 1717 1294 497 828 812 773 85 38 685 63 1294 1149 12 117 1809 1525 45 1587 10 10 1295 239 718 1408 1600 1501 1237 38 818 116 1620 828 610 1340 428 1756 54 1545 54 19 655 992 78 189 294 56 61 824 536 828 10 107 56 1163 1700 201 295 14 480 1779 1323 331 1470 773 696 1408 188 1661 743 140 36 123 1639 1443 821 1334 711 1470 1700 655 1237 104 1032 251 829 655 818 1179 685 944 497 160 1454 1343 1620 1149 124 652 1717 1295 456 85 197 117 160 38 1538 107 1772 1587 1545 1756 509 990 1407 642 1565 1010 117 78 1747 239 89 242 711 116 11 597 773 1315 45 456 83 300 783 926 23 820 1454 1689 1340 104 1538 1179 10 242 1474 1424 28 1323 587 1779 841 1779 1098 123 1809 480 803 1149 1700 344 38 107 955 1779 1130 773 1443 1809 224 955 652 1343 49 89 701 739 298 85 883 926 781 1098 837 1294 428 500 990 1179 789 1500 865 23 78 189 990 576 992 1237 78 1747 456 597 61 38 1220 1408 295 116 765 1237 944 1717 1315 1366 1315 1700 728 83 36 818 835 1779 10 116 1809 11 718 261 453 1639 318 1111 1366 773 812 723 696 1237 84 367 405 428 1443 11 1111 937 1470 189 69 1639 1717 652 54 836 1717 367 1779 1616 642 883 197 300 878 1010 38 1632 407 91 829 1334 1204 685 1163 104 992 1408 1716 1340 85 1334 696 723 453 720 798 1237 251 84 1424 1149 14 11 1589 1204 1295 1351 116 509 1747 798 1244 1264 835 529 1037 124 820 945 821 1700 49 711 1859 251 1149 1037 500 720 743 34 1859 1676 812 188 728 878 587 843 610 828 34 344 1212 1599 1098 888 62 723 425 812 1264 78 1149 10 67 497 803 1315 1454 1098 955 1149 407 1443 655 89 723 652 1351 723 728 11 78 270 300 723 488 803 610 49 117 1700 1501 812 224 117 160 19 1149 1525 1689 1351 1587 652 117 8 428 49 124 1443 1294 1859 1565 1422 1600 1809 818 1351 1340 11 85 812 685 405 1587 61 36 10 826 743 425 61 878 1597 826 1765 1474 1661 140 739 888 701 1772 642 28 865 19 945 367 1244 251 1323 883 1859 587 1111 773 597 239 812 955 1037 1634 1675 1340 1634 1599 597 1600 117 1689 7 1538 56 1010 1204 124 197 1772 1424 826 280 407 261 201 720 576 888 425 280 529 1343 728 696 1525 19 69 1620 428 1212 1747 610 91 61 8 480 367 824 1212 251 829 91 821 818 488 1538 1700 261 1632 1599 821 415 270 1264
