2000 1953
1228 647
1868 198
60 422
198 1674
1520 882
1771 647
1527 422
882 847
1558 1337
1520 1228
1183 381
1594 1857
951 1780
1183 799
560 1355
197 1868
1770 1989
1060 239
477 951
10 643
1168 1194
1771 1678
10 197
847 936
735 1336
1445 1300
1228 1868
1770 154
1445 799
1445 422
1168 1678
1989 951
1651 847
60 907
735 1558
1194 1319
877 651
735 1527
1527 647
735 877
880 1994
643 1594
422 1266
951 468
477 1102
1445 639
1520 363
643 1355
197 1651
1674 393
1847 1674
1183 907
643 1989
584 799
1847 381
197 239
1102 422
381 1771
880 1355
1857 1558
951 1445
198 647
1780 1527
702 643
1674 1337
1989 477
198 1989
647 584
381 1520
1168 1594
651 1171
1266 1337
1847 43
639 1857
422 1183
197 1228
1770 1266
1168 1651
363 154
1994 643
1355 154
880 1228
1594 43
560 1989
1171 853
1102 859
239 1594
1527 1771
1994 1771
735 936
363 1102
1228 643
1868 381
907 1520
1868 1355
1771 1445
1868 1300
60 1183
1989 363
1445 1336
936 198
1527 1445
1337 239
584 1770
60 639
859 1868
468 1355
363 198
239 393
560 1674
422 381
1520 1651
859 239
468 1228
1520 197
853 198
477 239
702 584
1989 847
907 584
584 877
1183 1300
1857 936
1336 584
1194 477
125 880
422 702
1674 1441
1300 1989
1228 1300
1300 882
1183 239
154 1171
735 154
393 197
1319 1171
477 882
1266 1319
1168 381
936 859
647 1266
1102 239
60 1651
1336 880
468 1868
560 1594
1300 1520
1171 1441
651 1102
1678 847
1520 880
1060 198
560 1780
702 853
1847 643
853 936
1266 381
936 1651
1678 639
1594 1194
393 643
702 1994
363 1355
356 1060
584 1558
643 880
197 859
477 1228
584 1171
702 198
1994 1336
877 643
859 381
639 1228
198 1228
1594 477
363 393
1194 951
381 1102
363 356
880 639
880 239
859 907
1527 853
468 1171
1558 882
1780 1355
1847 859
381 880
584 363
1355 1319
560 154
356 1266
1300 43
1770 1771
651 356
1868 393
422 239
1445 880
651 1558
877 477
363 735
1194 647
10 847
1171 1558
651 1674
639 735
936 877
468 10
702 859
1441 1994
1594 735
643 239
877 799
1674 1194
154 1060
363 1857
1319 60
125 560
651 10
853 882
1228 882
422 651
560 198
735 1857
43 1857
880 859
1355 1989
1520 647
1441 198
10 1336
1771 125
1594 882
197 639
907 936
1678 643
477 907
239 154
859 468
1780 1441
60 647
1989 43
1300 799
43 1060
1355 877
468 651
468 1520
847 1337
847 1520
1355 1594
1194 154
125 381
1678 60
936 43
1300 560
799 639
1678 882
1445 393
356 1780
647 1171
639 1520
1868 1847
1300 1771
125 1228
1520 1558
154 1445
1651 951
468 1771
1171 477
1868 356
197 1183
477 43
363 936
907 239
10 1771
356 1171
1102 882
125 1183
1770 639
560 1868
643 1060
1266 1194
381 1989
239 1336
584 1266
1868 1319
239 125
1868 1857
859 951
422 154
1678 880
1868 1060
1868 1678
880 1300
882 1857
1355 1857
1171 422
1445 1319
363 859
381 936
468 1336
197 477
1337 882
853 154
735 1300
1194 1651
1336 1868
197 381
907 1674
381 356
381 1857
1168 1558
1336 1771
1847 1770
1355 197
1857 1441
647 880
381 799
1102 1445
584 643
1060 1527
1651 639
1527 197
356 1857
936 1594
1857 951
1266 1102
1651 643
1300 1674
154 643
651 847
1168 1674
907 1300
1445 381
198 847
1445 10
1558 125
1300 1337
1319 393
1336 198
643 356
1228 702
643 1520
239 1520
154 1771
1674 643
1355 1651
1771 735
651 936
951 735
1674 882
847 125
847 468
847 643
853 1770
1266 880
951 1300
1183 882
1868 1558
1168 1337
951 882
1594 880
1194 1102
1868 154
381 43
735 907
468 477
477 60
239 468
560 1857
60 702
1336 1102
1594 154
1355 1171
1678 1857
1674 877
60 1771
1594 1060
1228 847
1868 1168
877 1194
1266 1336
880 197
10 393
584 1847
882 936
882 60
1771 239
560 381
381 477
125 356
125 1780
1194 1780
1300 1994
363 1847
651 125
1678 1989
1527 125
1770 1780
1527 877
1520 1527
1674 154
1266 197
1770 560
1780 381
639 702
1300 1355
1337 859
1319 1674
1780 859
907 125
880 1168
1355 882
799 651
907 381
639 381
422 643
125 197
877 1994
1674 1183
1183 1445
381 643
1868 882
1171 1168
1183 560
1355 393
1171 1594
1678 198
951 853
799 859
381 60
60 1441
1445 1060
422 363
1594 422
1168 363
1989 1868
1060 1994
1527 356
853 43
381 651
468 1102
10 363
1989 799
1527 1183
1194 907
907 198
154 60
1266 735
1520 859
125 877
1594 584
1194 1300
1994 1780
853 1355
1847 907
907 1868
735 880
1847 1558
1994 1770
702 356
584 1168
1847 1266
1319 882
422 1337
1868 735
1771 1868
1102 880
1594 1989
1228 936
951 356
1678 1300
477 1847
847 859
468 1441
1060 651
239 1868
1171 10
847 422
43 1171
951 1266
651 1868
1857 1171
643 1266
422 198
1060 1770
651 560
393 1228
197 1989
1445 1337
393 1168
1319 125
936 1337
43 239
1168 239
1770 43
1770 882
647 1168
363 1171
1780 1847
560 643
877 1847
1336 1558
1336 1171
1168 43
10 1337
584 1060
1651 239
1868 1674
1994 1102
60 1594
239 1994
1102 1527
1102 1771
1770 1868
1857 1989
1337 125
468 1319
735 1102
907 1989
356 1770
1102 1558
393 422
847 1594
1102 154
239 198
60 1266
799 1520
702 1319
936 1678
198 356
198 1168
1780 907
951 154
1989 1171
1857 1994
393 1300
880 651
847 799
468 1445
43 1266
702 907
1337 702
1194 1445
468 1780
477 853
907 1319
1780 877
198 60
907 422
651 1594
1300 60
853 1194
1674 477
477 847
356 639
1989 125
1337 1780
882 1194
239 1780
877 1558
393 882
1355 1441
1994 43
198 468
1989 853
1319 197
1194 880
1445 198
639 477
1102 1857
651 1336
639 422
1989 1771
1266 1527
1594 1770
1989 651
1337 154
239 1171
1780 1771
422 799
1228 1319
477 154
1674 468
1319 560
1336 43
1319 1771
880 468
1266 1441
882 859
882 799
1266 1520
1337 468
1060 647
1266 877
60 1780
1994 1194
1594 859
907 1594
1168 1771
60 363
1770 1558
1520 422
951 1558
880 936
1171 936
1102 1868
1857 1300
1228 1266
880 1558
1678 1183
1868 10
647 1558
10 907
877 702
702 735
1194 363
880 1651
859 1445
356 1168
381 847
647 1678
239 1847
735 1674
584 468
60 1558
1445 477
198 1770
651 1857
951 1102
1558 10
1989 1228
936 356
735 1355
799 1651
125 639
197 882
1183 877
477 584
647 882
1194 859
651 643
1337 198
197 154
1527 584
1994 477
1300 125
1102 393
799 1780
1102 643
1183 356
951 907
468 1194
880 356
1520 1355
799 1674
1228 1527
1594 1678
877 197
1300 198
1300 1060
847 560
951 1770
880 907
1445 647
43 468
1168 1336
1171 1194
239 1441
647 422
639 154
393 1558
1168 125
477 1558
1989 239
880 1527
10 477
363 907
1445 853
381 853
936 393
1771 880
1651 125
43 154
422 735
1527 477
853 1857
1771 639
1183 10
1060 1171
735 647
882 560
363 951
197 1337
1651 1558
125 1445
1319 1102
1266 1171
1441 1319
393 880
799 154
1171 1337
643 43
125 1336
10 877
936 951
197 198
1594 1228
1520 477
1266 468
907 643
639 853
799 735
877 1445
1594 1441
1780 882
651 907
647 125
197 799
1171 877
1994 584
847 1558
1355 60
154 1989
1319 477
381 1441
43 198
197 1994
560 647
639 393
859 477
60 936
1168 859
393 560
1678 197
877 882
560 356
1336 1183
125 1102
10 381
907 1770
393 468
1651 1868
951 1594
1770 1228
853 643
1989 393
882 907
422 853
43 1771
1336 1780
1770 1527
477 198
1441 847
468 735
1337 560
43 60
1989 468
477 1168
1520 1445
154 880
882 1445
393 1183
560 907
1060 560
393 1337
10 647
702 1520
1194 1857
393 60
1994 936
880 882
584 1780
936 154
1651 1780
1336 1520
799 907
639 1266
702 799
853 468
356 847
1445 43
1171 882
1847 1171
363 1770
880 198
1168 1857
735 1994
198 639
1337 1060
936 10
643 1771
10 1780
1336 1674
735 381
951 651
154 1319
853 1994
639 1194
198 643
1520 1594
1527 1847
1441 422
10 859
477 647
1445 1228
1445 1678
393 356
1228 1441
10 560
560 702
651 1194
735 10
1060 951
1989 1527
639 1989
10 1194
1868 702
859 43
197 1857
1989 1319
1171 1994
584 1678
951 702
1319 651
877 639
1868 1445
197 1441
1770 1300
859 1060
651 735
125 43
735 1060
381 1558
847 1319
639 1994
853 1651
125 584
1780 1594
1300 853
1527 859
877 1678
1319 880
1228 1102
1266 1771
1994 1674
1300 936
381 1994
468 197
1994 198
393 877
125 1266
853 1771
1674 422
1228 1847
1857 847
882 1266
239 877
584 880
907 1228
1060 10
853 1780
1651 1594
1171 1771
1228 1678
363 1594
853 847
1336 877
1558 1994
882 381
1674 197
853 651
1527 1674
1102 1168
951 197
643 936
356 1520
1989 1445
356 468
422 1868
936 702
43 877
1355 1770
1183 1319
1319 422
239 735
1336 1594
1770 1445
60 197
882 1168
951 381
239 1558
584 1183
647 363
197 356
1300 584
356 859
1771 1060
60 10
1527 1678
43 647
1989 880
154 647
936 1336
1102 1441
1441 647
1183 1102
239 853
239 1300
356 907
1674 1355
1336 702
1336 639
799 647
1336 847
907 1168
198 1527
1445 702
1520 1337
43 197
198 735
877 1441
363 882
1847 1355
1266 1355
1168 1989
1337 651
1300 356
702 1770
1527 1300
651 1780
859 422
647 702
1168 1847
1558 1678
702 363
356 647
702 393
1355 1527
422 951
1770 1319
651 154
198 393
1674 1520
853 880
1868 1441
1847 799
1319 853
1228 859
1168 735
560 639
363 1678
1300 1171
1594 356
847 1674
1102 1300
1527 907
1771 197
1171 1770
1337 1228
1102 1847
1183 1355
735 1441
198 859
639 1441
1520 1678
1168 951
1445 1847
1060 847
951 1183
1868 1171
154 859
10 154
1171 799
1780 1678
363 1651
1228 1651
1168 1445
1989 1847
1770 651
882 702
1770 393
60 1171
1651 356
1337 907
907 154
239 936
1651 1847
702 1651
859 1989
363 847
1168 1770
356 1194
125 1441
651 1847
1194 422
1266 702
1868 43
882 468
477 1336
936 1558
125 1868
1194 43
799 1102
1445 1171
1300 154
639 1319
651 1651
1770 422
702 1441
381 1060
393 477
1319 1168
651 1228
936 1168
1355 1228
1300 1558
1868 1337
154 393
60 1994
356 422
1168 1060
702 847
1520 1168
1441 1558
936 125
1060 936
560 859
880 60
702 1168
1527 393
197 1060
60 584
356 1558
1594 702
1678 125
702 651
1857 702
1441 907
639 1674
880 1171
1780 43
1594 853
951 880
639 1847
859 651
1337 1857
1594 1445
1171 393
1527 1441
1527 1319
356 1228
1060 477
1520 1102
1847 1183
907 1445
1300 10
1266 1558
363 239
422 936
60 735
1558 1183
1594 1183
651 1520
847 43
1527 1857
1847 853
584 10
363 1527
853 1060
1771 1355
1266 1674
643 1168
643 1171
381 393
1183 643
702 381
1355 1558
907 853
1300 422
853 1266
356 477
1847 951
1989 1520
1868 853
799 393
1194 936
1060 1319
1319 356
1183 154
1337 1319
1266 1445
1527 381
702 1183
1171 198
1060 1558
422 10
643 1857
43 1102
239 647
1171 197
43 393
1300 1441
1651 584
584 1355
393 125
907 647
1989 1337
393 859
1228 363
735 43
647 951
1594 1558
43 907
197 1194
799 1868
1337 951
651 647
1520 853
1994 1989
1857 1771
1847 702
1527 936
907 1558
10 1266
1678 1194
1183 1780
639 1868
1989 356
363 1266
647 1994
1355 1336
1300 1266
1674 1060
125 951
1355 647
1527 1194
154 1847
1102 1171
853 799
1520 1441
1520 735
880 1780
907 393
422 1355
1194 1060
1183 1771
1445 560
1337 799
363 43
154 1520
1228 381
1319 1336
1678 1355
239 356
239 1194
1228 1336
198 125
1319 951
1266 239
1651 1771
1994 1847
1847 393
1994 1337
154 1527
1319 381
647 639
877 1989
735 125
197 560
560 1771
1168 1355
1102 1594
363 643
422 1228
1171 1678
43 1183
43 1319
125 702
702 1355
584 198
1651 1989
43 799
1678 951
477 1771
859 639
1770 847
877 154
643 125
1266 1857
1171 847
1771 1194
1594 1674
853 1558
735 1337
1319 10
1994 1868
1994 1228
1355 859
1994 882
799 1857
239 1445
1228 799
1674 43
1336 560
1441 859
239 1674
198 1558
1060 877
735 859
639 584
853 356
907 1266
560 1266
363 651
936 799
381 1337
560 584
735 882
1194 799
1336 1527
1770 477
1994 1355
1300 381
877 951
468 60
1674 381
1300 468
859 1319
584 882
651 1527
584 1337
1300 1168
198 882
10 799
1336 1194
859 1771
1674 125
1994 1678
584 1674
125 363
1674 1780
651 60
907 1336
1336 422
880 1770
647 468
584 1989
847 1527
877 1868
936 1868
1171 951
1445 1780
1355 43
880 1857
198 877
1994 154
643 468
847 393
1847 560
877 1337
1319 735
639 1355
1300 647
1445 643
1102 847
1780 847
951 1520
198 1520
1266 198
1780 393
1771 1558
1183 1441
1674 702
639 1102
1520 1194
1674 1228
1594 877
1171 1780
877 381
799 1060
1780 1558
1183 735
356 1674
1558 154
1266 1168
1337 853
1674 1771
1168 847
1337 647
560 936
1857 859
853 560
560 1994
1770 239
799 1441
154 356
154 1857
1770 799
1337 1336
1171 1520
393 1594
1194 1228
1651 1060
1771 907
735 853
1060 393
393 1857
1780 1168
859 1171
1319 1651
1558 1989
1558 197
1847 880
1857 125
10 1770
1771 1441
1266 477
951 393
1337 1771
1228 877
1355 477
363 381
1770 1857
1678 859
1194 560
1337 880
859 877
847 877
468 639
197 1780
1228 1168
1441 1194
125 799
882 422
1847 468
239 847
639 1558
847 1771
1868 1194
1558 1445
1868 951
1336 859
60 239
1594 1771
1558 422
1994 1651
1520 1868
125 1171
1651 477
1780 1989
381 468
363 1558
363 1771
651 1300
363 1674
735 1678
477 936
1994 1594
197 735
1674 853
43 10
1770 643
951 1355
702 43
60 859
468 1558
1171 907
1194 702
1300 643
1355 1102
1337 1847
363 880
1228 1171
702 477
877 60
1989 1194
363 1183
60 1445
1651 10
393 1441
1847 1594
1228 560
197 853
1441 363
799 643
880 799
1651 735
198 1102
702 1558
880 702
1994 847
1868 477
853 647
477 560
1336 393
1527 239
1102 907
1868 1780
735 560
1336 381
1674 1171
125 853
60 560
936 1674
907 197
702 1171
1102 10
43 422
125 859
1355 651
198 651
239 702
1194 1847
1847 936
1847 1300
877 1857
1847 125
1857 1336
1651 1527
1060 1183
584 43
735 477
239 951
1651 468
882 1989
1780 1266
859 1674
393 735
853 584
1060 1441
1989 1674
1102 1678
1194 393
1527 1994
468 1183
198 1355
1847 735
735 1445
1336 1060
10 198
422 197
363 1780
880 10
1780 1228
1678 560
1168 60
1771 882
125 1994
1520 560
584 951
1857 477
10 1441
1337 1183
1527 882
363 477
847 584
1441 1678
1337 643
1319 1558
1336 853
1441 951
1847 1520
936 1770
1857 468
1847 1060
647 936
1102 647
1183 198
1445 1857
1102 584
363 1994
239 1857
468 1994
197 702
393 1651
1266 154
1520 1857
1651 1337
907 1355
1771 393
363 799
643 1780
647 1780
639 882
1228 1857
356 799
1300 859
197 936
60 1194
468 1060
10 125
877 880
1527 1337
1674 60
560 1168
468 1527
1868 647
1994 651
1336 60
1300 1336
468 702
847 1445
1336 356
363 1337
936 1780
1989 422
882 1336
1771 1520
239 584
1441 477
60 1060
1558 799
60 853
1527 799
853 877
1337 356
1651 907
651 1771
1847 197
560 1558
1527 43
10 1994
381 647
1060 1989
647 877
1520 125
239 1355
1102 1651
1651 859
702 1102
859 1770
154 1780
1989 1441
43 1337
853 859
422 1847
1771 422
907 1994
356 584
1770 60
1319 1520
1847 1336
1183 1266
853 1168
1319 936
1847 1771
1770 1194
1441 1847
1319 363
1651 154
239 1228
1337 1194
1558 1194
1594 1337
356 1678
859 584
1102 1780
197 1300
584 154
1868 880
1060 1520
1445 363
584 422
799 1771
1771 584
639 1337
198 1771
422 477
1868 584
951 1527
880 477
1651 1445
584 1441
882 651
197 651
1520 1780
643 735
468 1678
951 1228
393 1266
1102 1989
10 1355
951 10
951 1336
1355 1194
422 1168
1868 643
1674 1558
468 1770
882 1651
1857 10
363 1300
1060 639
643 1319
1336 154
882 43
43 560
1228 1558
702 10
10 1527
363 1060
393 853
1558 43
882 1060
702 1527
1168 1994
1183 1520
936 1445
381 1594
643 1558
1168 1527
1678 1674
951 643
702 1989
422 1651
1102 1337
847 1868
1594 198
951 639
1183 1168
422 1678
702 1300
1183 1989
643 1527
1770 197
853 363
847 1847
393 1678
1441 154
1651 560
951 43
198 1194
951 560
125 1194
1355 356
1780 477
1300 1651
859 1266
60 356
1594 799
1336 1989
1678 702
1857 60
639 1171
468 936
1857 1319
882 1847
584 1857
43 1441
356 10
197 1336
877 468
1678 1266
356 1102
702 1780
1857 422
1527 639
1319 198
1168 154
468 1594
1060 907
1989 735
1300 1594
643 882
1102 877
1558 1527
1847 10
907 639
639 1183
363 877
882 154
1678 10
154 381
197 1594
1994 393
1441 1336
651 43
10 1989
1994 1520
651 1678
356 1441
651 584
1300 1780
1594 1527
197 1168
1770 1336
1168 468
702 154
1168 10
1520 10
560 877
1780 1319
936 1771
1355 799
584 936
198 154
1168 651
1678 853
702 1060
356 1994
1868 1183
877 1651
197 643
43 1520
10 853
639 43
847 1355
356 43
1102 60
1441 560
1594 639
10 882
1857 907
847 647
1868 1527
125 1355
880 1674
639 847
1171 381
647 197
936 1266
1183 847
477 1300
1060 1266
1319 1678
853 1102
907 1678
880 422
560 1527
560 1171
735 1194
1441 936
239 651
1594 1868
1780 422
1300 639
880 1060
584 381
799 60
951 847
1674 1857
60 1989
907 468
639 239
1194 381
1194 584
1336 1678
877 422
356 877
1102 1770
1994 1266
1674 1102
1441 1651
60 125
239 882
1558 859
639 651
859 1183
1678 239
643 639
1678 1060
647 393
1770 1520
477 651
468 422
1770 877
1994 1445
1228 853
560 363
1520 877
1337 1770
1060 125
951 1674
239 10
1771 877
735 1770
43 1678
381 198
363 1336
560 422
799 468
381 1678
381 1651
393 1520
1594 647
1445 1441
1183 651
1102 197
1771 951
1355 936
1847 1678
560 1102
356 1445
847 154
882 125
877 1319
1857 1183
1337 1441
60 1337
647 1183
651 1445
847 1266
936 1520
381 239
799 198
197 584
643 60
477 125
1847 198
477 1337
1857 647
647 1989
639 1780
1847 60
1336 799
643 1441
60 847
1445 584
877 1168
1445 1355
1183 477
647 1847
936 639
647 1651
1651 1336
1060 1780
1445 197
1183 1171
1319 584
1060 1857
799 560
1678 1337
1168 1441
1228 43
1355 1060
1441 880
125 422
1266 1989
477 799
847 735
951 60
907 877
735 1228
125 1770
1770 1183
356 735
1674 647
1651 1171
239 560
1171 1527
198 951
1300 877
651 1441
197 847
60 1520
1678 477
1266 1651
356 1847
847 1300
1183 1228
639 1168
468 154
1441 882
1868 1266
584 393
1228 1771
1674 1770
1183 936
477 643
1319 1300
1678 799
647 1770
880 1183
1868 363
1441 853
1102 1060
43 880
1857 1780
239 1319
1336 647
853 1183
859 1994
1770 1678
1183 1994
1857 198
363 639
468 125
468 560
847 907
880 560
859 643
363 468
1319 1994
1770 381
1651 1678
1441 1770
1651 198
799 239
1520 584
1194 1183
1194 643
1319 799
10 1674
10 639
1171 735
1594 125
1868 60
1678 154
1989 936
60 1228
643 647
1168 799
1266 799
1771 356
951 799
1770 1651
1194 847
154 125
1319 1594
1771 702
1994 799
651 1266
1228 1060
1780 735
393 651
1674 1651
936 1102
1355 381
847 880
1847 1857
198 1780
1651 1857
584 1228
1060 422
1994 951
1266 1594
647 1319
197 363
10 1228
1651 43
735 584
154 1228
1336 643
356 882
60 1527
1994 422
1355 1337
10 1594
1847 1319
1445 1674
1651 1183
859 647
1 1 1 1 1 1 1 1 1 63 1 1 1 1 1 1 1 1 1 1 1 1 1 1 1 1 1 1 1 1 1 1 1 1 1 1 1 1 1 1 1 1 63 1 1 1 1 1 1 1 1 1 1 1 1 1 1 1 1 63 1 1 1 1 1 1 1 1 1 1 1 1 1 1 1 1 1 1 1 1 1 1 1 1 1 1 1 1 1 1 1 1 1 1 1 1 1 1 1 1 1 1 1 1 1 1 1 1 1 1 1 1 1 1 1 1 1 1 1 1 1 1 1 1 63 1 1 1 1 1 1 1 1 1 1 1 1 1 1 1 1 1 1 1 1 1 1 1 1 1 1 1 1 63 1 1 1 1 1 1 1 1 1 1 1 1 1 1 1 1 1 1 1 1 1 1 1 1 1 1 1 1 1 1 1 1 1 1 1 1 1 1 1 1 1 1 63 63 1 1 1 1 1 1 1 1 1 1 1 1 1 1 1 1 1 1 1 1 1 1 1 1 1 1 1 1 1 1 1 1 1 1 1 1 1 1 1 1 63 1 1 1 1 1 1 1 1 1 1 1 1 1 1 1 1 1 1 1 1 1 1 1 1 1 1 1 1 1 1 1 1 1 1 1 1 1 1 1 1 1 1 1 1 1 1 1 1 1 1 1 1 1 1 1 1 1 1 1 1 1 1 1 1 1 1 1 1 1 1 1 1 1 1 1 1 1 1 1 1 1 1 1 1 1 1 1 1 1 1 1 1 1 1 1 1 1 1 1 1 1 1 1 1 1 1 1 1 1 1 1 1 1 1 1 1 63 1 1 1 1 1 1 63 1 1 1 1 1 1 1 1 1 1 1 1 1 1 1 1 1 63 1 1 1 1 1 1 1 1 1 1 1 63 1 1 1 1 1 1 1 1 1 1 1 1 1 1 1 1 1 1 1 1 1 1 1 1 1 1 1 1 63 1 1 1 1 1 1 1 1 1 1 1 1 1 1 1 1 1 1 1 1 1 1 1 1 1 1 1 1 1 1 1 1 1 1 1 1 1 1 1 1 1 1 1 1 1 63 1 1 1 1 1 1 1 1 63 1 1 1 1 1 1 1 1 1 1 1 1 1 1 1 1 1 1 1 1 1 1 1 1 1 1 1 1 1 1 1 1 1 1 1 1 1 1 1 1 1 1 1 1 1 1 1 1 1 1 1 1 1 1 1 1 1 1 1 1 1 1 1 1 1 1 1 1 1 1 1 1 1 1 1 1 1 1 1 1 1 1 63 1 1 1 1 1 1 1 1 1 1 1 1 1 1 1 1 1 1 1 1 1 1 1 63 1 1 1 1 1 1 1 1 1 1 1 1 1 1 1 1 1 1 1 1 1 1 1 1 1 1 1 1 1 1 1 1 1 1 1 1 1 1 1 1 1 1 1 1 1 1 1 1 1 1 1 1 1 1 63 1 1 1 63 1 1 1 63 1 1 1 63 1 1 1 1 1 1 1 1 1 1 1 1 1 1 1 1 1 1 1 1 1 1 1 1 1 1 1 1 1 1 1 1 1 1 1 1 1 1 1 1 1 1 1 1 1 1 1 1 1 1 63 1 1 1 1 1 1 1 1 1 1 1 1 1 1 1 1 1 1 1 1 1 1 1 1 1 1 1 1 1 1 1 1 63 1 1 1 1 1 1 1 1 1 1 1 1 1 1 1 1 1 1 1 1 1 1 1 1 1 1 1 1 1 1 1 1 1 1 1 1 1 1 1 1 1 1 1 1 1 1 1 1 1 1 1 1 1 1 1 1 1 1 1 1 1 1 1 63 1 1 1 1 1 1 1 1 1 1 1 1 1 1 1 1 1 1 1 1 1 1 1 1 1 1 1 1 1 1 1 1 1 1 1 1 1 1 1 1 1 1 1 1 1 1 1 63 1 1 1 1 1 63 1 1 1 1 1 63 1 1 1 1 1 1 1 1 1 1 1 1 1 1 1 1 1 63 1 1 63 1 63 1 1 1 1 1 1 1 1 1 1 1 1 1 1 1 1 1 1 1 1 1 1 1 1 63 1 1 1 1 1 1 1 1 1 1 1 1 1 1 1 1 1 1 1 1 1 1 1 1 1 1 1 1 63 1 1 1 1 1 1 1 1 1 1 1 1 1 1 63 1 1 1 1 1 1 1 1 1 1 1 1 1 1 1 1 1 1 1 1 1 1 1 1 1 1 1 1 1 1 1 1 1 1 1 1 1 1 1 1 1 1 1 1 1 1 1 1 1 1 1 1 1 1 1 1 1 1 1 1 1 1 1 1 1 1 1 1 1 1 1 1 1 1 1 1 1 1 1 1 1 1 1 1 1 1 1 1 1 1 1 1 1 1 1 1 1 1 1 1 1 1 1 1 1 1 1 1 63 1 1 1 1 1 1 1 1 1 1 1 1 1 1 1 1 1 1 1 1 1 1 1 1 1 1 1 1 1 1 1 1 1 1 1 1 1 1 1 1 1 63 1 1 1 1 1 1 1 1 1 1 1 1 1 1 1 1 1 1 1 1 1 1 1 1 1 1 1 1 1 1 1 1 1 1 1 1 1 1 1 1 1 1 1 1 1 1 1 1 1 1 1 1 1 1 1 1 1 1 1 1 1 1 1 1 1 63 1 1 63 1 1 1 1 1 1 1 1 1 1 1 63 1 1 1 1 1 1 1 1 1 1 63 1 1 1 1 1 1 1 1 1 1 1 1 1 1 1 1 1 1 1 1 1 1 1 1 1 1 1 1 1 1 1 1 1 63 1 1 1 1 1 1 1 1 1 1 1 1 1 1 1 1 1 1 1 1 1 1 1 1 1 1 1 1 1 1 1 1 1 1 1 1 1 63 1 1 1 1 1 1 1 1 1 1 1 1 1 1 1 1 1 1 1 1 1 1 1 1 1 1 1 1 1 1 1 1 1 63 1 1 1 1 1 1 1 1 1 1 1 1 1 1 1 1 1 1 63 1 1 1 1 1 1 1 1 1 1 1 1 1 1 1 1 63 63 1 1 1 1 1 1 1 1 1 1 1 1 1 1 1 1 1 63 1 1 1 1 1 1 1 1 1 1 1 1 1 1 1 1 1 1 1 1 1 1 1 1 1 1 1 1 1 1 1 1 1 1 1 1 1 1 1 1 1 1 1 1 1 1 1 1 1 1 1 1 1 1 1 1 1 1 1 1 1 1 1 1 1 1 1 1 1 1 1 1 1 1 1 1 1 1 1 1 1 1 1 1 1 63 1 1 1 63 1 1 1 1 1 1 1 1 1 1 1 1 1 1 1 1 1 1 1 1 1 1 1 1 1 1 1 1 1 1 1 1 1 1 1 1 1 1 1 1 1 1 1 1 1 1 1 1 1 1 1 1 1 1 1 1 1 1 1 1 1 1 1 1 1 1 1 1 1 1 1 1 1 1 63 1 1 1 1 1 1 63 1 1 1 1 1 1 1 1 1 1 1 1 1 1 1 1 1 1 1 1 1 1 1 1 1 1 1 1 1 1 63 1 1 1 1 1 1 1 1 1 1 1 1 1 1 1 1 1 1 1 1 1 1 1 1 1 1 1 1 1 1 1 1 1 1 1 63 1 1 1 1 1 1 1 1 1 1 1 1 1 1 1 1 1 1 1 1 1 1 1 1 1 1 1 1 1 1 1 1 1 1 1 1 1 1 1 1 1 1 1 1 1 1 1 1 1 1 1 1 1 1 1 1 63 1 1 1 1 1 1 1 1 1 1 1 1 1 1 1 1 1 1 1 1 1 1 63 1 1 1 63 1 1 1 1 1 1 1 1 1 1 1 1 1 1 1 1 1 1 1 1 1 1 1 1 1 1 1 1 1 1 1 1 1 1 1 1 1 1 1 1 1 1 1 1 1 1 1 1 1 1 1 1 1 1 1 1 1 1 1 1 1 1 1 1 1 1 1 1 1 1 1 1 1 1 1 1 1 1 1 1 1 1 1 1 1 1 1 1 1 1 1 63 63 1 1 1 1 1 1 1 1 63 1 1 1 1 1 1 1 1 1 1 1 1 1 1 1 1 1 1 1 1 1 1 1 1 1 1 1 1 1 1 1 1 1 1 1 1 1 1 1 1 1 1 1 1 1 1 1 1 1 1 1 1 1 1 1 1 1 1 1 1 1 1 1 1 1 1 63 1 1 1 1 1 1 1 1 1 63 1 1 1 1 1 1 1 1 1 1 63 1 1 1 1 1 1 1 1 1 1 1 1 1 1 1 1 1 1 1 1 1 1 1 1 1 1 1 1 1 1 1 1 1 1 1 1 1 1 1 1 1 1 1 1 1 1 1 1 1 1 1 1 1 1 1 1 1 1 1 1 1 1 1 1 1 1 1 1 1 1 1 1 1 1 1 1 1 1 1 1 1 1 1 1 1 1 1 1 1 1 1 1 1 1 1 1 1 1 1 1 1 1 1 1 1 1 1 1 1 1 1 1 1 1 1 1 1 1 1 1 63 1 1 1 1 63 1 1 1 1 1 1
