1099 2819
1036 995
481 265
447 718
947 844
647 1085
458 90
672 367
133 712
28 348
397 770
972 695
236 24
987 15
462 962
991 404
74 646
780 166
34 309
384 89
294 30
1008 816
193 1029
709 717
653 991
871 137
28 589
276 1085
375 513
48 895
680 718
198 823
173 414
354 935
205 255
267 373
52 511
250 46
579 611
724 369
464 3
645 979
362 287
452 811
162 741
187 681
1039 245
247 204
471 1071
52 644
187 274
239 789
167 743
208 1055
400 790
698 1098
96 64
956 138
535 436
193 882
378 608
842 43
922 611
158 853
305 713
489 144
537 989
1076 515
563 319
1070 128
715 489
931 218
276 267
956 801
870 435
949 561
654 704
528 836
139 506
1037 999
531 14
1053 134
636 563
711 47
370 771
690 723
762 202
849 117
802 371
354 909
17 12
1059 7
799 942
595 990
56 404
946 56
940 677
622 615
542 902
512 30
414 570
47 199
410 33
713 1045
330 860
1095 992
212 511
232 31
128 210
1024 497
257 1013
304 110
777 294
116 407
320 620
299 786
839 1060
111 701
481 801
63 894
310 638
872 358
25 1077
773 677
798 619
196 206
676 201
717 404
448 183
645 942
448 416
911 950
13 675
928 222
176 187
185 1018
802 532
875 128
754 111
158 1023
739 848
143 984
995 446
390 115
52 1082
916 348
249 118
153 307
359 223
724 274
717 585
292 347
146 824
568 549
375 762
1096 227
336 109
898 80
780 324
332 735
107 799
142 643
228 555
190 1088
780 416
167 166
108 222
552 1018
111 916
788 291
813 58
854 767
361 917
24 376
369 981
456 433
309 892
673 379
986 228
979 937
102 925
1079 27
30 121
45 760
707 196
290 496
362 254
419 706
469 791
319 978
745 561
1085 333
292 388
164 108
393 773
717 920
297 691
415 589
276 11
996 548
390 275
629 430
428 541
287 814
1025 829
1049 706
445 1036
366 318
1003 896
385 115
926 348
370 884
910 907
93 230
82 847
459 635
416 26
321 215
452 879
715 912
811 664
541 296
269 778
394 1084
847 226
669 314
849 9
405 721
303 537
442 620
451 662
535 999
780 73
835 337
645 98
772 471
586 592
1075 1050
942 30
737 678
322 273
129 637
873 756
845 490
335 405
269 647
498 308
528 997
580 928
265 282
908 1063
783 875
412 844
849 247
216 1008
891 17
89 127
497 852
1028 267
431 161
971 695
695 559
982 564
946 592
720 86
298 685
53 799
497 30
778 829
781 728
378 409
757 297
1002 338
296 144
685 6
741 79
1011 830
61 69
328 803
410 671
57 106
190 717
604 760
1016 1048
1006 76
403 913
636 26
735 482
940 588
356 1024
575 355
325 967
704 680
360 1088
641 186
1093 324
244 216
887 42
308 755
987 1003
1040 700
239 578
468 417
200 1052
37 183
615 76
341 890
658 282
1099 164
272 397
514 303
576 150
369 486
586 972
104 831
633 623
734 679
1010 77
220 770
1028 194
1001 343
663 255
384 57
859 169
538 80
338 318
620 400
136 847
685 284
551 882
196 9
821 642
66 794
300 1054
662 269
1010 150
799 931
486 472
517 991
950 891
766 637
522 262
1044 347
665 201
446 822
182 713
653 503
343 170
939 675
295 638
915 263
753 1058
1045 1
635 562
1085 556
52 406
326 849
638 429
726 125
1005 463
40 975
331 655
1005 1014
621 296
827 916
605 362
688 765
462 425
646 148
836 662
93 601
888 140
277 243
923 411
582 1090
318 1047
596 903
103 218
943 352
924 402
237 218
854 323
1052 699
595 927
419 459
134 536
1062 1004
362 498
269 972
102 659
733 196
734 287
143 312
485 130
524 349
50 450
406 796
877 943
186 997
1084 976
401 176
512 999
989 820
952 930
371 1080
484 166
838 342
763 240
141 124
1076 249
234 214
291 108
45 204
939 1082
131 688
545 787
704 1095
819 365
662 158
410 988
288 884
830 797
849 293
900 406
477 280
993 387
1054 1039
305 133
671 69
596 148
745 767
422 841
212 787
380 926
929 176
55 354
735 6
1066 747
58 445
409 778
20 832
435 1064
42 980
43 775
952 830
936 71
904 729
582 517
619 299
435 903
433 769
655 590
277 931
280 943
978 516
817 928
396 350
348 451
678 269
25 570
145 788
897 308
545 463
161 67
522 44
661 157
508 373
143 802
492 967
463 347
97 440
1095 574
174 36
622 624
1056 341
1042 572
366 733
922 577
581 71
507 715
124 911
374 453
697 257
139 891
907 872
644 833
193 948
190 423
608 166
990 810
1031 1048
308 514
2 197
612 760
769 371
215 982
1004 316
330 211
322 463
1049 402
226 882
53 460
270 111
1021 936
889 559
1072 275
532 238
943 1050
525 840
108 969
73 640
604 798
270 584
166 443
272 356
822 609
365 338
612 372
972 1095
1054 604
445 15
725 310
607 126
952 889
428 13
12 520
645 696
142 1059
1014 1031
226 856
345 731
662 431
622 889
1092 781
216 341
888 892
116 949
891 1002
62 273
868 414
53 868
697 651
36 797
298 765
313 91
72 756
855 133
125 658
173 733
151 89
800 351
415 6
48 889
289 459
947 124
864 332
493 932
191 1053
639 239
309 746
191 186
369 208
397 181
1027 635
464 996
185 975
183 1025
719 933
637 104
950 130
391 294
654 263
873 442
722 457
1091 354
47 32
916 866
896 1064
333 99
111 181
468 157
617 137
160 1047
124 418
852 571
528 508
914 13
410 149
336 702
875 8
371 740
592 414
521 740
483 689
154 131
231 10
10 390
1022 94
788 15
672 865
389 800
905 645
959 56
793 364
984 864
889 289
344 463
909 906
30 660
1000 388
1064 310
34 491
502 1017
322 346
1005 701
929 1078
997 200
646 76
1090 1072
269 1061
648 227
64 944
936 533
90 717
1092 140
91 509
84 661
25 914
515 929
291 585
444 554
88 686
465 780
896 258
414 569
42 85
760 639
832 55
664 491
1070 669
601 231
692 346
110 383
1067 315
90 455
9 491
148 358
627 965
224 42
897 672
618 599
492 2
795 257
779 817
593 91
976 553
375 42
21 694
564 788
937 136
604 696
857 931
992 201
1044 238
543 996
857 1081
127 386
444 1074
547 87
494 198
371 320
665 621
640 744
1001 1064
77 377
1023 822
548 139
637 1068
945 101
851 913
506 849
25 988
335 1040
128 673
536 359
1067 359
932 883
731 473
1076 41
83 1002
211 548
852 1012
964 299
989 292
736 81
893 617
554 476
486 535
415 898
876 544
699 789
821 759
133 1059
60 721
290 574
758 158
554 340
89 855
663 1089
251 330
352 134
45 738
641 369
693 1056
789 505
338 819
427 469
837 528
476 841
324 51
656 618
606 583
444 939
727 385
86 196
483 187
539 97
1043 878
936 1039
684 364
622 797
423 651
631 868
413 208
1045 340
109 358
309 706
230 909
36 1056
50 275
468 813
665 1088
403 437
32 335
582 880
997 850
398 241
411 282
14 833
589 467
272 1090
71 11
63 14
345 212
798 994
794 62
583 920
352 755
651 851
36 777
671 441
430 355
29 361
565 526
844 933
948 81
800 503
97 811
373 986
582 94
318 1089
213 215
155 734
771 499
418 819
68 727
39 876
234 144
85 697
207 155
330 279
439 1000
152 309
500 573
811 791
813 584
825 1093
542 474
786 108
431 240
18 512
490 536
554 470
370 386
834 1090
473 1062
874 188
370 689
648 300
1027 214
103 720
256 792
829 240
311 365
459 49
891 982
992 854
1056 1006
640 561
204 305
597 566
139 396
1014 837
369 855
943 165
886 851
52 363
212 335
241 554
20 1028
376 546
792 213
630 932
903 52
990 838
956 67
730 167
296 975
910 103
517 439
542 605
798 310
818 612
703 764
508 680
1007 920
885 995
112 7
909 267
612 971
573 556
708 446
1033 185
689 100
592 443
962 577
264 691
679 628
372 57
147 333
719 406
379 246
492 394
129 317
699 295
995 374
948 489
779 572
737 319
760 684
672 486
83 631
1039 843
60 703
228 837
678 615
418 106
1 785
13 460
414 1096
694 409
760 209
1097 484
1091 401
129 833
721 631
739 955
751 436
52 974
843 188
444 104
680 1083
811 429
787 459
848 1022
1014 90
987 194
952 371
456 501
301 126
919 196
760 940
281 424
551 510
649 635
209 364
614 465
704 499
153 17
619 610
718 777
409 848
352 176
291 590
999 813
686 190
788 1038
780 543
980 416
547 871
248 879
928 1027
1080 579
299 880
151 987
33 1009
685 784
247 645
1004 190
377 857
123 98
1099 179
883 1050
77 361
456 152
297 256
911 667
740 23
623 871
225 378
571 661
536 79
940 896
186 209
361 589
1000 607
706 851
540 247
68 544
356 86
314 372
901 505
333 203
235 976
1011 389
139 275
731 900
893 627
948 1031
474 191
11 727
1066 252
384 266
826 72
532 961
772 636
434 410
760 394
95 1050
185 430
387 593
1081 869
903 680
562 513
156 718
698 1056
98 236
299 2
1014 804
421 630
892 594
72 1012
103 883
206 353
157 330
798 272
134 725
119 895
295 620
199 532
269 1033
915 19
511 756
16 291
201 343
711 905
867 473
792 569
967 266
301 870
215 852
758 777
1009 19
423 88
997 154
1064 373
940 597
762 57
173 297
101 852
948 558
1030 675
604 260
339 941
630 286
786 555
204 775
359 809
1088 175
706 291
61 670
108 604
819 786
135 52
806 418
268 858
890 608
398 770
320 208
864 949
696 803
1083 698
23 928
772 756
13 185
605 1036
394 691
621 709
254 121
145 88
446 437
291 589
61 772
834 948
992 589
501 276
860 889
64 983
762 244
567 25
638 282
660 118
752 694
1005 601
475 163
585 152
566 625
88 361
581 857
969 872
99 212
76 125
1087 580
581 827
437 115
970 301
974 344
355 523
673 718
850 73
189 824
741 344
783 381
1058 998
848 386
277 504
371 780
1089 56
22 545
1041 191
797 347
356 689
179 737
536 555
44 994
745 4
138 256
855 167
1040 402
170 542
199 963
829 962
729 716
67 201
468 99
139 804
481 182
645 638
791 943
24 260
986 154
741 238
100 137
623 1070
464 1031
473 439
1045 367
12 405
1012 40
115 86
935 24
1074 698
507 317
635 516
205 447
598 493
765 516
280 550
980 91
648 187
23 998
370 191
882 1060
812 132
1055 408
365 690
248 24
576 446
493 885
1057 455
162 532
493 139
950 176
853 547
38 1008
531 138
766 65
619 603
784 589
348 1000
4 578
785 57
440 668
438 1048
162 780
700 521
511 579
842 325
905 197
525 892
88 85
41 75
648 454
258 918
119 1090
152 245
468 957
233 630
131 375
781 666
658 271
930 502
448 1048
166 97
336 782
195 319
935 268
974 785
716 970
339 265
99 268
660 766
764 684
764 266
229 131
962 754
1014 408
926 741
743 5
608 499
614 1053
211 431
506 582
251 785
1043 510
41 477
533 685
459 686
26 940
775 721
44 708
931 315
11 382
313 900
769 130
659 541
361 887
309 1026
1044 949
564 737
8 481
343 163
60 117
720 243
500 151
314 420
225 469
913 489
518 364
701 187
10 84
494 936
738 1023
318 39
61 335
80 435
478 86
393 150
255 140
212 645
298 1061
490 162
58 215
1045 699
868 192
290 241
439 71
895 600
884 352
163 476
783 61
984 1066
1013 891
399 861
609 721
655 905
634 985
38 285
243 932
437 124
120 462
158 837
239 682
567 1035
807 156
26 172
758 252
297 140
496 342
469 1066
523 142
975 679
384 1099
52 563
428 31
515 334
147 697
994 566
223 122
730 1006
860 308
929 368
921 322
119 497
988 424
570 458
695 687
716 869
809 405
781 201
527 792
619 225
796 215
416 360
524 220
1084 540
194 135
60 337
2 431
535 752
791 875
539 796
614 302
127 1072
610 651
457 680
608 863
40 1029
972 67
1045 158
318 369
547 690
410 848
869 849
147 902
746 990
1084 1053
217 253
219 724
477 86
224 24
1028 588
777 1098
68 1059
733 330
178 697
1024 726
1018 358
380 1083
108 902
230 235
90 270
181 848
310 819
403 788
16 518
402 857
764 715
676 349
231 528
93 969
43 872
698 290
141 350
218 493
1097 837
375 373
467 109
565 211
976 583
752 651
63 250
964 149
394 9
393 672
158 581
67 1075
780 509
931 599
717 869
769 481
182 206
693 281
309 436
1094 37
973 2
859 759
154 632
1027 988
967 62
774 910
43 994
439 1035
114 1039
342 2
450 421
17 181
422 1034
1092 206
460 148
1096 737
630 602
168 491
698 808
401 698
413 800
440 450
570 64
953 1092
58 91
228 163
20 955
495 689
38 765
782 355
28 315
80 32
977 687
625 410
277 211
1045 30
967 614
925 233
1022 715
814 723
818 711
930 71
900 938
736 41
606 125
988 1040
924 26
324 357
845 464
260 656
1010 328
838 868
491 784
306 1060
345 661
722 541
971 341
148 372
833 904
49 682
860 176
102 108
451 12
909 901
75 791
32 436
720 833
418 691
706 847
100 971
891 96
582 726
197 455
1002 417
877 134
360 790
943 562
1005 222
1038 296
708 185
499 786
1017 546
567 217
1065 344
80 206
377 867
560 151
685 945
863 699
948 911
38 1025
136 930
36 571
42 521
139 267
771 426
346 600
933 221
171 923
738 1060
575 731
760 92
284 802
591 920
906 774
25 920
333 9
506 561
172 97
361 949
275 280
964 647
244 771
998 960
1053 372
505 435
1073 554
154 50
398 289
779 520
119 442
717 963
952 443
950 606
958 886
750 299
196 940
258 317
812 261
289 935
1054 524
610 485
966 398
194 392
215 476
660 172
914 616
874 743
1076 1033
369 968
1080 82
83 744
154 535
87 336
366 282
967 120
377 383
627 744
1029 1082
643 400
545 49
588 522
810 514
1045 622
339 247
745 126
479 207
645 177
662 152
138 16
352 85
382 559
896 65
817 649
993 561
845 363
193 684
1059 1035
319 710
28 584
753 585
803 27
420 268
325 32
74 656
422 732
101 838
190 330
532 576
134 180
371 712
599 657
737 348
177 171
316 136
333 726
245 790
662 136
17 1049
383 105
1006 98
363 669
178 562
622 830
558 653
978 342
940 766
306 1032
393 608
168 770
805 984
655 492
338 304
598 245
672 8
936 374
463 671
652 334
180 506
849 129
764 812
689 1020
67 689
837 1047
536 6
115 1052
1095 656
867 175
779 1099
80 1047
21 647
602 833
499 962
729 22
987 940
83 2
424 612
761 939
571 557
1028 337
711 152
441 625
18 489
137 455
878 387
936 752
803 630
356 1082
866 561
272 908
666 996
513 74
8 175
445 344
230 225
379 1067
918 282
1083 136
67 308
561 172
613 883
986 675
586 541
18 995
433 496
373 243
665 903
158 48
794 561
429 302
414 372
840 613
436 267
1093 134
767 38
1078 1062
538 874
485 347
254 939
635 247
822 231
45 506
118 200
828 70
491 926
396 781
557 579
317 27
1038 301
417 447
1090 309
509 637
307 938
1096 216
218 726
330 59
73 48
877 851
96 1054
243 869
291 806
715 1034
249 101
438 505
609 946
52 670
496 530
1050 598
626 754
414 347
857 29
551 981
289 206
790 33
321 338
176 829
564 578
59 1021
997 364
122 49
344 1020
832 167
852 253
66 373
83 339
371 129
442 950
1067 746
570 833
896 16
744 434
588 133
1066 114
61 387
380 970
688 1055
400 480
946 376
990 702
956 234
632 682
966 167
102 482
305 1099
1053 213
392 590
641 646
908 394
504 639
130 956
627 926
193 331
1004 913
145 75
215 166
76 775
13 482
673 600
292 39
351 837
262 670
763 850
47 617
245 904
772 572
753 920
52 94
784 783
667 148
667 495
80 725
1001 289
602 11
384 1097
316 346
976 600
925 110
991 542
542 455
998 455
547 727
627 718
883 578
372 30
258 403
279 753
257 252
940 980
777 888
134 880
656 817
449 1069
292 437
835 347
445 577
1016 162
519 42
703 616
454 727
42 578
30 1016
332 875
877 459
1061 597
1071 807
572 408
1076 259
120 602
891 1084
226 191
717 100
425 793
133 321
304 1094
519 836
5 766
179 151
1054 493
607 701
899 781
1010 155
59 159
463 703
260 1003
596 724
799 857
533 516
344 891
936 336
860 677
988 994
431 840
484 873
412 800
1024 652
595 385
761 463
446 670
117 2
200 371
497 73
44 459
274 324
483 1074
767 1045
490 305
1017 210
10 835
662 412
337 563
848 689
390 265
658 632
17 735
1085 681
237 70
985 832
501 429
153 776
616 505
95 1094
783 271
700 291
447 38
863 245
891 602
683 202
840 518
116 692
310 447
800 224
475 394
326 341
70 726
685 369
572 358
293 799
164 123
344 16
602 378
553 668
683 1087
763 43
634 230
1039 61
24 778
556 247
224 99
157 560
868 672
130 355
1088 88
387 345
606 1044
518 539
150 160
341 62
636 450
621 375
460 706
139 755
602 625
440 597
965 852
1093 431
613 1002
356 960
701 1
953 191
112 165
1078 830
721 55
272 361
976 375
906 822
904 224
209 829
971 152
1005 1
329 1023
59 457
323 426
966 361
971 780
262 693
437 629
491 296
872 437
1047 706
690 574
795 505
961 579
50 984
416 408
839 402
763 816
150 677
942 407
101 982
650 95
312 539
817 1050
213 356
889 492
1066 933
1047 85
137 280
958 1039
11 584
699 605
926 245
574 680
443 657
362 22
416 1081
246 634
629 919
336 840
819 587
802 225
510 811
231 51
713 962
1036 767
1030 963
707 749
805 575
505 325
514 26
138 475
657 583
526 459
269 944
902 43
824 395
874 997
512 566
159 298
1035 97
674 347
743 797
994 399
729 693
1006 455
219 245
887 824
317 1078
1086 520
480 481
825 277
106 614
369 996
579 597
1050 529
2 588
936 1012
199 158
204 473
607 16
645 344
124 1061
282 868
16 529
633 434
69 485
659 191
124 373
699 56
444 726
450 428
330 201
984 151
1052 375
842 467
1063 136
242 739
242 63
614 1048
258 711
12 422
1026 968
90 130
742 852
11 78
111 780
647 304
1056 570
751 532
878 138
184 1081
1079 1012
906 1002
161 27
1046 340
1028 280
10 273
497 663
392 35
4 412
865 760
117 1077
251 979
283 130
905 841
699 822
291 196
123 1069
705 1047
443 224
997 354
117 922
234 552
860 862
637 597
367 1002
956 283
41 707
345 452
300 1022
327 1052
721 216
285 256
933 685
518 99
254 612
262 862
785 106
815 871
291 387
32 975
846 757
610 172
894 847
348 816
112 49
869 215
313 131
512 555
18 461
1085 959
911 627
469 122
237 338
395 111
654 783
1028 490
399 524
809 243
625 778
952 422
690 699
1007 997
19 18
823 965
853 837
1009 172
807 842
145 61
502 967
763 964
200 998
480 487
752 62
796 116
964 1063
155 306
804 237
934 867
763 106
590 853
234 988
208 183
75 431
24 674
19 454
227 686
454 118
37 912
982 806
810 918
615 882
345 365
902 491
113 740
90 354
936 609
1054 1009
15 678
98 322
1028 23
1028 146
372 718
514 968
653 513
1023 270
1034 741
772 995
923 131
938 449
272 489
105 833
841 375
57 383
59 695
449 126
523 132
679 201
78 674
948 294
599 650
665 610
371 14
753 91
74 683
1084 464
641 205
1057 1088
1065 20
241 817
226 548
220 446
512 190
293 54
126 498
695 14
465 441
754 790
371 777
706 733
156 522
224 968
202 737
795 91
170 747
587 159
158 536
869 995
803 714
21 143
536 429
354 930
783 809
446 106
166 793
856 120
251 1056
650 425
593 19
258 1045
1044 1001
97 250
24 843
1089 853
46 36
564 309
324 665
38 836
863 73
634 829
778 535
218 619
417 381
270 596
820 646
146 186
846 180
622 516
336 29
461 534
895 648
798 7
639 704
1096 778
589 410
393 892
37 540
111 1028
709 221
550 507
1022 759
31 515
299 594
976 684
28 22
220 826
686 1098
290 644
5 778
1037 98
692 501
1002 279
928 890
562 1010
1051 826
732 253
1021 102
767 685
652 391
760 934
389 19
70 260
77 440
916 535
884 70
1025 399
303 101
165 954
958 752
514 1060
216 870
686 809
203 996
449 812
956 924
101 546
84 799
1050 1026
751 114
239 733
149 130
162 856
657 948
949 277
108 588
466 852
303 87
285 276
654 293
204 546
224 168
494 407
529 84
1085 952
113 366
285 169
424 162
324 306
752 351
681 715
489 627
805 824
600 932
621 394
978 575
842 174
714 155
284 218
893 108
121 307
694 712
160 973
49 908
337 427
503 133
900 174
990 470
133 139
183 963
1088 1013
1090 917
285 281
309 136
594 387
527 553
953 475
577 869
127 255
821 231
74 428
598 661
627 320
950 428
262 107
237 1018
308 758
479 218
141 238
515 546
785 910
59 111
226 402
609 858
542 1016
399 857
461 1030
218 856
600 184
203 458
838 366
61 323
846 547
227 304
1039 80
1040 215
763 9
1084 345
611 70
830 947
234 641
320 1014
378 1044
428 15
54 226
622 133
793 490
1092 763
325 185
64 913
145 673
895 208
872 793
424 669
556 110
1076 477
672 58
774 275
636 904
461 793
970 399
875 560
932 838
760 1051
873 516
259 51
392 223
539 575
531 901
583 1043
268 6
8 324
210 564
1012 630
828 183
142 357
455 724
656 534
1023 660
1084 977
843 258
964 1090
549 514
894 799
724 50
970 853
656 376
209 1057
69 408
593 335
814 112
733 50
941 860
695 555
817 869
57 91
700 235
595 1090
260 59
671 256
1049 867
247 429
26 880
326 241
309 515
369 279
786 531
210 884
1016 521
1075 432
930 911
19 858
309 170
395 223
348 443
426 649
584 891
208 529
531 829
962 248
576 107
209 764
910 818
1098 295
574 870
371 1038
31 143
1023 341
750 542
508 830
972 635
732 516
699 293
869 867
520 500
126 573
1048 822
281 522
1057 898
667 719
538 249
176 93
1065 11
625 852
1069 130
862 1026
827 208
726 950
694 780
176 79
608 203
490 321
62 235
216 131
67 745
382 923
519 373
384 959
757 60
122 771
272 988
947 20
229 138
509 234
332 912
566 771
310 542
988 473
29 48
395 849
694 843
1065 310
565 853
1004 566
1064 1025
312 851
138 689
452 993
362 325
331 770
27 1027
702 220
1 299
59 76
453 226
830 898
258 123
563 226
328 154
530 138
659 983
389 62
902 650
645 549
634 623
1093 932
583 643
938 1090
258 194
683 168
99 71
954 512
730 348
44 684
897 322
613 297
54 616
568 493
481 361
401 801
623 98
278 1031
433 782
237 276
416 93
598 163
505 28
94 364
804 853
198 888
333 643
669 563
243 910
197 47
551 694
534 966
104 1093
271 128
714 555
873 1034
134 458
284 325
1092 717
125 1068
633 882
184 74
744 730
382 704
464 493
927 167
138 469
857 306
511 199
499 626
698 95
126 412
700 107
604 914
337 1077
123 216
517 831
270 1015
367 799
554 442
1075 721
157 1080
564 234
204 913
763 263
1066 936
467 1032
11 232
537 126
381 234
63 672
880 443
432 774
1039 238
875 709
975 666
539 794
610 980
313 78
321 73
435 577
12 387
10 613
96 364
93 309
751 406
411 399
837 929
211 798
543 1093
264 295
617 363
794 649
247 64
363 1007
967 891
175 825
715 719
514 552
1089 717
641 324
890 659
661 761
1011 896
153 580
450 1000
422 513
333 765
349 748
465 113
239 804
49 822
496 336
77 634
882 196
15 314
1060 728
985 1072
717 488
230 881
190 1018
223 754
954 23
1034 683
272 189
326 29
899 760
215 117
1086 286
399 893
184 1045
235 171
1007 311
1087 312
396 393
181 732
813 172
138 510
920 507
300 306
261 924
843 2
50 313
464 544
731 927
420 934
120 1092
700 293
207 1000
808 1064
282 867
904 90
1052 365
509 92
854 584
738 597
462 357
448 843
600 728
21 971
704 272
752 327
821 798
640 17
376 67
642 250
89 633
455 1084
556 555
128 107
822 803
820 349
110 1016
1056 647
160 294
1029 978
323 114
92 892
499 951
803 419
642 629
434 549
1014 1008
632 138
965 72
263 1042
1024 943
84 9
505 133
485 768
20 15
312 1001
860 853
567 727
999 556
836 277
1031 637
808 640
1035 550
661 501
997 1074
380 361
1009 1071
181 653
446 707
961 319
458 447
52 158
138 268
247 119
907 973
814 533
124 487
83 831
775 569
787 66
50 1073
668 445
381 776
485 1049
375 33
1062 539
641 628
539 128
99 377
1022 841
298 1018
824 998
605 18
651 1099
951 320
825 47
741 769
214 823
481 119
178 68
772 851
33 609
1062 610
154 637
1032 885
366 443
226 1027
30 725
1056 246
990 637
602 895
280 254
38 62
1080 651
439 742
426 1062
963 219
1045 839
395 1021
265 934
1091 142
169 6
191 718
113 1066
313 1025
132 573
523 834
175 695
250 792
795 214
903 676
276 772
817 22
1006 372
516 198
205 405
153 666
1015 572
593 288
544 515
938 802
798 67
175 610
747 509
500 759
299 653
729 822
855 391
653 1011
680 411
526 355
1077 760
878 684
911 677
588 891
348 542
817 985
286 322
1029 417
1 52
487 144
940 300
438 656
226 434
1055 1005
220 1005
684 403
599 409
644 573
346 696
180 553
352 645
151 301
1023 475
76 80
870 387
644 1068
58 566
1036 237
39 23
804 733
132 1000
561 704
1084 322
873 232
780 86
201 15
959 328
829 429
977 47
885 107
275 801
574 458
1029 926
1017 191
340 951
734 184
947 143
1002 446
753 582
322 525
173 336
427 533
847 730
66 989
351 159
194 678
930 607
835 45
411 584
911 765
291 244
464 1018
466 1054
305 996
338 53
22 256
911 575
1057 574
768 857
180 437
136 425
1082 138
1019 1018
573 635
436 910
495 195
730 3
888 820
628 508
1028 605
945 591
40 453
1023 213
340 52
694 43
681 1050
965 113
531 382
742 606
79 811
242 370
703 99
1025 456
209 694
844 954
255 689
209 562
941 507
1091 799
999 294
474 566
594 224
176 1086
700 821
749 1060
234 55
682 999
779 743
1049 248
217 614
767 978
736 749
632 410
939 43
1045 422
755 889
79 614 986 564 241 589 406 1022 599 591 780 729 1098 226 826 1008 916 1043 151 182 573 575 685 966 925 781 419 158 239 741 645 1083 703 198 985 686 50 968 751 766 327 432 538 18 311 572 54 494 486 299 739 750 104 914 391 516 102 623 15 597 332 319 63 147 777 974 1073 456 638 969 665 804 74 246 986 887 59 391 832 862 77 28 133 110 13 1077 34 51 255 96 539 437 1038 1071 390 341 289 117 516 995 633 622 829 1088 407 456 748 200 388 149 629 503 231 994 775 1046 107 747 625 11 882 973 358 522 164 436 363 250 747 992 891 351 981 228 360 347 447 856 43 1065 475 152 397 1038 651 585 688 857 35 848 103 412 573 431 916 497 732 713 303 138 14 71 734 505 981 405 537 188 1058 888 90 787 598 202 504 834 812 783 250 11 769 1071 282 99 997 328 110 739 547 160 220 92 826 510 610 822 319 494 649 550 394 1063 934 812 1 748 146 866 626 508 895 256 338 745 528 560 537 1067 1006 718 226 78 471 468 1074 448 562 774 794 1082 762 145 948 698 239 411 6 710 214 1094 16 11 679 247 951 955 574 99 422 332 852 540 942 745 133 417 297 560 1044 748 554 873 798 500 78 469 954 1056 306 37 748 178 1060 976 301 353 1076 456 176 447 996 11 372 962 571 650 262 345 775 422 941 492 785 1089 524 393 269 611 128 1079 480 774 756 639 488 924 506 980 871 67 378 63 590 826 168 51 452 994 456 697 63 466 412 821 532 418 1039 1031 825 169 159 96 477 111 37 824 796 851 265 402 669 163 800 879 349 569 209 957 500 357 357 831 739 676 734 92 502 867 132 108 645 767 800 270 679 459 396 361 257 254 181 283 632 492 222 537 816 674 397 805 612 65 718 499 587 804 765 700 491 1019 823 986 19 943 478 638 1058 651 262 895 948 1067 294 13 447 529 786 501 535 1016 1065 485 114 182 77 862 708 803 475 779 879 1056 1013 627 969 774 275 640 681 30 217 561 765 561 156 252 522 997 643 332 1044 858 481 548 126 525 184 18 635 748 698 1080 765 305 625 1001 759 698 933 712 463 715 394 453 1051 779 396 824 396 880 1080 115 290 703 745 677 554 929 697 377 726 1052 1059 230 95 1064 593 417 142 1075 142 28 453 646 556 940 438 253 110 1073 656 310 742 769 1076 978 794 564 237 1010 966 904 753 834 951 441 322 694 502 428 358 813 343 110 553 1060 244 971 426 1017 374 843 269 703 453 271 867 287 953 1018 494 130 230 812 995 769 517 897 163 850 762 1082 466 202 747 521 516 277 510 603 21 1078 316 422 991 1036 300 861 217 911 722 275 903 1035 306 42 312 235 189 985 960 956 468 640 576 634 387 327 62 1034 970 471 670 342 29 842 177 760 1022 410 323 684 964 921 675 319 239 704 938 176 602 1039 406 292 635 176 197 162 856 307 932 300 462 622 206 127 749 827 60 56 502 590 970 561 113 870 343 421 322 1054 193 614 748 439 404 247 251 34 729 876 1074 925 438 562 492 483 766 923 472 15 577 711 1017 9 1038 702 743 1020 875 808 27 970 693 1054 923 863 438 405 984 412 237 134 858 946 496 718 710 279 912 586 878 335 338 21 22 1065 350 256 582 798 37 1091 607 788 383 106 881 523 23 1065 994 117 647 145 107 966 481 939 590 684 787 519 680 376 1027 788 857 825 950 416 651 384 564 27 851 467 919 611 503 823 1039 186 767 414 726 679 673 442 1049 650 855 738 400 165 926 279 298 1022 607 155 266 205 992 999 344 526 291 285 788 467 306 1069 420 110 274 205 1042 107 149 238 1091 534 5 971 411 174 440 704 792 130 276 949 506 472 266 164 502 145 692 551 680 286 1048 410 30 803 416 367 767 664 745 729 769 326 744 492 1052 108 358 143 241 371 680 72 231 1038 540 553 122 495 692 274 810 37 232 22 957 569 432 637 154 667 599 813 36 932 981 610 710 948 306 887 137 436 559 256 521 766 904 256 88 697 903 317 752 380 279 19 423 69 638 450 516 3 94 537 1091 660 712 1070 71 318 19 1048 23 330 145 23 645 85 928 44 779 1034 969 244 749 504 943 328 367 685 51 818 964 92 967 1048 229 291 205 714 613 510 32 104 1011 1074 412 1044 316 326 467 64 151 986 70 285 757 425 363 1047 234 408 914 669 109 1014 896 22 1069 759 879 591 326 345 301 245 786 856 192 198 627 540 10 1087 180 1089 539 501 803 668 961 647 909 717 745 297 584 980 1061 513 713 1055 917 1064 237 867 200 1008 1084 663 982 635 111 300 968 725 368 932 627 667 280 598 372 742 280 1018 474 521 29 686 146 648 102 335 80 526 547 39 1066 245 384 162 684 75 499 448 62 102 931 542 456 1077 254 169 357 56 261 847 477 262 718 300 841 930 593 497 128 950 339 1055 626 577 893 888 603 179 343 188 189 146 804 434 102 175 633 733 400 843 608 373 781 912 204 486 994 352 1053 94 626 441 1093 1030 311 382 583 796 814 737 264 131 395 786 61 145 638 570 424 673 317 165 572 493 161 436 607 205 1057
