1999 2997
1805 1752
1805 1621
123 1763
316 1805
1456 427
1805 1375
125 1805
14 40
1805 1190
886 1805
1430 1805
1805 994
178 1805
1805 550
1805 576
1118 1987
1803 1123
1805 1652
1508 1805
1805 1530
1805 890
1805 904
1285 1262
165 1504
1185 454
529 1805
522 1711
1805 1166
144 1805
704 1805
1616 1805
1764 1295
1805 730
612 896
255 1964
476 1805
1435 1805
1302 1805
1889 1208
259 1246
1181 821
1805 1349
1863 1805
1805 684
205 1364
1204 1805
437 1805
1805 227
1805 1295
1805 40
1805 1434
1621 1373
1805 1403
1805 1106
1807 1631
679 1144
282 1805
1110 1805
1255 1805
770 1226
1805 611
739 1805
89 1805
825 1663
26 1760
765 1805
1805 1865
720 1395
640 404
1805 806
1187 1805
1805 1002
1636 1805
1805 166
1805 1338
500 1347
1805 1734
1079 1805
928 1805
1526 1989
1266 1805
1721 562
1805 786
493 1805
134 1805
196 1935
151 1881
76 1805
1805 378
1805 477
236 1354
156 1805
1145 1805
352 275
1805 679
322 1805
1805 1036
1692 1805
933 1805
1805 639
509 1805
487 131
246 1675
985 1805
1805 817
1817 1923
1805 48
1016 1805
283 713
325 1008
1805 1154
83 1805
1321 1355
1805 1790
380 1805
1804 1805
358 21
512 1805
1512 1655
1805 1860
1789 1805
1910 1786
1278 1805
1563 1335
1590 1805
1317 1805
1805 352
1805 1964
1729 1634
95 1805
1676 1893
1419 1098
3 1805
1805 1808
1805 1425
1805 536
1805 1993
915 95
1287 1805
1805 1502
1805 595
291 549
1805 1760
870 1243
1007 1805
625 1805
1481 388
61 1805
1805 1924
845 330
1056 1290
939 1867
1503 1805
779 889
665 1028
1805 1055
947 1805
1805 136
1805 953
29 1805
989 212
1129 1469
1805 1889
1805 888
1805 1814
598 66
265 1805
270 477
1101 1018
81 1146
1805 1043
1805 119
1142 1678
1328 1805
1805 92
1805 976
1805 1728
1681 491
1805 774
1107 1805
1300 435
755 773
1805 1661
1117 688
1561 1805
1805 1001
206 769
1777 1163
1805 1714
1805 788
1805 142
1698 1805
1805 221
548 1805
1307 1441
1911 1805
1805 1485
397 1805
1533 1805
161 1805
1805 59
187 248
1279 703
1805 554
1517 1805
578 1805
1805 1347
668 1351
1955 1805
997 1805
385 1805
438 976
990 1805
1805 1577
1805 372
728 1805
359 1805
1805 1654
47 1116
1164 804
1805 1497
781 634
656 1805
222 1647
1805 869
823 1415
618 1805
1993 453
1118 1805
551 1805
1172 2
1159 1805
532 380
1805 804
1343 1948
1805 960
1343 1805
1633 1805
796 1805
386 583
1129 1805
1840 1805
327 1805
1805 1916
1805 283
348 594
1805 1428
1805 1925
970 1057
1805 472
405 1981
110 25
1805 267
1805 1468
1805 649
1623 1805
1805 336
1665 1805
1922 1805
1858 393
586 706
542 1822
625 722
194 1805
34 786
1805 299
528 860
1741 1145
1065 964
923 238
91 563
927 1805
1775 1805
581 1805
1805 1736
1662 241
1805 831
1326 1805
199 1805
1805 1913
1843 1861
1716 1269
374 1805
1805 12
289 1805
1050 1805
545 1805
1619 587
1990 1805
1805 1290
1016 1536
973 1805
1452 1805
1657 1805
1805 1806
1856 1805
257 1805
1805 1171
1805 1335
1805 792
1805 1845
339 1805
615 1805
1584 1421
1805 506
1805 67
1805 395
1805 206
954 1805
457 1805
1805 1405
943 611
1805 1046
1161 1804
1684 1805
584 1154
1556 1805
1670 1805
1068 1805
1857 1805
1805 189
1872 1805
811 784
177 1805
1585 1805
1805 912
830 550
1805 1149
38 1805
1805 1063
1805 1861
1805 961
1805 1715
559 310
1805 1867
1669 1805
1509 1805
1805 1421
1805 367
1805 1367
848 1805
880 1805
1917 1805
771 1805
295 1348
1895 574
1174 1019
1805 1286
1805 833
1072 496
1805 1398
1783 312
394 296
1221 1805
1805 998
1973 1805
1805 1900
1005 1205
1199 1024
1495 1805
1389 1805
1060 1751
1026 1805
1805 969
1886 192
1920 1805
1834 463
1805 1203
1224 1805
1696 1805
1805 1828
1805 1946
753 589
155 1805
971 573
1210 1805
1637 1805
258 1771
1133 1805
1610 537
1805 1741
1917 93
649 1013
1969 558
351 1417
1805 152
1805 518
1090 1805
1501 1805
1805 430
1805 10
1859 1805
1805 402
1805 1169
307 1805
1805 1855
208 1805
1753 1202
1570 1805
998 1685
744 887
731 1875
1768 1805
1527 871
1364 1805
1401 1537
983 1805
861 900
671 1063
1392 1805
1457 978
1805 1956
1805 666
1805 992
1805 383
297 1805
145 1805
382 1805
1805 746
266 252
300 1805
256 1805
1832 987
1805 1614
800 1805
424 1458
1257 1805
1829 1805
1476 1805
1805 1418
1805 1308
1520 1363
1805 1975
779 1805
72 318
249 1007
1779 1805
321 1805
148 1805
97 13
163 1805
323 168
1111 1629
1805 69
1887 1805
1538 621
513 1207
1805 1726
1805 1028
1876 1805
1896 1805
1805 824
1957 1805
713 1805
308 1805
840 1092
1761 1805
1805 1021
1198 831
1805 1465
876 1805
608 1805
59 1495
1268 1805
1393 1805
1805 630
1201 1805
1843 1805
1091 1805
1062 1805
1805 346
38 1573
1805 241
1805 1796
1805 838
1934 1195
1706 676
1805 1831
397 897
1577 1997
1805 1074
291 1805
1585 1791
576 51
247 1805
1718 1805
1322 1805
1566 1805
15 1911
1805 587
1890 197
1805 1104
1805 689
485 1842
1717 1805
1952 1583
1805 1991
540 1805
1827 1805
1805 999
1023 1357
1644 1090
588 264
1434 1375
1635 391
1805 1774
886 1679
1971 1713
253 1805
644 1805
1579 1805
1301 1805
1150 134
281 1805
473 347
1805 1082
315 1276
1805 1158
1805 1134
1223 1805
1805 1531
1805 970
1805 672
1595 1894
1805 1694
1805 1419
1797 1828
1576 1805
1499 946
1805 1400
203 1805
1708 1805
1805 1690
1096 1677
346 1361
1344 1805
1986 1805
1759 1372
1805 68
1214 1805
1805 1523
1406 8
1048 213
1805 1115
314 1805
225 42
400 1805
1945 1984
694 732
280 282
1847 1805
1263 765
1805 1206
1805 1337
1805 1209
1805 174
894 303
1478 1946
1805 575
888 1340
1627 1986
622 1805
1505 1805
1448 1805
1442 1805
390 1673
1914 1594
192 1805
726 261
1805 464
1132 1805
941 1805
304 1805
782 1805
1217 1476
1318 36
496 1805
1237 1184
510 1805
1805 638
1805 508
580 1805
1805 695
1805 36
1805 785
1805 1536
826 19
1088 1805
1483 1183
1729 1805
1805 28
1029 1805
803 715
984 389
1505 1493
1805 1048
1821 1805
109 1095
1805 1606
1534 1805
22 1805
1805 1146
1521 1805
1805 450
480 1954
1805 1639
1207 1805
1784 1224
1805 1271
1429 1805
1805 132
435 1805
479 464
251 1524
1805 1345
1805 819
1805 552
1805 1676
177 748
993 1768
1805 305
1072 1805
918 498
340 1882
1805 112
99 596
304 1808
51 1805
1023 1805
1805 1433
433 1805
235 1805
500 1805
369 1805
1805 604
1893 1805
686 1816
350 1805
1702 1805
1311 467
969 190
1805 240
1805 351
309 86
1805 1874
1498 1670
1805 1161
471 1805
96 175
1967 859
135 1805
1724 1805
210 757
1805 1252
1805 1475
777 220
1559 1805
1805 696
1069 1805
113 1709
1805 131
499 924
1805 1153
1805 159
1805 1822
401 1805
121 1805
1503 807
1805 955
768 1805
1805 57
708 1805
1582 1805
1030 1381
1805 720
1781 1897
1431 1761
774 278
1432 592
1851 1805
815 1805
1953 1805
1805 1281
762 851
1254 160
232 1805
681 1805
917 999
1574 1805
1898 1805
748 1805
370 903
1805 859
1061 488
1805 641
651 740
1548 1274
1805 1578
58 1805
237 1474
1805 1125
314 510
1805 885
1805 1689
863 818
1805 922
1777 1805
1805 1902
1438 11
1975 194
150 1805
108 231
220 1805
1012 1213
1805 1334
1854 1749
1805 756
23 1615
1805 757
1805 293
259 1805
1805 621
1937 73
1211 458
1043 630
1198 1805
1313 857
1701 1805
591 1810
1984 1805
1805 798
711 1153
117 1805
1805 1119
1805 1799
1269 1805
1805 1897
1805 635
717 1440
1805 425
129 1715
1628 360
430 554
948 1805
1805 1297
1805 1572
723 543
1829 716
143 301
424 1805
822 1805
1999 1159
1123 1805
610 445
980 1805
203 1736
1805 697
752 1251
1805 1461
1805 427
990 1297
1805 1769
279 648
1805 716
1805 719
1622 1176
1776 1805
1468 1420
1805 1742
1769 980
1805 1436
759 1805
1936 1805
1904 1248
1805 813
743 1805
1805 825
599 948
839 1805
1805 116
280 1805
1334 1448
1805 260
1805 1899
1795 1805
386 1805
516 1805
1805 764
1567 1333
1805 504
1805 675
1805 1890
1805 1189
820 1805
1805 1547
1805 968
569 1487
1767 1277
1463 1235
1309 1329
931 1805
1805 1522
1826 1271
383 28
1199 1805
1805 1545
1590 709
1805 1052
907 1805
1805 1126
1038 1805
1805 660
1805 762
758 535
1439 1099
916 1050
1368 302
345 228
1524 1805
728 1669
1805 377
1703 489
520 1805
1805 1819
580 1443
1020 1805
1544 912
521 1805
1283 1496
6 199
1209 735
1312 1805
964 1805
1546 1805
828 1223
1437 801
474 1805
279 1805
384 1805
1918 1805
1078 1502
98 1405
1511 1805
1805 485
1805 1361
1805 1912
1805 758
374 751
787 1905
1135 1805
1529 1805
533 385
1674 1805
1135 1017
1462 1805
1611 1805
1805 1234
301 1805
1805 399
1805 18
1805 439
1805 1948
1805 1075
1805 747
1304 1805
1805 1025
1083 1239
592 1805
1130 426
1242 217
1805 1323
1288 585
1805 732
1743 1805
163 116
923 1805
309 1805
606 1574
469 1805
1805 614
1805 740
1927 1545
1805 468
582 1805
85 1805
1432 1805
417 1020
1805 1784
1681 1805
1879 1805
545 328
738 672
431 1805
146 265
1068 78
1263 1805
556 1805
250 1805
749 1805
1805 368
1805 1329
1510 1805
612 1805
1653 1805
704 959
913 1805
840 1805
1805 1679
1303 478
1805 1989
1805 783
1500 1359
1506 1805
1805 1292
1978 1805
639 493
1628 1805
4 1052
1522 805
604 565
524 1128
46 1194
1525 1805
1903 1162
1805 1471
46 1805
1099 1805
321 1509
1805 1908
1724 446
1927 1805
1805 318
1805 858
1805 348
1756 1805
1938 1134
13 1805
1960 1805
1794 1004
1251 1805
407 53
456 1805
1805 1339
843 111
1805 1032
956 1805
1459 308
1805 1034
523 144
689 357
1682 508
388 1805
245 1805
1805 1314
1805 1470
571 1051
34 1805
1805 1250
780 1805
603 1805
562 1805
1643 1805
610 1805
962 1805
1805 1770
659 1074
842 1805
1805 78
1249 1805
1813 387
27 1653
764 1497
801 1805
207 866
1386 440
149 1805
71 89
1805 767
1805 664
1805 678
1805 1111
643 1805
1805 1895
1805 454
829 1719
1839 1805
1569 1805
1805 958
1805 867
1805 114
1805 1353
553 1846
1390 1805
1138 1805
1931 1805
329 729
1996 833
286 1805
1805 1051
1105 1872
1278 125
1376 1805
875 637
710 1805
1805 586
446 1805
791 1805
128 1624
634 1805
1805 1844
1619 1805
1236 1805
1950 1805
849 1805
616 1805
1827 1959
91 1805
991 855
319 1608
156 1178
1219 839
1631 1805
608 1171
1805 360
1365 1805
878 1805
1805 1807
1805 354
1498 1805
1348 1805
785 846
1805 751
1805 1245
251 1805
1723 1805
1805 1332
1831 895
1745 1941
1492 1805
1127 1140
1805 475
1805 344
5 216
645 1257
1805 1646
1805 298
1805 414
1192 1805
1805 238
120 988
1450 48
734 1436
1805 74
449 1805
600 1674
1830 1562
396 1805
345 1805
158 1805
86 1805
1409 1805
1805 1836
1805 900
1304 927
1625 1805
1805 127
1805 419
1992 1157
1947 884
1954 1805
1712 1717
759 293
1809 1805
100 1878
153 452
1805 1225
531 1805
1779 1739
335 812
239 336
353 1805
1589 1805
1805 1131
1253 1805
1671 1530
1004 1805
1102 1815
1805 1155
190 1805
30 681
1688 1805
887 1805
54 1805
1404 1805
1569 1978
1805 532
263 1805
1109 1805
16 1805
1614 761
75 1788
1805 486
623 1805
1160 1805
1805 1033
1529 1885
1201 1925
1461 1166
1805 1377
1568 1582
21 1805
24 1291
1979 1465
877 1805
1855 1245
80 1701
1805 1254
858 793
1805 1426
1805 448
1330 1731
631 724
1805 1663
1878 1805
1534 799
1149 881
1805 426
882 1599
1805 461
1805 856
1152 1805
1805 1336
420 1805
160 1805
690 1805
332 1121
1805 1532
422 415
256 1558
607 1955
1626 1985
45 10
1296 756
4 1805
1805 637
1805 1813
1639 410
1805 365
1983 359
1040 1603
1884 1805
1667 1805
219 952
1805 1573
1792 1371
1942 1642
1805 453
922 1990
1312 1765
1835 1805
983 1280
1071 1805
864 1805
75 1805
1805 1320
1273 1805
1113 1805
853 768
507 878
1357 1805
1805 633
1826 1805
1467 1805
1987 1805
1543 1805
1805 466
1805 1444
1805 1243
1805 911
1805 1849
1376 448
1805 1150
1512 1805
1805 1246
1805 164
497 1805
1805 1188
920 788
1805 1480
1805 1697
250 1734
1296 1805
1216 1805
459 1632
1805 88
1805 1184
1805 1402
460 456
1805 1275
1805 56
1805 1031
1066 122
1805 445
583 1805
1707 1805
1805 936
1805 133
1218 733
1805 1078
743 115
1193 1805
1979 1805
331 1805
1805 1682
1805 1493
1805 1648
995 1805
1915 138
684 1366
676 1805
1818 1805
139 1805
1197 311
547 1805
1805 1355
787 1805
1805 1258
198 1805
832 1380
1805 1709
169 1470
1805 1575
1805 1342
1805 1677
702 822
1805 946
1805 1483
223 838
444 185
1805 1618
1805 741
1805 1649
1935 1805
361 1425
1805 1397
1805 683
1716 1805
1805 1754
1308 103
1805 1766
1805 1568
1824 1805
511 1805
286 763
1805 541
1805 1011
1805 577
627 1805
1627 1805
1805 793
1805 705
1974 1805
1805 1089
1805 659
1539 1805
149 1819
1725 1805
1805 957
1805 1235
1816 1805
1299 1805
572 1805
821 1805
1805 1733
1945 1805
1905 1805
643 835
1805 1346
159 673
1449 209
1383 1602
1932 593
1805 1983
862 707
602 1700
880 287
1805 1366
1595 1805
1543 1974
826 1805
1144 1805
1238 1108
1805 1310
1162 1805
1102 1805
1818 1991
1572 22
1805 1731
1805 1136
1205 1805
1750 1805
1805 894
1805 1687
1645 90
443 1805
1805 1494
1805 1479
1805 1458
151 1805
311 1805
1049 1369
1122 1805
1965 1805
1471 363
465 1805
1280 1805
1805 313
1805 1727
1805 237
1805 66
432 1805
457 1667
1805 1168
1601 1805
1811 1175
1805 830
64 1407
1805 1749
778 1805
82 174
693 253
1805 502
910 20
1805 733
1805 1700
1805 559
1484 1805
97 1805
1805 211
1805 45
1350 1805
1473 1805
236 1805
1563 1805
462 69
365 58
1805 1686
72 1805
816 776
904 1835
1805 169
43 540
491 1805
1518 1124
1805 837
745 1805
542 1805
1923 1805
1805 670
1879 353
1444 166
1929 94
1384 1805
188 1805
645 1805
1324 1805
1864 1805
1805 1077
1805 1882
1805 489
1591 1805
1805 1066
975 663
462 1805
1565 1805
481 1805
1156 1805
1919 1805
1866 1477
1225 1924
620 1805
1805 1683
857 1805
1427 1805
1147 1613
1228 1805
1805 1588
553 1805
605 848
224 1805
1844 475
1404 698
1805 1151
323 1805
1805 483
1100 1805
85 1651
1805 1970
1805 1049
1805 1642
814 1805
1805 1602
1930 1649
1069 815
83 908
1805 549
180 1805
1805 565
212 1805
952 1805
1578 118
1327 1125
750 1805
1805 1605
356 1805
1805 176
1805 1982
1315 1805
1181 1805
926 730
1805 1241
1961 1514
1277 1805
1535 1805
1805 1659
1140 1805
1805 1852
1805 557
1805 338
1371 1805
1170 1805
1805 1270
1805 972
1805 584
154 1805
795 1430
1059 727
1553 180
1632 1805
1688 62
1805 5
1446 1805
320 1805
631 1805
1805 1013
935 1965
1382 504
1805 1767
1805 248
1805 436
375 1589
995 623
1039 677
2 1805
1805 1758
480 1805
698 1805
1805 1711
1097 104
1805 1941
1805 1963
708 1479
84 362
412 1006
1980 376
1805 1117
589 1805
967 1707
1411 1805
662 1805
1832 1805
1805 1358
96 1805
871 1805
1805 1745
1556 844
1611 1414
1888 1805
1853 1805
1892 1650
1805 296
147 1805
1093 1805
993 1805
1805 1549
1913 1793
1167 1805
525 1805
315 1805
1788 1805
1786 1805
1132 930
1976 1416
1859 1188
148 232
1459 1805
196 1805
691 403
1805 1746
776 1805
1863 947
70 1805
1010 1824
1805 1229
944 666
1805 63
1985 1805
902 1805
240 1189
1453 556
54 696
187 1805
1381 1805
620 968
1830 1805
1706 1805
1805 1092
1805 467
1936 1625
1805 658
1177 1805
1805 141
1255 1169
1558 1805
1805 277
1656 1805
1805 204
499 1805
1805 340
284 408
102 1898
1805 932
879 1158
1805 1886
854 313
913 1170
1379 1805
1318 1805
1805 1112
1958 1805
1300 1805
1805 288
35 1519
647 170
1805 1083
1659 235
1593 619
1693 1805
986 1805
987 1805
921 1805
9 1805
1805 1284
230 461
137 1036
1792 1805
920 1805
1866 1805
718 1079
1805 1647
1228 1931
1805 1264
1244 1805
1151 782
135 1339
1173 1812
1037 1196
1732 1805
891 1607
1805 222
1076 1805
310 1805
984 1805
1094 1805
1903 1805
978 1805
1756 954
527 1805
972 512
60 182
750 136
1805 1802
1689 1871
1805 1548
168 1805
1805 925
1805 1191
1341 1805
802 1805
956 1579
1960 1547
738 1805
725 1805
1805 42
1805 1815
1805 39
1805 26
1805 1279
1805 271
1805 687
1009 1805
1017 1805
195 1805
1805 1096
1805 1934
1095 1805
567 1805
1805 317
701 1467
1805 812
1805 1907
1805 1557
1943 1191
317 521
1408 1805
1721 1805
1805 872
564 1805
1008 1805
1805 573
439 1084
1938 1805
1306 1805
597 1805
1805 1047
961 568
1953 1418
1805 1781
1805 255
1805 910
1805 770
1766 1704
1805 1787
1298 515
1351 1805
1805 371
1805 963
1805 602
82 1805
1805 1586
455 577
1053 1805
1618 1360
944 1805
1427 339
1596 1805
326 1805
1291 1805
1805 1875
1805 1248
1539 739
1115 1131
1805 229
721 1200
1713 1805
1805 99
1805 773
1805 252
1491 1805
1216 827
387 1805
172 1805
674 1805
1868 1805
1640 960
1230 1805
1805 794
1384 517
113 1805
1805 1610
428 1805
1180 1870
37 949
490 486
1451 1805
1912 33
1805 1944
1805 226
1805 1330
1805 1658
1805 407
434 395
1805 1959
1805 1124
1841 1250
140 1805
1686 992
1356 1088
495 1963
44 1805
9 12
651 1805
919 1805
1202 1805
1551 1805
1805 330
1398 567
1940 1104
1342 1282
1206 16
1858 1805
1825 1805
79 942
1805 1045
1805 1810
1805 409
1825 322
1402 292
1609 1742
1439 1805
817 1042
1805 137
1805 1782
377 289
1805 1544
1562 1805
1845 1604
1805 1838
1805 1039
861 1805
898 1899
916 1805
932 1094
1 520
492 1723
1805 1803
939 1805
1238 1805
1805 1526
1629 1805
876 1077
538 401
443 428
290 1167
112 1864
423 1668
1047 1179
1805 1929
591 1805
1805 775
1112 369
1805 1759
1623 555
1805 130
114 622
1805 43
1805 337
1805 1972
1805 1921
154 1358
164 808
1481 1805
1919 1970
1805 185
1464 527
1805 1641
421 778
766 1805
1360 1805
572 173
1168 921
421 1805
1635 1805
79 1805
1805 231
1594 1805
247 127
827 1805
1437 1805
1805 1668
394 1805
1661 1820
1805 441
1086 1805
1704 1805
1744 1319
1922 741
1805 101
482 1805
1805 1747
1805 254
1762 1994
77 1204
1805 1303
1805 1370
1805 1811
217 1805
1809 1732
1805 1120
914 1805
226 68
77 1805
1067 1566
1805 1472
396 1337
1805 261
1805 1416
1805 1996
145 1921
1805 1000
1805 1943
981 1564
752 1805
455 1805
195 906
1805 1583
1182 1944
1805 1180
368 276
1805 1316
1147 1805
709 1805
419 344
1805 1307
1805 197
539 745
538 1805
875 1805
1442 1260
1805 143
1040 1805
1367 1148
1750 1873
264 1805
1817 1805
1229 742
1805 1196
1137 1805
1805 1037
1011 1261
807 1805
1105 1805
440 1805
1805 451
1805 1274
1455 1805
1805 688
349 1805
568 1805
1776 1802
737 494
1805 917
1920 1633
896 1805
1403 1684
1805 881
1739 1805
794 121
1609 1805
985 1396
378 105
1222 1805
1961 1805
851 1805
1805 442
905 124
246 1805
1240 1378
606 1805
1805 392
1805 1592
1221 373
653 1306
476 1710
52 656
1772 188
1200 1805
404 1805
155 1737
269 1805
1873 1805
1805 1519
811 1805
936 965
1699 994
1410 1411
661 1805
214 1805
93 1805
1805 1538
1968 1286
1412 1805
324 1805
1552 1805
533 1805
1805 1022
1305 1805
609 1805
1805 1438
1805 1906
1190 1252
1157 1805
901 1755
1103 1805
924 1805
1805 784
1988 211
1504 1805
1805 816
1261 1805
868 1805
1163 1805
590 215
1282 1805
1805 1487
515 1805
1514 1805
1805 463
1451 1266
1655 1805
547 1433
1805 276
1805 347
1612 1805
1805 691
1417 1805
1871 1805
1805 447
1805 290
1770 1806
1805 665
1805 24
1805 15
167 1738
1805 977
32 1805
1962 582
1805 607
937 1805
372 400
1227 790
157 1805
1805 179
692 1805
1805 929
1805 1785
834 1275
563 1805
897 1805
703 1805
1489 254
1805 650
1840 890
117 31
234 1491
1018 1805
627 1982
1560 1805
337 183
1650 1805
1613 1805
1718 1143
1805 1272
242 1315
1805 1486
1805 1660
1805 991
1141 1805
1680 92
975 1805
1805 669
1805 361
1908 1272
1805 712
945 544
1691 616
1440 1805
915 1805
1805 71
1805 1
1762 1805
1805 971
320 1852
268 1612
1447 1316
1805 1064
1365 933
1805 429
1081 413
1805 1385
1805 682
1805 736
1805 754
1856 411
1805 1680
1805 596
433 465
503 1977
1805 73
306 1702
1805 275
1805 129
1805 1356
1997 1805
466 1601
889 1805
590 1805
1800 1805
1368 1805
1805 103
416 1805
581 1900
528 1805
1805 1695
516 685
1805 694
1222 39
1805 1638
1780 1805
1805 406
357 1805
1672 1054
1805 1507
1247 797
626 1091
1805 1006
1805 1265
690 1103
1805 1748
1805 742
1370 1521
1805 487
1683 509
402 1299
895 1805
1138 1412
1445 1805
1940 1805
626 1805
1805 325
1805 561
1805 498
1805 30
1909 1301
853 1805
147 1305
965 1805
1805 1128
1805 306
850 1805
175 1805
70 633
1823 1805
1805 342
126 899
1805 873
302 1805
1109 1592
1805 646
1805 459
729 1805
795 1805
1805 1164
652 181
1805 1070
1482 1805
1336 1775
1107 119
842 534
537 1805
1805 744
1805 594
1805 1073
224 1472
218 1805
1805 934
1773 1805
655 1326
670 1557
996 1726
1805 530
393 1805
869 747
1553 1805
1914 1805
1603 1805
1805 1172
973 977
828 1805
1969 1805
1891 1805
1805 1644
267 1460
1262 1805
1805 1730
1805 781
1253 1869
1805 1607
1805 1488
1141 642
1869 1805
1531 1089
1805 417
648 1805
579 1857
1239 1805
543 1805
1805 1820
1805 216
1571 1073
997 1727
1213 1805
1805 1010
1490 1805
1666 1805
1108 1805
673 1805
1805 490
470 1805
3 1391
249 1805
1805 411
837 1790
138 1805
1805 47
1805 598
61 300
1805 1518
1014 1805
1976 1805
1805 118
1183 1805
1258 1041
1805 1233
1805 1740
1805 1030
1933 1805
1805 373
1805 294
1646 1241
1805 535
1780 481
1789 1193
101 1652
1805 835
1001 1475
1805 942
1805 1247
1805 1298
1805 381
214 1488
398 1805
1484 1473
1757 1003
1837 1805
152 1045
208 1332
1999 1805
25 1805
213 1805
1333 1805
316 1782
7 44
943 1805
1805 375
699 1192
1805 473
17 1805
1325 139
940 746
1805 50
906 1805
1805 1386
274 603
1805 519
84 1805
1480 1998
350 57
1805 1881
142 1270
624 1014
667 1805
941 662
1597 1805
1805 1174
334 979
1233 1506
470 813
644 1636
1805 1423
1805 1182
1564 1805
1883 1902
1805 389
761 1805
1805 1477
1805 1407
1516 1805
650 1187
1805 182
1805 517
1349 450
209 1805
1387 1805
1401 1805
1862 1805
1692 1310
1152 1933
1070 1385
179 32
974 1805
1805 1478
1805 98
1805 769
1868 171
497 1397
1331 342
1805 569
692 1133
820 1021
162 1805
1805 899
1805 120
287 1805
1805 505
1805 790
204 1100
1805 1599
1740 133
1748 1576
1805 370
181 1805
719 601
663 1805
1260 1805
1805 1489
1950 41
898 1805
1846 1805
982 326
1805 295
140 674
1344 1408
1517 783
950 1805
110 1805
285 1805
1447 1805
1005 1805
1805 1527
1805 19
1730 824
193 1805
641 1801
1256 1728
1805 721
771 1665
1593 1805
1887 218
599 1805
963 1210
56 1928
1267 1805
1027 1805
1805 1101
613 1341
1805 1195
1805 1801
1805 845
52 1805
1805 539
1805 1143
1805 186
1805 823
191 1805
1218 1805
974 570
513 1805
797 1805
628 484
1056 1805
14 1805
1794 1805
1130 1805
1805 949
1805 699
818 1805
1805 1937
1708 1062
354 1949
1805 1363
468 501
1587 658
1698 1392
1904 1805
1783 1805
1656 343
1289 1733
1805 723
1219 1805
1672 1805
1805 593
1268 675
1805 724
1142 1805
88 1523
1805 884
1805 1449
1122 1540
173 1805
809 1805
1287 1350
1939 1805
324 754
1805 865
1354 1805
1805 438
1805 268
1805 165
1080 1805
1805 1772
1805 1319
413 1805
1850 1648
1812 1805
501 1805
1160 1186
1064 514
1805 41
242 1805
1805 1276
1805 1098
1805 444
1382 1805
1546 1022
1413 1281
1805 1212
198 1044
1805 1179
338 951
1805 408
1256 1805
885 367
1910 1805
1712 1805
1805 930
1805 272
1966 1805
1561 1658
1082 919
1000 202
714 687
1462 1696
1805 760
686 1805
1805 292
1805 1012
1805 1242
617 1958
1805 951
1501 221
1399 953
1805 601
1735 814
1549 526
1805 1664
1805 488
1302 511
1285 1805
1805 1751
805 1805
1424 356
87 1805
1673 1805
772 273
1374 1494
1396 1805
239 1805
1598 1805
1805 108
1805 632
1805 410
1587 1805
1805 1675
1755 1805
335 1805
1805 1362
123 1805
1805 1175
657 172
1110 697
1805 613
1805 1513
1532 1833
332 1805
1428 416
1373 1805
1283 1805
1600 1805
1176 1805
1805 1771
1137 269
1570 409
1971 1805
1956 1705
1805 223
1805 94
1805 571
1738 1805
432 1588
867 806
1394 1400
1805 715
1321 1805
1805 1259
574 1805
680 1805
654 1119
1805 1232
557 189
1720 1510
1805 1791
1805 334
1116 1805
1805 1060
1805 1624
1377 18
1805 1057
1951 245
1805 706
76 429
1420 1805
105 1805
1031 1555
55 667
1805 1949
1805 1369
1805 115
1805 55
215 1805
986 646
1805 1325
1805 390
810 1805
632 796
1616 578
1805 366
629 1805
294 1581
514 1805
1693 1876
1292 1758
1805 1185
1805 1464
1805 1757
355 1805
1805 1041
1637 132
1032 1851
755 1805
1793 1805
1555 1805
1968 1805
1231 1805
1778 1805
668 1805
1805 841
458 1805
1388 1485
1805 1998
111 1805
1641 1916
200 1805
1952 1805
640 1805
1805 707
1156 355
1805 170
1805 883
1805 1331
1423 1926
1322 469
1805 20
1535 285
1805 1580
872 1455
1805 1722
319 1805
531 1823
233 1805
1230 442
1076 297
271 1490
1542 1805
772 1805
1805 982
1550 87
1695 1785
1805 579
1805 1227
1622 1805
1383 1805
1232 560
1947 1805
736 441
846 1805
907 406
1805 460
1359 1805
100 1805
1249 1606
1763 1805
1841 1805
472 597
937 566
327 1053
1753 1805
1630 635
505 49
1805 1877
1805 717
653 1805
382 1580
1805 918
866 1805
60 1805
1805 1388
726 1805
1805 711
525 1973
1426 1087
680 1139
1805 959
37 1805
1805 1671
1617 1025
1951 1805
1240 1805
244 682
1805 65
1085 664
1600 519
1409 1839
1571 1805
495 1805
722 1805
1744 1805
1805 1085
928 1177
1805 122
945 1805
1805 1678
1805 478
870 1805
1805 258
832 1805
124 1805
1805 1703
415 1805
669 962
1507 1215
647 1805
1884 1853
552 1314
1805 1084
1288 1805
1805 104
677 1805
506 1393
683 1778
1805 1567
1821 1541
1892 1805
207 1805
1805 1424
1805 657
792 1492
1805 492
1410 1805
836 1009
153 1805
1457 1805
1435 1551
1805 628
229 420
1860 1643
1805 966
766 864
1805 1608
1720 1805
1805 234
883 1214
1500 1805
1554 1805
1848 1774
879 1805
329 1805
530 760
1029 106
1664 810
1805 1015
1805 1980
81 1805
1805 1035
1805 727
1651 1805
1019 1805
1380 1805
1805 1710
1293 1058
1805 1765
1907 277
1431 1805
731 1805
1273 1086
636 1026
1390 1323
1805 1378
1445 1795
1805 1992
1805 847
184 1805
695 366
560 1805
1805 1372
1888 1136
1805 1456
1805 1042
167 1805
298 1034
1967 1805
1352 1805
800 414
1528 1805
1294 1805
288 856
1805 566
1849 661
609 272
1113 712
1805 863
1690 1957
1805 358
529 852
379 1805
1586 341
379 1995
678 1482
893 1805
1805 1391
1906 819
1805 701
1638 1798
1719 1805
1080 1660
1374 1805
1353 1236
1640 1805
1805 1311
1463 1805
1805 1024
1805 1932
1805 1930
349 931
1203 191
1508 1891
484 1805
341 1805
847 536
1805 262
1450 1805
479 1805
1805 862
1805 652
1605 1746
23 1805
1928 1805
1264 595
371 1033
1805 734
892 868
1805 1850
1516 1862
1805 1422
1800 546
1805 905
1735 1805
1805 903
210 1805
431 1552
1805 988
1805 600
561 299
270 1805
1805 834
1805 523
1399 1805
33 1805
777 1805
1805 1220
1805 1289
1541 1805
950 1666
655 1805
1847 1452
1328 767
266 1805
1805 882
1836 1352
1805 1833
1805 1215
1338 161
852 1805
1805 979
753 1805
1805 364
31 1805
1805 938
615 957
200 1554
1533 1598
437 1528
362 1805
1838 451
1805 1662
1805 225
74 902
1805 1173
1165 1597
1441 1805
146 1805
1805 524
1805 278
966 130
955 1837
1939 418
106 1805
737 1805
157 798
312 1805
434 1805
307 201
11 1805
1805 803
934 257
780 502
1805 1061
1805 8
1805 718
1805 230
1395 1805
763 1805
1460 1805
303 1805
1805 1474
1805 363
1909 1805
381 1865
1046 791
789 1805
940 1805
1087 1805
1406 1805
893 541
1805 1854
107 1805
1894 1805
1038 705
735 1805
938 1234
1805 874
1139 1805
64 1805
1805 855
1486 243
617 1805
1805 205
873 482
1805 935
1231 564
507 1805
1226 1805
1687 1620
1284 1773
911 1093
1055 1787
1805 585
1805 1065
1443 1805
1453 1805
1805 1415
1805 422
1148 1805
700 1805
425 1747
1604 1805
126 1805
1842 1805
638 65
865 1114
1805 1496
1317 449
775 29
228 1805
1805 1995
1178 1805
841 809
184 1294
1805 1309
503 1805
1805 693
1513 749
1805 1942
1805 1054
1217 1805
63 1324
343 1805
1511 447
1805 522
1805 1059
551 660
1805 102
1796 392
1515 1805
618 1697
398 1874
183 1805
273 1805
1591 1714
474 193
1520 1805
227 1901
1127 1805
1805 1981
710 1446
403 1805
544 1805
891 1805
1259 1877
1805 1537
1805 1186
1805 1413
1805 274
1615 1805
1805 1340
1575 1212
1805 1414
829 1805
802 575
1106 925
1630 1805
1805 1194
714 1805
636 1805
1805 892
671 1805
1988 1805
1805 109
1155 399
1966 1126
1685 1805
263 849
877 929
1805 588
1067 1805
1346 471
1320 1515
1977 1805
1805 654
53 1805
850 67
1805 799
1499 1805
483 1429
555 1805
619 1805
1805 1466
548 384
967 1805
6 1805
1962 1805
1805 1293
1805 624
1805 243
1805 808
233 1345
262 874
1044 1805
1705 1805
1805 202
1805 328
333 1805
1805 981
1805 534
1379 1814
1805 1584
1805 90
526 1805
1805 1620
908 1805
1550 1805
1805 685
1805 284
1799 629
1805 1581
1540 1805
1559 1267
201 1805
1805 1737
914 1389
128 1805
49 1805
331 162
219 1805
518 1654
1805 171
989 1805
860 1805
1885 1805
244 1805
1121 1805
1805 391
700 1918
17 1722
1165 1805
1313 1805
1805 494
1244 158
1805 1764
260 178
1805 1211
1798 1805
1626 1805
1071 1525
150 909
1880 1422
1805 901
854 1805
1454 1035
107 1387
1469 1805
558 1805
1805 642
35 1805
1805 1880
926 1805
412 1805
376 1805
1870 1805
1805 1394
1542 281
1596 1694
1805 843
1883 1805
1466 436
1805 1634
27 1805
570 1805
1237 1805
1805 1097
1805 1645
452 1805
1805 62
7 1805
423 1805
1797 1805
1805 546
1805 702
1208 1805
1752 1657
1805 836
1362 789
176 1075
1743 1027
1901 1805
844 1805
1805 1691
1805 1699
1081 1805
1754 333
958 1015
364 50
1114 1805
1805 909
725 305
1805 1454
1805 1834
418 1805
1617 1805
1560 1265
1327 1805
1805 1848
1805 1058
1805 1003
1805 605
1915 1805
996 1805
1805 1197
1805 1994
1120 1725
80 1805
1926 1805
614 186
1002 1896
1972 1220
141 1565
405 1805
1999 1999 1999 1999 1999 1999 1999 1999 1999 1999 1999 1999 1999 1999 1999 1999 1999 1999 1999 1999 1999 1999 1999 1999 1999 1999 1999 1999 1999 1999 1999 1999 1999 1999 1999 1999 1999 1999 1999 1999 1999 1999 1999 1999 1999 1999 1999 1999 1999 1999 1999 1999 1999 1999 1999 1999 1999 1999 1999 1999 1999 1999 1999 1999 1999 1999 1999 1999 1999 1999 1999 1999 1999 1999 1999 1999 1999 1999 1999 1999 1999 1999 1999 1999 1999 1999 1999 1999 1999 1999 1999 1999 1999 1999 1999 1999 1999 1999 1999 1999 1999 1999 1999 1999 1999 1999 1999 1999 1999 1999 1999 1999 1999 1999 1999 1999 1999 1999 1999 1999 1999 1999 1999 1999 1999 1999 1999 1999 1999 1999 1999 1999 1999 1999 1999 1999 1999 1999 1999 1999 1999 1999 1999 1999 1999 1999 1999 1999 1999 1999 1999 1999 1999 1999 1999 1999 1999 1999 1999 1999 1999 1999 1999 1999 1999 1999 1999 1999 1999 1999 1999 1999 1999 1999 1999 1999 1999 1999 1999 1999 1999 1999 1999 1999 1999 1999 1999 1999 1999 1999 1999 1999 1999 1999 1999 1999 1999 1999 1999 1999 1999 1999 1999 1999 1999 1999 1999 1999 1999 1999 1999 1999 1999 1999 1999 1999 1999 1999 1999 1999 1999 1999 1999 1999 1999 1999 1999 1999 1999 1999 1999 1999 1999 1999 1999 1999 1999 1999 1999 1999 1999 1999 1999 1999 1999 1999 1999 1999 1999 1999 1999 1999 1999 1999 1999 1999 1999 1999 1999 1999 1999 1999 1999 1999 1999 1999 1999 1999 1999 1999 1999 1999 1999 1999 1999 1999 1999 1999 1999 1999 1999 1999 1999 1999 1999 1999 1999 1999 1999 1999 1999 1999 1999 1999 1999 1999 1999 1999 1999 1999 1999 1999 1999 1999 1999 1999 1999 1999 1999 1999 1999 1999 1999 1999 1999 1999 1999 1999 1999 1999 1999 1999 1999 1999 1999 1999 1999 1999 1999 1999 1999 1999 1999 1999 1999 1999 1999 1999 1999 1999 1999 1999 1999 1999 1999 1999 1999 1999 1999 1999 1999 1999 1999 1999 1999 1999 1999 1999 1999 1999 1999 1999 1999 1999 1999 1999 1999 1999 1999 1999 1999 1999 1999 1999 1999 1999 1999 1999 1999 1999 1999 1999 1999 1999 1999 1999 1999 1999 1999 1999 1999 1999 1999 1999 1999 1999 1999 1999 1999 1999 1999 1999 1999 1999 1999 1999 1999 1999 1999 1999 1999 1999 1999 1999 1999 1999 1999 1999 1999 1999 1999 1999 1999 1999 1999 1999 1999 1999 1999 1999 1999 1999 1999 1999 1999 1999 1999 1999 1999 1999 1999 1999 1999 1999 1999 1999 1999 1999 1999 1999 1999 1999 1999 1999 1999 1999 1999 1999 1999 1999 1999 1999 1999 1999 1999 1999 1999 1999 1999 1999 1999 1999 1999 1999 1999 1999 1999 1999 1999 1999 1999 1999 1999 1999 1999 1999 1999 1999 1999 1999 1999 1999 1999 1999 1999 1999 1999 1999 1999 1999 1999 1999 1999 1999 1999 1999 1999 1999 1999 1999 1999 1999 1999 1999 1999 1999 1999 1999 1999 1999 1999 1999 1999 1999 1999 1999 1999 1999 1999 1999 1999 1999 1999 1999 1999 1999 1999 1999 1999 1999 1999 1999 1999 1999 1999 1999 1999 1999 1999 1999 1999 1999 1999 1999 1999 1999 1999 1999 1999 1999 1999 1999 1999 1999 1999 1999 1999 1999 1999 1999 1999 1999 1999 1999 1999 1999 1999 1999 1999 1999 1999 1999 1999 1999 1999 1999 1999 1999 1999 1999 1999 1999 1999 1999 1999 1999 1999 1999 1999 1999 1999 1999 1999 1999 1999 1999 1999 1999 1999 1999 1999 1999 1999 1999 1999 1999 1999 1999 1999 1999 1999 1999 1999 1999 1999 1999 1999 1999 1999 1999 1999 1999 1999 1999 1999 1999 1999 1999 1999 1999 1999 1999 1999 1999 1999 1999 1999 1999 1999 1999 1999 1999 1999 1999 1999 1999 1999 1999 1999 1999 1999 1999 1999 1999 1999 1999 1999 1999 1999 1999 1999 1999 1999 1999 1999 1999 1999 1999 1999 1999 1999 1999 1999 1999 1999 1999 1999 1999 1999 1999 1999 1999 1999 1999 1999 1999 1999 1999 1999 1999 1999 1999 1999 1999 1999 1999 1999 1999 1999 1999 1999 1999 1999 1999 1999 1999 1999 1999 1999 1999 1999 1999 1999 1999 1999 1999 1999 1999 1999 1999 1999 1999 1999 1999 1999 1999 1999 1999 1999 1999 1999 1999 1999 1999 1999 1999 1999 1999 1999 1999 1999 1999 1999 1999 1999 1999 1999 1999 1999 1999 1999 1999 1999 1999 1999 1999 1999 1999 1999 1999 1999 1999 1999 1999 1999 1999 1999 1999 1999 1999 1999 1999 1999 1999 1999 1999 1999 1999 1999 1999 1999 1999 1999 1999 1999 1999 1999 1999 1999 1999 1999 1999 1999 1999 1999 1999 1999 1999 1999 1999 1999 1999 1999 1999 1999 1999 1999 1999 1999 1999 1999 1999 1999 1999 1999 1999 1999 1999 1999 1999 1999 1999 1999 1999 1999 1999 1999 1999 1999 1999 1999 1999 1999 1999 1999 1999 1999 1999 1999 1999 1999 1999 1999 1999 1999 1999 1999 1999 1999 1999 1999 1999 1999 1999 1999 1999 1999 1999 1999 1999 1999 1999 1999 1999 1999 1999 1999 1999 1999 1999 1999 1999 1999 1999 1999 1999 1999 1999 1999 1999 1999 1999 1999 1999 1999 1999 1999 1999 1999 1999 1999 1999 1999 1999 1999 1999 1999 1999 1999 1999 1999 1999 1999 1999 1999 1999 1999 1999 1999 1999 1999 1999 1999 1999 1999 1999 1999 1999 1999 1999 1999 1999 1999 1999 1999 1999 1999 1999 1999 1999 1999 1999 1999 1999 1999 1999 1999 1999 1999 1999 1999 1999 1999 1999 1999 1999 1999 1999 1999 1999 1999 1999 1999 1999 1999 1999 1999 1999 1999 1999 1999 1999 1999 1999 1999 1999 1999 1999 1999 1999 1999 1999 1999 1999 1999 1999 1999 1999 1999 1999 1999 1999 1999 1999 1999 1999 1999 1999 1999 1999 1999 1999 1999 1999 1999 1999 1999 1999 1999 1999 1999 1999 1999 1999 1999 1999 1999 1999 1999 1999 1999 1999 1999 1999 1999 1999 1999 1999 1999 1999 1999 1999 1999 1999 1999 1999 1999 1999 1999 1999 1999 1999 1999 1999 1999 1999 1999 1999 1999 1999 1999 1999 1999 1999 1999 1999 1999 1999 1999 1999 1999 1999 1999 1999 1999 1999 1999 1999 1999 1999 1999 1999 1999 1999 1999 1999 1999 1999 1999 1999 1999 1999 1999 1999 1999 1999 1999 1999 1999 1999 1999 1999 1999 1999 1999 1999 1999 1999 1999 1999 1999 1999 1999 1999 1999 1999 1999 1999 1999 1999 1999 1999 1999 1999 1999 1999 1999 1999 1999 1999 1999 1999 1999 1999 1999 1999 1999 1999 1999 1999 1999 1999 1999 1999 1999 1999 1999 1999 1999 1999 1999 1999 1999 1999 1999 1999 1999 1999 1999 1999 1999 1999 1999 1999 1999 1999 1999 1999 1999 1999 1999 1999 1999 1999 1999 1999 1999 1999 1999 1999 1999 1999 1999 1999 1999 1999 1999 1999 1999 1999 1999 1999 1999 1999 1999 1999 1999 1999 1999 1999 1999 1999 1999 1999 1999 1999 1999 1999 1999 1999 1999 1999 1999 1999 1999 1999 1999 1999 1999 1999 1999 1999 1999 1999 1999 1999 1999 1999 1999 1999 1999 1999 1999 1999 1999 1999 1999 1999 1999 1999 1999 1999 1999 1999 1999 1999 1999 1999 1999 1999 1999 1999 1999 1999 1999 1999 1999 1999 1999 1999 1999 1999 1999 1999 1999 1999 1999 1999 1999 1999 1999 1999 1999 1999 1999 1999 1999 1999 1999 1999 1999 1999 1999 1999 1999 1999 1999 1999 1999 1999 1999 1999 1999 1999 1999 1999 1999 1999 1999 1999 1999 1999 1999 1999 1999 1999 1999 1999 1999 1999 1999 1999 1999 1999 1999 1999 1999 1999 1999 1999 1999 1999 1999 1999 1999 1999 1999 1999 1999 1999 1999 1999 1999 1999 1999 1999 1999 1999 1999 1999 1999 1999 1999 1999 1999 1999 1999 1999 1999 1999 1999 1999 1999 1999 1999 1999 1999 1999 1999 1999 1999 1999 1999 1999 1999 1999 1999 1999 1999 1999 1999 1999 1999 1999 1999 1999 1999 1999 1999 1999 1999 1999 1999 1999 1999 1999 1999 1999 1999 1999 1999 1999 1999 1999 1999 1999 1999 1999 1999 1999 1999 1999 1999 1999 1999 1999 1999 1999 1999 1999 1999 1999 1999 1999 1999 1999 1999 1999 1999 1999 1999 1999 1999 1999 1999 1999 1999 1999 1999 1999 1999 1999 1999 1999 1999 1999 1999 1999 1999 1999 1999 1999 1999 1999 1999 1999 1999 1999 1999 1999 1999 1999 1999 1999 1999 1999 1999 1999 1999 1999 1999 1999 1999 1999 1999 1999 1999 1999 1999 1999 1999 1999 1999 1999 1999 1999 1999 1999 1999 1999 1999 1999 1999 1999 1999 1999 1999 1999 1999 1999 1999 1999 1999 1999 1999 1999 1999 1999 1999 1999 1999 1999 1999 1999 1999 1999 1999 1999 1999 1999 1999 1999 1999 1999 1999 1999 1999 1999 1999 1999 1999 1999 1999 1999 1999 1999 1999 1999 1999 1999 1999 1999 1999 1999 1999 1999 1999 1999 1999 1999 1999 1999 1999 1999 1999 1999 1999 1999 1999 1999 1999 1999 1999 1999 1999 1999 1999 1999 1999 1999 1999 1999 1999 1999 1999 1999 1999 1999 1999 1999 1999 1999 1999 1999 1999 1999 1999 1999 1999 1999 1999 1999 1999 1999 1999 1999 1999 1999 1999 1999 1999 1999 1999 1999 1999 1999 1999 1999 1999 1999 1999 1999 1999 1999 1999 1999 1999 1999 1999 1999 1999 1999 1999 1999 1999 1999 1999 1999 1999 1999 1999 1999 1999 1999 1999 1999 1999 1999 1999 1999 1999 1999 1999 1999 1999 1999 1999 1999 1999 1999 1999 1999 1999 1999 1999 1999 1999 1999 1999 1999 1999 1999 1999 1999 1999 1999 1999 1999 1999 1999 1999 1999 1999 1999 1999 1999 1999 1999 1999 1999 1999 1999 1999 1999 1999 1999 1999 1999 1999 1999 1999 1999 1999 1999 1999 1999 1999 1999 1999 1999 1999 1999 1999 1999 1999 1999 1999 1999 1999 1999 1999 1999 1999 1999 1999 1999 1999 1999 1999 1999 1999 1999 1999 1999 1999 1999 1999 1999 1999 1999 1999 1999 1999 1999 1999 1999 1999 1999 1999 1999 1999 1999 1999 1999 1999 1999 1999 1999 1999 1999 1999 1999 1999 1999 1999 1999 1999 1999 1999 1999 1999 1999 1999 1999 1999 1999 1999 1999 1999 1999 1999 1999 1999 1999 1999 1999 1999 1999 1999 1999 1999 1999 1999 1999 1999 1999 1999 1999 1999 1999 1999 1999 1999 1999 1999 1999 1999 1999 1999 1999 1999 1999 1999 1999 1999 1999 1999 1999 1999 1999 1999 1999 1999 1999 1999 1999 1999 1999 1999 1999 1999 1999 1999 1999 1999 1999 1999 1999 1999 1999 1999 1999 1999 1999 1999 1999 1999 1999 1999 1999 1999 1999 1999 1999 1999 1999 1999 1999 1999 1999 1999 1999 1999 1999 1999 1999 1999 1999 1999 1999 1999 1999 1999 1999 1999 1999 1999 1999 1999 1999 1999 1999 1999 1999 1999 1999 1999 1999 1999 1999 1999 1999 1999 1999 1999 1999 1999 1999 1999 1999 1999 1999 1999 1999 1999 1999 1999 1999 1999 1999 1999 1999 1999 1999 1999 1999 1999 1999 1999 1999 1999 1999 1999 1999 1999 1999 1999 1999 1999 1999 1999 1999 1999 1999 1999 1999 1999 1999 1999 1999 1999 1999 1999 1999 1999 1999 1999 1999 1999 1999 1999 1999 1999 1999 1999 1999 1999 1999 1999 1999 1999 1999 1999 1999 1999 1999 1999 1999 1999 1999 1999 1999 1999 1999 1999 1999 1999 1999 1999 1999 1999 1999 1999 1999 1999 1999 1999 1999 1999 1999 1999 1999 1999 1999 1999 1999 1999 1999 1999 1999 1999 1999 1999 1999 1999 1999 1999 1999 1999 1999 1999 1999 1999 1999 1999 1999 1999 1999 1999 1999 1999 1999 1999 1999 1999 1999 1999 1999 1999
