2000 4000
578 1827
1036 1547
1380 1440
1826 419
352 904
1555 183
1244 483
1896 1761
1942 338
883 341
1467 1042
529 606
152 933
159 1632
574 1040
267 1993
463 1413
1827 1716
621 354
1996 834
1646 1798
1465 201
473 1338
1520 183
1853 1353
1410 950
1363 749
833 734
114 149
1635 216
1570 666
1879 406
916 160
1401 1622
1992 8
294 1565
1498 1408
1540 925
126 118
1319 31
755 897
200 1667
965 253
1107 71
1555 1288
733 1452
716 1308
339 608
884 454
774 1090
961 804
1037 938
1052 54
1365 724
1253 349
1805 1760
641 477
1471 1812
472 618
326 1881
271 1974
268 32
435 276
1418 892
1498 427
1964 439
1089 372
1968 1727
516 711
1030 1296
1434 1650
1113 147
268 1426
1321 1996
729 840
1908 1310
611 1068
901 1640
412 1256
625 609
758 939
308 875
1959 644
201 868
1111 1923
1710 1206
1900 1937
1140 852
1187 1023
1271 553
92 1286
187 1731
419 1283
1385 915
471 636
832 707
527 1231
1188 510
213 327
1381 1856
173 1348
1351 1651
1604 914
1663 1645
465 1275
1260 1340
1459 88
471 1997
1652 1157
689 1280
717 393
1006 1237
23 1777
110 688
57 28
1165 1223
1906 393
493 491
319 931
1008 55
1051 89
679 1181
1934 1023
305 1768
1067 761
1391 1868
1248 1149
2000 30
1509 882
225 325
1233 60
97 1178
236 1747
720 1277
111 1285
1542 1738
849 1752
176 1287
1983 1322
1777 1405
1228 1540
1450 84
706 1165
1364 1810
1255 1891
48 134
1727 1025
533 517
206 1462
1481 1610
736 620
302 694
1424 791
1923 683
1983 101
679 1383
1554 1639
974 1392
630 998
1383 1930
1542 1144
770 141
1670 840
125 749
459 77
1624 1020
1066 281
510 1556
1640 22
1474 1581
463 161
79 1740
393 1017
1076 979
1141 305
1458 1504
1016 970
1751 892
1265 324
1228 1241
174 1522
1332 349
931 603
380 198
279 705
1916 1610
1004 189
874 1548
1692 742
1689 1461
1427 356
1498 1525
1276 317
956 1686
359 233
1847 739
577 1484
1974 1819
1130 397
51 461
1276 1648
1382 933
873 1051
1184 1236
1322 1039
87 391
1687 1473
1986 231
990 1980
17 708
627 1975
685 1280
920 775
609 1455
924 1872
1182 449
1893 50
1352 627
526 377
1441 1729
547 663
266 1686
1290 1817
956 321
865 1941
540 479
1434 1819
1768 506
452 1841
302 1548
348 1605
1549 1724
651 772
1351 543
1824 1228
406 855
1000 1743
1377 433
1024 1773
1815 874
836 1923
233 1417
440 1539
942 1384
331 1801
313 1800
1956 265
1218 1249
1992 121
1321 1981
250 1034
431 1054
1716 1406
378 1490
1564 398
33 1558
12 1387
340 1898
949 412
92 940
1909 261
925 1778
1860 1492
577 1978
817 1879
481 78
1374 1721
316 619
437 592
1085 388
1634 825
228 1479
1597 595
1137 510
1844 1989
325 1273
1820 301
136 1721
399 1045
229 1559
1309 1485
1234 314
259 1945
1818 1217
397 1608
1411 552
1831 272
473 1906
640 1849
909 1808
636 1584
1841 1779
1863 992
1934 1474
492 317
1001 167
52 1611
812 1279
1376 1528
382 198
1826 870
59 744
78 20
192 1266
1023 294
1383 1505
1896 1786
673 1698
104 653
1319 1054
1998 229
1144 837
1962 1585
56 1435
1980 519
1964 1114
1118 1102
1060 451
637 1713
1715 675
481 839
413 654
1247 443
1619 1177
1551 1902
1795 690
1088 1447
1041 405
522 1490
1659 855
1940 450
661 1960
586 193
219 112
539 824
1343 463
281 1598
863 1531
396 621
1063 1497
283 333
351 1769
1690 927
1839 1251
800 219
465 658
342 815
604 299
1072 1317
907 417
497 1660
802 1502
948 265
140 1092
1867 1325
1439 546
1532 918
622 1641
1400 1404
30 1513
275 989
188 1131
1019 743
1672 958
630 319
838 938
197 739
65 701
292 1196
1973 1144
1059 324
1339 256
1242 1188
1689 860
1713 365
1560 854
283 265
1868 1943
504 1696
1769 483
1417 1776
774 180
820 1836
1225 1823
1456 1570
1561 1668
1653 1317
263 1826
1700 809
455 12
1371 1770
1141 1425
210 715
1829 909
847 1718
1010 1333
1429 1847
902 1545
1595 1305
1744 1751
902 997
1148 1132
470 1486
1936 1488
963 1398
1916 816
1771 410
1251 884
1751 1132
507 716
1237 870
735 303
61 956
679 496
1783 209
1294 1937
1997 913
1456 1362
1539 33
670 1918
1361 385
857 409
1251 891
1348 1301
892 261
403 865
647 266
1320 202
740 390
1957 406
924 1933
864 835
432 11
731 1099
1857 629
1378 899
253 1467
1 236
1038 270
935 207
1945 1706
1096 1067
297 726
1268 398
1021 889
1671 1565
391 1171
1371 1329
1258 662
1463 854
359 1351
1489 936
1456 1963
366 1241
1887 210
1906 1024
1510 1791
559 984
298 1348
59 1531
345 1395
202 1982
1414 1138
187 1754
1568 1555
651 895
68 1698
106 436
1126 1626
1043 84
1987 1328
1647 500
529 1244
290 1993
650 1103
440 1004
466 1105
68 651
1298 1536
1492 726
1366 600
1029 798
1303 1060
291 926
102 217
1588 1043
1955 694
678 879
1562 230
1545 699
969 1113
846 1610
1384 1321
1997 1352
1782 97
1737 733
542 1082
525 95
172 1605
705 1686
1660 552
1459 639
469 1682
1885 1304
838 1716
979 1220
468 400
1709 305
1031 746
1000 1367
957 809
1421 573
1156 1876
489 1708
1905 1557
1646 994
1669 1573
1823 1272
1414 63
1833 384
1929 301
565 1767
610 257
950 1169
250 50
589 1731
554 803
450 24
712 421
248 1274
1156 1663
548 1100
1546 596
248 1521
482 529
590 262
1875 1951
723 855
1278 512
1054 408
46 825
1797 490
1142 389
575 138
1151 175
168 714
1739 1652
497 623
1699 54
968 29
718 248
908 110
1310 302
1018 288
921 117
222 1488
1620 1870
1227 779
42 1981
226 1714
230 1512
1874 285
1765 666
592 1215
939 962
956 264
449 870
220 1400
1650 36
19 1619
1964 484
14 1503
1169 760
1208 636
303 321
1917 1563
1579 1667
999 971
147 594
957 124
1157 456
552 1446
1328 1298
1666 504
856 20
603 1861
1432 28
1675 1469
1841 608
1331 866
87 1559
1694 471
1011 1376
1837 303
1066 1266
755 1501
855 1997
237 1771
429 1096
359 235
455 275
1171 1267
1039 1652
1505 1515
1223 113
1087 1802
264 1926
968 659
436 40
598 187
650 1559
1280 1165
1027 336
1128 44
175 1596
310 507
1201 113
205 647
735 1445
385 1699
1277 1993
1472 365
710 1524
767 1704
1824 1534
910 1001
1507 1607
1097 1006
1805 1112
1435 1121
332 949
1915 571
277 1618
677 970
479 1142
1720 1076
1360 1518
279 901
1386 762
1487 1848
1570 1545
1946 204
172 604
1313 316
527 1916
1572 1565
1700 788
1771 103
1671 809
725 1243
1009 1375
1943 1316
791 1781
1244 1030
1299 1819
1918 1116
1486 463
1689 870
581 1568
487 923
1217 752
1974 568
390 1898
817 406
1448 1636
604 260
1692 858
153 120
198 1749
696 1165
772 1201
948 836
699 1570
263 1135
1658 1995
1481 1782
1760 1784
1068 371
1765 151
1958 139
1225 3
1938 534
598 1920
791 1302
586 1841
666 959
219 96
1407 609
1444 621
1810 782
984 363
730 1748
326 1311
162 1023
87 628
683 766
1757 1204
25 1703
1972 1852
83 418
1376 455
859 406
1691 944
230 1932
138 1873
1407 766
1816 1871
536 817
1960 1193
340 1145
1274 718
615 342
100 1908
987 1499
1234 79
1742 906
1371 1575
1131 1630
1552 691
316 1776
691 1153
1774 1264
986 582
458 1763
937 1728
1248 941
915 635
1971 560
1907 1715
920 1026
746 521
461 91
261 508
1093 261
1094 1607
1601 19
440 1561
766 1941
270 95
607 1653
949 240
244 1394
890 544
1428 89
1241 1782
1323 269
1428 1215
1767 1598
74 1019
1208 743
564 1086
47 785
485 1086
1473 1873
284 1892
317 1198
728 754
1583 1068
1482 507
585 1233
1834 771
480 1240
1402 1626
1536 1322
1181 577
873 890
997 1007
1747 1952
1401 1313
1375 1678
602 950
407 1510
1227 1191
1527 373
1026 1325
92 1624
651 649
450 592
697 1750
1216 1870
1039 1711
1565 1120
1525 181
1485 935
1128 1917
1419 1278
507 1473
472 1396
39 265
623 445
372 1847
421 1146
102 410
1461 566
89 158
491 262
778 1674
96 747
1697 1636
1953 259
424 700
1449 1349
313 741
1049 1239
1426 1055
1608 643
1167 1894
1342 1119
818 113
1724 741
1715 1799
1553 1859
773 31
735 98
493 192
144 844
234 532
131 200
865 270
1967 419
225 833
1440 1965
748 1988
256 1940
335 1400
671 693
443 76
1759 872
73 453
1776 1730
673 932
283 960
575 251
546 1116
593 1495
1615 844
1572 399
795 1360
969 103
1392 905
1183 1800
372 713
139 1154
1256 1802
750 1956
1950 1886
548 1983
1645 1396
1107 880
1354 1002
1460 1635
1738 1504
1050 229
717 546
891 17
788 668
1305 1141
160 1848
331 206
487 639
1554 1508
1431 1215
1788 1399
1014 334
71 909
680 1613
1961 81
325 1072
1486 1868
1497 1437
452 1262
992 814
1609 677
1557 447
1178 1356
170 48
1059 207
1896 1513
1018 1736
257 1619
1547 938
1759 703
1746 512
212 584
1845 775
37 1661
1382 1000
1552 1232
842 716
1290 888
1893 624
1570 238
1743 626
1495 12
1293 1987
1106 1216
227 872
328 54
1323 1687
1314 269
984 710
717 698
1257 275
190 1080
1272 693
934 1834
1642 1476
665 279
1075 228
1013 209
1159 680
1608 659
503 662
1807 869
314 399
1007 1633
581 1117
751 752
1571 954
371 577
1445 1749
1995 1616
1941 1091
1535 256
1334 801
733 1683
1674 247
255 118
695 1560
1699 5
1572 1056
1096 251
1430 173
312 370
69 16
270 1372
1602 531
842 1172
788 878
391 842
111 781
1677 1133
989 889
620 1244
578 1577
579 748
753 1452
1229 1446
850 441
1416 1463
1406 879
1891 64
1246 1126
301 137
1696 1576
860 1906
1200 1555
1684 1553
1816 544
1874 478
541 1981
57 985
872 1276
1843 61
1440 395
765 1216
533 1439
1672 1763
1573 1036
272 317
943 1390
737 983
1525 1216
1441 1284
359 544
437 1060
1359 881
1602 75
696 400
898 848
601 1574
734 1868
444 268
1281 1389
1426 32
1856 650
1299 1424
1529 924
133 1078
451 537
416 730
661 16
827 549
1776 1815
210 555
281 1071
1979 1733
1705 249
1967 231
884 67
1477 1052
1445 1060
1769 325
1715 1829
787 761
7 74
1896 885
174 1181
1704 1784
1726 1248
1424 1563
664 1167
1104 1481
244 1169
1713 1339
243 1189
703 1304
1258 650
1693 1071
697 1363
1606 405
1785 823
296 1530
319 337
295 789
1688 1917
876 951
1402 944
1242 510
486 629
319 777
487 764
1690 1482
85 1089
1221 490
1370 1408
1581 678
1498 1944
441 1813
1822 155
711 969
1110 365
1962 508
1265 915
1957 1190
1086 971
989 1968
777 206
765 4
981 362
1496 911
884 1201
1838 1186
41 109
422 1984
331 821
894 1001
897 70
1639 1205
1880 569
1436 937
646 557
295 1095
47 1633
1818 45
673 24
1342 912
1549 820
199 727
413 638
1930 43
1168 1822
16 1991
156 1890
1629 1983
1833 767
434 301
343 833
905 1979
73 1263
524 1467
1373 1093
1060 986
1541 1473
1874 740
1378 278
1003 934
1849 1185
1608 525
1772 1115
1831 1091
829 327
719 309
1482 582
281 1427
989 1021
1079 31
832 207
1673 417
1854 747
1105 216
472 62
139 1423
1216 198
4 181
1785 346
115 405
616 1071
1453 958
1838 1346
131 1327
1142 1682
1908 230
1361 43
60 1012
1504 1436
1081 1311
1262 1917
1807 1377
1355 686
713 310
1610 973
303 1878
1205 1046
1765 1916
512 1025
44 1721
505 46
1122 504
379 12
1010 1209
562 1538
1687 203
806 1610
763 612
1196 1990
1338 1249
1895 1032
1450 402
383 227
587 13
1323 570
788 1188
581 817
141 1997
674 639
127 750
534 186
1443 1151
243 1735
605 1358
220 1077
5 56
1353 9
274 1758
573 823
1478 960
1739 1282
661 1017
1114 1942
162 1934
1904 33
437 773
1747 1034
1192 762
1467 1716
501 1839
95 1635
413 1520
491 1532
764 307
669 40
846 525
553 1412
512 892
1512 918
1526 475
1260 1360
80 38
1932 54
260 1605
450 536
695 155
261 997
1180 1148
1936 577
1934 302
1571 1777
75 139
401 1895
1163 1883
1883 1374
1951 26
1852 1116
532 1290
478 1501
363 446
1166 1838
1991 568
440 169
361 208
165 1417
1553 1090
1530 1412
1037 1543
560 496
1241 1742
581 1789
1835 600
591 1836
1426 556
1695 773
364 1592
1344 1350
918 262
1132 325
170 311
609 276
1427 212
1260 406
1478 1138
1067 1734
667 120
323 1971
505 546
1791 1244
1067 981
387 1836
1159 487
1818 330
1094 1557
1117 1667
1578 1735
813 222
1394 791
853 356
516 105
963 533
1042 1948
1757 1846
1681 362
1450 1966
1794 1109
1182 1906
537 218
767 681
1252 801
632 1025
1990 1338
1460 1610
217 1165
198 4
1094 1423
432 1138
630 337
827 1948
1285 865
1640 1309
1943 14
700 1897
1222 1268
1602 1342
169 1866
1308 104
902 1150
1438 1535
1330 1915
806 527
1940 592
484 1005
506 539
851 1451
1152 378
1619 1778
977 1019
1770 1139
70 697
1061 1064
809 1090
959 158
69 1991
413 1165
884 708
1913 1197
1568 143
798 1393
198 765
532 1946
316 1144
195 1718
391 1324
1102 758
1028 1058
1957 271
379 320
1775 1655
546 670
1175 810
323 917
381 158
1423 1650
449 145
1456 1520
131 1379
800 747
859 860
767 1349
164 1003
1956 1691
1506 808
1178 1681
475 179
607 1466
1544 758
663 1626
1579 292
215 1128
568 16
497 1170
1097 676
1075 1554
1170 200
962 1872
211 1789
666 1614
1431 517
1835 58
235 1758
1615 118
1428 49
1061 1615
776 1489
1174 793
454 534
610 397
690 1179
46 45
1558 239
1537 1672
1100 1685
1155 832
129 1315
1103 236
318 1826
558 1756
1408 1270
290 1684
1881 1861
819 1792
740 668
205 1719
1156 1114
355 1556
874 37
294 594
357 1237
1367 922
1464 146
1862 487
1118 140
952 1013
1611 1892
1562 1441
1787 1199
487 1592
374 205
1154 1271
1780 1586
528 202
736 1816
1030 1438
1431 1118
1064 530
578 1972
1120 1234
473 322
810 1065
1232 1993
626 81
778 1260
515 194
552 602
1762 1817
1322 1839
150 817
1280 784
1961 1352
574 1702
8 822
1792 794
1960 1373
1817 217
1523 214
1579 1943
998 224
1825 439
980 1307
1100 908
1897 816
312 1390
1157 292
1873 1251
1510 1036
1461 1230
1415 1289
480 1867
1044 93
907 1673
1967 1252
776 1388
488 941
71 1123
1416 1851
912 377
501 287
1333 1785
22 1485
1358 134
751 1150
1022 923
248 1731
717 648
1903 1137
1988 686
1536 254
1407 109
38 709
242 184
1614 1059
1814 1561
1812 1420
1819 1046
1420 1262
276 135
1578 498
904 161
1074 1230
380 1226
1741 1440
15 1742
1369 716
802 450
442 78
538 1842
384 1745
829 1887
1719 296
1961 1782
458 1494
1779 339
1095 396
892 1978
1648 322
1268 1301
91 280
720 747
203 1482
1540 203
671 326
1363 1014
1110 199
554 1398
128 1478
1456 728
672 1581
795 494
1727 109
1840 1402
545 617
1838 1761
1529 1545
82 1108
475 1589
533 861
478 1881
830 1302
584 1304
1735 1038
1259 1693
1857 1081
733 774
304 778
1838 913
180 1664
1790 1565
459 340
1008 1758
998 1865
1967 1208
732 359
642 692
108 1037
1041 996
1175 189
715 331
1564 68
1156 1416
237 300
1454 1085
268 1194
1828 177
1132 1273
717 228
783 631
1916 683
926 37
109 1974
1038 173
1516 927
1368 1409
271 111
119 1772
235 940
620 1293
433 298
53 1810
1723 1939
1421 1974
369 279
1707 1895
1702 1199
657 227
532 1156
1006 448
923 1654
1824 381
1925 433
210 1617
155 454
209 1511
1671 248
1923 971
958 1999
161 985
1094 28
487 1377
379 1224
882 887
1967 379
121 439
1043 787
1466 1433
169 1014
811 1422
197 498
818 1602
1732 108
77 346
410 1329
1221 674
151 1519
714 342
1271 1834
72 1806
987 1928
115 1340
1464 1927
1104 622
1539 1793
1433 1540
375 167
1782 779
1152 1429
540 357
1382 922
232 1431
1688 166
1919 1811
887 1072
696 34
942 14
1601 132
927 1813
1766 1074
127 451
427 481
1127 1431
1464 1292
425 1455
1151 689
1243 1651
240 1842
1009 129
883 1012
697 243
254 1977
1727 1638
37 398
1409 641
815 871
825 103
1763 105
1114 439
1580 772
525 1548
1433 1653
314 603
747 1573
926 1560
1106 680
1885 1247
885 1114
552 1031
1804 861
1729 956
1333 823
30 885
1208 622
479 653
116 1748
471 1102
157 322
837 1784
1864 1245
90 313
1267 1865
1496 1891
647 1366
360 571
1687 793
245 921
1687 582
107 387
1697 1143
530 676
1458 1485
982 1629
996 1832
430 1844
1251 458
53 1589
136 349
1549 1041
834 443
81 468
998 931
1820 1147
838 1902
30 223
1965 1176
112 1886
1472 306
787 1064
1675 335
1308 588
1387 1260
584 1192
1359 532
106 263
864 744
140 665
598 858
1491 1100
310 1453
165 1501
1929 1944
1850 562
1614 680
1796 1235
1449 1784
496 695
658 10
1636 819
929 1900
915 960
404 1837
49 1783
1873 1985
1243 1189
1697 211
862 406
662 1604
1332 482
43 122
597 1846
651 1649
483 1296
1457 595
1580 430
1582 991
1764 1588
176 717
437 986
1165 484
754 57
1562 1919
105 1923
1568 1758
1818 1098
680 1804
256 212
94 639
609 1934
444 1613
1740 448
78 689
1996 1850
1444 665
11 348
1047 242
190 227
1126 690
255 909
1191 1763
1000 450
1562 1189
1197 1471
554 1171
1871 1625
306 1524
751 1643
790 836
112 327
1676 631
692 64
1602 990
1688 452
1867 520
1148 1879
376 203
687 1679
934 702
1724 580
1174 394
1022 88
1773 1669
86 727
409 185
1446 602
967 1806
535 1814
1869 1701
1703 240
1241 1541
1644 919
170 1031
1513 499
587 207
363 1577
262 1816
678 1673
442 689
1277 806
523 448
1947 266
807 687
190 1705
592 192
1525 909
1128 1571
1599 1007
796 1857
900 1714
1287 336
412 1703
336 354
913 855
1002 1959
150 586
1291 1372
48 189
1398 1397
1879 211
944 1047
550 1788
898 912
1331 1326
1751 1419
168 163
1013 143
938 1799
129 1627
244 845
1836 611
227 1911
890 1544
1194 556
919 191
1133 1972
727 818
623 1625
818 1791
627 911
1332 886
1163 772
1733 63
754 216
828 1657
1263 947
358 679
1840 1644
896 82
1601 1457
1626 139
913 471
1486 278
1989 394
492 1663
1145 382
1940 1260
225 1317
1379 1327
118 501
939 1326
1931 980
1083 1743
626 1475
249 26
1193 1151
46 50
980 709
375 222
57 1878
1933 1963
609 562
581 1645
932 916
60 1459
1529 699
1437 1567
707 1403
182 116
1008 836
1693 1670
121 757
741 1472
1498 1949
1742 50
1438 1119
900 268
1623 974
877 691
564 1794
123 1259
416 1022
1706 1764
1200 1891
422 1504
1053 1231
1912 785
197 1806
453 585
1347 605
1073 1315
66 1186
738 501
401 1018
1912 136
735 1711
1947 893
1231 1557
1161 1164
716 780
260 299
878 1719
1184 1208
1958 704
1342 526
1015 742
883 1990
130 109
766 1514
1815 1243
218 127
1073 224
1614 1458
1012 1990
1115 1410
701 164
905 88
53 1603
701 1662
823 1203
1323 1507
1693 1045
1562 1907
1622 708
1047 83
192 1903
978 988
477 953
1880 829
1213 1642
1742 1016
1969 1196
1242 201
532 1728
75 704
737 481
579 103
1187 1631
472 1645
1910 1322
32 1038
1737 1208
1740 1210
772 394
1684 1664
476 1269
895 1829
653 1831
357 479
473 845
1340 854
442 1534
1229 1901
1290 376
1241 912
1 1449
1356 1811
181 380
614 654
226 1281
15 1618
1491 1111
1949 301
79 382
328 1699
1013 443
722 1968
1375 1627
1124 1361
886 136
195 1813
1535 1916
891 1223
1271 947
126 71
1121 828
613 1577
636 535
1108 1754
181 507
839 1117
1269 1931
9 1331
1795 127
973 941
173 794
247 397
1064 1648
1768 1107
85 347
1223 102
1964 1822
1659 1547
957 1735
1405 498
792 1773
997 1419
374 600
1425 831
996 1412
736 324
21 391
1172 1294
646 1551
93 289
99 502
1722 812
644 1632
1823 1637
344 698
682 1123
1769 1296
193 489
1272 1801
466 100
1439 460
1527 959
1213 235
1584 781
1400 695
266 1738
506 1962
756 1311
705 990
1156 1113
942 1134
1613 1175
547 1246
1710 1519
484 1252
1063 123
1151 1756
1039 1157
142 611
1551 58
689 1468
1854 322
494 1461
1137 1188
1298 1068
389 687
657 1081
490 674
304 1348
1564 1820
1404 829
769 1409
441 1855
813 375
107 113
258 710
376 1369
1404 696
115 1179
343 1301
1506 1953
1281 1543
995 107
1962 1709
929 1033
1039 735
1671 92
1537 105
1315 224
1843 1878
1690 1890
413 1430
268 1127
164 872
521 1615
555 1051
359 1599
432 797
143 209
1936 1288
282 1883
1704 1760
1926 1809
904 1776
404 303
1678 1009
1427 233
141 1533
179 370
1092 1672
724 1372
1809 703
246 1999
910 633
1615 358
252 1818
1753 203
930 1388
1212 56
1414 904
522 1033
504 40
1982 1594
760 1115
308 826
1774 1214
453 782
223 365
1142 136
1363 334
1654 1407
1694 730
1102 329
116 718
6 1159
1201 793
384 1448
1932 1385
1198 36
645 1680
1317 882
1946 1234
1356 362
174 732
871 808
892 1862
146 1513
348 1284
1333 284
1594 52
580 1827
457 1465
682 255
826 1452
686 579
883 1455
807 1318
1684 1240
76 757
1526 1979
865 1168
1013 1691
1427 359
471 121
375 1288
1215 899
871 1535
1097 590
1430 638
852 264
1505 98
156 339
70 76
1045 123
1313 712
1719 457
1668 244
365 1873
1226 765
1641 1830
219 271
1335 1127
1534 78
691 847
1081 145
1552 1997
514 415
652 28
1881 377
1948 524
1094 941
1839 521
1546 435
681 684
1974 1398
1425 1949
1839 1536
1196 80
6 1254
1931 1477
1091 104
1300 1900
1206 1720
1575 670
1903 457
251 1914
1975 468
1441 61
1892 1333
1759 34
1023 1694
557 353
1859 1679
555 303
756 796
887 1273
1335 1098
1910 1677
1808 501
25 1689
57 728
1450 48
703 851
797 1858
652 798
479 1318
18 1482
326 732
1219 1914
896 1108
273 1829
52 753
992 1076
468 1379
286 1089
752 663
514 955
1433 254
350 1734
1157 1939
1920 665
431 901
292 322
1642 937
1452 354
1031 1500
1541 392
566 607
1726 965
1924 964
1207 1303
597 1788
712 1299
1168 1871
1518 1638
1636 863
50 1204
1974 133
1959 1715
1920 74
714 726
1891 1370
783 824
645 1489
541 300
178 1803
754 1727
47 919
1988 1355
230 18
817 1957
1498 1499
124 421
738 273
1910 1972
1921 433
381 689
1553 1664
1899 49
1985 429
1850 62
203 582
23 668
1316 294
1908 193
1877 733
1701 1604
1147 1944
776 1495
1932 1592
1303 1976
1938 1852
827 524
1889 876
1237 1210
923 1092
1937 978
915 515
1190 250
1385 526
366 1228
290 1070
1040 1971
1705 1501
863 207
1573 1024
1024 792
1894 1063
1676 666
1340 1227
243 229
1922 1693
733 414
231 646
1916 1684
1970 150
84 1950
1062 616
1413 1343
1252 1173
109 443
812 583
807 1170
764 1084
1697 1008
132 610
1098 1139
288 709
1396 1272
870 1403
171 1602
1833 1973
1134 226
1027 133
1327 867
1052 5
1044 1019
73 1455
1312 530
1718 723
11 260
96 327
1357 264
1036 811
1703 1087
754 1432
1864 1858
320 1301
1355 1236
1695 37
1138 1338
264 1217
1459 585
411 208
361 1412
1976 1122
515 599
1339 1784
845 1613
518 929
1612 613
1824 1596
829 1901
1646 1778
671 976
183 1348
1495 311
401 1032
1361 298
29 780
1089 280
260 1329
637 1367
1 1213
436 1902
1761 1927
1209 139
367 1136
633 1578
587 1309
616 1143
1706 1204
1874 1861
685 55
1935 582
112 1849
1666 142
1118 1335
1727 272
1079 1289
855 1533
1577 1681
1459 1233
324 1320
949 497
1040 1199
1211 1017
1503 1838
1357 1451
965 762
1712 1669
346 906
988 999
1604 992
55 26
393 1180
1276 1951
694 525
499 1292
1181 1025
738 983
1732 522
79 523
772 426
1583 1484
937 35
1190 1359
679 1685
558 158
1415 843
1368 119
655 1124
495 1268
1943 545
1999 1145
900 556
18 45
778 27
1478 436
285 165
644 1133
1549 513
1973 361
1999 390
1323 1448
1332 1180
1969 1975
958 87
1078 1974
1690 906
1188 1948
1341 1140
1533 371
1354 1689
1024 670
1966 440
1346 1480
199 1448
1550 19
627 1591
298 290
1431 1353
536 903
985 1803
1518 791
398 1306
1139 1334
246 1384
1320 331
148 1706
1554 1479
1009 65
975 1096
1760 1973
691 177
1920 1154
1691 1576
1924 1880
865 250
277 1952
1409 1484
589 745
541 1483
1595 320
373 919
308 1684
567 479
595 1941
1604 549
429 643
1725 726
583 1722
982 1252
1794 1115
217 1039
1139 1865
361 1240
1093 505
684 1586
825 1184
163 1616
1350 1261
1085 402
1233 1500
859 1190
1667 861
1226 1525
642 1656
812 1904
79 1006
792 1011
1890 1029
1503 399
1302 1318
629 796
202 821
781 1312
786 1971
1385 1592
148 588
945 327
1326 1456
301 1016
694 1548
433 36
685 1255
599 1506
493 1058
1361 1571
1432 722
560 31
838 436
1999 1705
857 1070
1779 1161
743 977
1681 98
177 1238
1470 93
1850 1493
821 1378
674 475
662 914
1483 427
1713 1472
617 960
1691 1356
300 103
494 1014
155 1457
1665 1276
291 1695
817 1359
1157 1330
820 1448
1034 215
1423 755
449 1906
1610 525
1295 540
1595 877
924 699
1510 1395
1021 1383
101 792
1969 1954
1466 400
1859 389
72 431
1430 778
935 1792
946 1986
1231 1248
175 78
411 1948
241 1565
1372 1891
345 1171
496 277
1966 1347
66 1346
137 1228
147 993
1623 94
1834 1780
495 1326
450 1259
1089 896
1711 842
1410 760
857 840
1210 382
1301 699
675 274
1302 1394
154 822
1745 86
723 847
287 1808
37 325
416 1979
482 1030
1837 321
1719 1442
1789 315
1064 1249
768 99
420 1000
1695 1756
1301 831
1495 1858
862 757
130 1006
1118 688
591 1614
442 1354
1110 968
1882 1631
569 1282
230 1364
415 1774
808 1916
1178 1048
1575 1073
1616 1856
904 903
454 1201
458 793
1646 1433
1098 1468
752 1012
1862 1109
668 1453
251 138
1951 55
619 543
1135 1032
820 580
564 976
84 1169
1118 846
1334 814
1837 742
790 1043
285 1120
926 184
1155 230
1259 998
1176 1742
1031 1328
1425 169
547 1766
1458 535
26 685
673 903
675 1578
1202 304
1947 1143
910 742
1598 178
1145 740
1879 777
1332 241
406 1035
958 1898
79 1210
1837 1555
567 1831
427 1851
729 1063
840 898
35 1591
330 1418
491 1891
1972 1213
603 478
154 1780
1636 193
272 197
50 575
1467 411
612 1398
1254 1159
1921 168
1287 753
877 1222
543 725
1066 1947
1293 1654
1548 1610
1101 35
1291 611
730 645
406 1568
919 1912
823 284
905 475
341 1150
1110 1350
1741 1965
1205 1496
1922 1658
266 806
768 1707
531 812
114 1082
1093 1229
250 1399
1851 612
1558 1806
1650 1958
1883 820
498 1429
852 223
255 97
1977 1466
796 1311
1428 1279
1436 634
1829 1794
1966 1569
117 1780
1393 476
70 1815
1595 528
293 687
1160 460
134 1757
1322 191
902 1456
1265 1783
98 1875
1451 1084
81 982
1981 864
1929 987
254 1301
230 1114
650 1210
129 949
1672 69
1435 1481
773 1238
1657 803
131 804
910 1189
914 503
1229 602
1804 1659
1501 242
1487 453
1247 1049
1052 1699
1430 576
129 1587
75 1006
1377 625
1791 199
1541 192
1900 378
1615 322
1170 1660
1493 62
1202 232
1628 1890
235 894
1335 883
168 621
859 1507
669 8
29 1110
835 819
1954 1656
491 373
216 1030
981 154
395 1088
1812 816
1601 1177
1212 1992
504 256
32 1710
666 1858
1607 1549
1199 1687
801 465
150 1720
599 1559
1823 1348
1935 962
571 1948
1746 881
976 445
251 1067
1382 320
452 509
1515 742
1144 1784
356 347
1790 691
52 1584
901 402
1802 493
16 1337
70 519
1183 741
1259 92
685 1951
401 709
1481 846
358 1134
214 1624
322 1218
1433 1977
113 1893
1112 1421
986 690
734 1132
1117 721
1730 359
1468 442
1636 59
540 1318
952 1284
416 1796
1593 338
1357 1807
1280 1255
1362 280
981 842
167 614
500 620
1040 1201
388 85
1916 815
700 669
526 1592
1057 743
764 639
396 368
1889 195
1154 284
1447 385
1847 1661
425 1994
817 1785
802 160
456 959
1558 1765
1668 1509
244 953
119 1257
1215 373
1480 1519
1081 104
1023 1696
549 503
1552 1884
1079 1224
1919 713
966 1583
34 98
428 1426
1587 1497
1840 42
735 1357
292 1965
882 1637
364 1730
381 852
1349 1704
395 1867
1179 543
472 1272
490 475
837 1760
746 1585
401 632
768 1135
796 445
1881 1905
1275 805
1579 932
1836 113
1641 408
606 322
143 1511
282 801
548 1173
753 1027
712 902
1655 830
769 606
1855 1877
1998 1422
1396 1341
232 73
334 1750
881 395
968 318
428 1850
764 1466
1775 362
1566 929
984 298
1682 879
1585 1191
1160 1225
225 1842
948 944
745 1475
1173 1314
1835 1830
1736 632
1403 795
1948 113
1024 101
1394 1775
311 1707
1052 328
167 803
364 1776
1918 1214
1702 323
550 50
150 1110
1870 7
259 1437
1521 249
486 1711
1104 1594
1389 1732
1512 563
621 1452
479 104
166 1365
313 1041
1523 1412
1077 696
1712 1324
1502 456
1904 1158
672 1934
1068 577
192 1260
1164 156
684 299
1753 155
1154 346
578 413
943 1047
648 1890
462 1418
371 1086
1465 645
1934 850
989 1364
1782 1811
1368 179
1578 424
332 1911
1531 935
1211 568
1381 128
1921 56
1176 1228
272 1518
1589 551
816 1039
625 860
1428 478
1740 130
1486 347
135 1480
1738 4
481 1109
850 733
1838 14
1620 1692
1934 1576
1593 930
94 1590
934 1911
1711 1723
1476 718
1378 895
170 1388
1227 485
1638 251
966 1978
1502 330
211 1957
1022 1311
593 797
5 389
1554 64
486 1081
1202 1175
1314 1494
1607 488
1414 1131
1670 613
1092 590
1779 1717
1194 1055
164 34
130 471
896 700
397 798
464 1603
1405 215
1876 234
51 1726
341 1132
780 227
297 953
1115 976
1977 1577
838 1421
385 1741
1792 1186
968 1344
1743 1772
1219 251
1442 1903
325 577
1045 1894
517 1322
9 1076
517 763
438 1992
746 31
122 1747
975 445
911 1212
1049 1459
552 1229
346 1761
1486 1391
441 733
163 1050
1481 95
773 1790
1755 1938
896 519
1749 959
512 857
1083 1224
1338 761
425 1858
613 1325
664 1922
1694 1899
1469 1634
941 1557
1951 810
303 386
1830 1112
125 779
1264 311
779 899
518 378
434 711
864 207
1242 221
170 1290
1093 1625
32 294
468 829
1383 1538
1136 358
1943 1161
1221 972
1546 1228
1315 407
1069 1223
1714 108
1614 113
1662 65
1305 185
1205 64
945 1854
1472 1167
1902 753
245 875
726 354
1824 487
444 350
1434 712
635 194
809 712
222 1936
815 1535
1034 954
186 1658
167 323
121 56
1324 293
1964 1825
1285 1651
1061 1136
848 1871
344 1056
1922 1167
99 401
1325 355
1716 1438
293 474
1476 1972
1736 1949
1355 1771
466 794
816 1352
1504 619
1826 106
692 1809
1517 1170
825 364
1885 246
1148 1374
413 843
971 1111
1541 1270
1386 194
642 1217
1994 609
439 1427
339 1703
605 1569
618 631
1785 1897
1082 245
1489 1717
482 898
978 1491
1586 1523
1077 468
289 1470
1319 636
725 1999
710 306
1934 182
1392 1617
819 1832
570 1129
1102 394
1419 1119
617 935
254 994
492 1140
1820 1928
1984 707
635 515
219 1613
528 715
778 422
847 1725
881 1148
1055 1306
1853 1127
1223 629
732 623
76 755
421 809
56 397
1828 982
1609 969
926 398
1106 770
1718 1828
1746 1439
194 1786
644 25
1621 66
1152 522
1604 1559
583 1158
166 286
508 880
918 1974
1802 1424
414 1877
443 1239
1892 573
1305 1425
741 333
1217 1238
1164 1908
167 654
806 1550
158 78
47 476
1515 1930
1054 1104
1632 1813
1394 1655
839 1295
1946 106
710 365
714 336
1517 861
784 1697
1029 1460
250 597
898 1783
184 1739
447 1607
822 504
852 477
1346 1186
1537 660
1175 926
1541 366
1679 1682
1367 1093
1403 229
1889 1122
1494 1323
993 1028
523 1237
186 1050
406 1190
596 1558
177 1153
687 827
693 1086
750 534
1250 1582
425 1524
467 1600
1802 899
1887 627
1658 483
615 1600
1998 1050
808 527
1718 1790
1953 1567
670 1216
39 1755
98 1759
284 863
1848 1306
2 790
1836 983
1091 166
460 963
743 1294
176 1890
634 422
425 1168
44 187
1029 561
769 959
1994 1100
640 873
634 568
441 1345
624 119
1969 1543
565 1263
1270 228
1016 824
1327 1746
1982 1501
1361 721
1066 13
951 1207
267 816
791 1647
1210 1006
127 986
775 1026
376 1753
1479 894
9 329
1279 210
1434 1046
83 167
1512 1590
113 289
1043 403
1777 1631
154 681
1134 576
585 115
1885 1913
954 1659
667 1297
1560 1463
1163 45
1182 860
263 1967
700 1562
703 899
1569 134
511 763
1352 474
1010 1692
1467 809
1916 342
383 1875
1748 1864
1364 1015
967 1337
636 978
559 1612
262 493
1676 1601
1945 999
809 1146
1380 818
1661 1337
1297 736
1088 563
1922 1286
1272 1341
578 1642
452 1473
366 95
1110 1261
161 1647
688 1685
1628 717
1714 640
984 1577
97 981
1330 1407
360 1282
1980 691
231 946
1500 1952
394 252
256 1890
171 1717
612 517
769 351
1297 848
565 157
1405 534
42 647
719 655
1203 346
1449 1477
403 1557
329 1118
1186 1621
1009 701
1854 219
1998 1011
97 1043
1136 1096
631 1319
1526 972
973 447
960 565
1841 156
923 1343
555 1010
810 856
1144 1412
1301 185
1595 930
1778 1798
1905 1094
765 1041
1974 1283
1579 1218
955 467
93 1618
1023 1642
706 1625
80 632
1193 152
1118 1945
1014 749
465 514
670 825
769 713
1119 871
685 713
892 1117
673 453
1550 132
387 368
134 1561
1971 502
1561 1966
1404 468
412 820
878 221
1241 489
318 1967
1522 868
1622 1201
700 388
81 1238
1927 257
728 1198
1443 1125
797 170
631 848
778 1442
747 112
393 1357
1201 469
1005 1762
1084 48
1752 493
1210 130
1339 193
1909 1278
1712 1528
389 1682
778 601
279 590
1645 1272
654 87
1471 1938
277 697
1675 538
979 79
1187 1888
564 1741
1397 511
1373 320
399 269
843 1848
586 742
1263 281
319 1882
2000 1020
862 1256
417 678
853 72
1070 38
1909 1025
1764 278
359 511
1551 26
647 374
1912 875
1901 1411
1832 1792
1541 19
1165 410
1180 1035
1556 920
601 818
849 1974
1643 1954
646 353
1702 560
666 1102
861 721
1677 832
1048 1782
270 846
1128 1777
253 1149
442 406
1873 1914
1615 501
70 1676
1422 1250
1659 572
1649 1185
1856 174
1843 386
296 1412
1044 23
1138 1245
1315 1766
439 338
1706 404
1967 106
525 302
1516 563
1340 1360
473 1249
675 1906
1151 78
963 423
612 558
1205 838
846 1335
174 333
1065 20
1310 1161
1136 1185
41 1630
6 1507
669 771
1687 713
702 470
834 683
816 1786
1540 1494
282 1877
1090 208
286 266
1174 250
232 577
1754 1253
67 561
707 316
256 543
1057 23
1992 460
886 91
1803 1062
33 531
890 745
462 330
1970 1673
259 1587
731 153
1952 1959
701 1987
1484 1394
1709 508
212 1309
702 937
1501 1586
1643 341
1507 1520
332 923
1644 1483
947 214
1700 1188
444 1450
502 574
1858 1214
1586 1441
315 1098
251 1040
1869 1258
1079 464
736 898
1917 157
1717 1209
689 1125
1893 1399
893 157
1172 1706
574 323
1199 181
93 743
1787 786
814 1076
1888 998
18 1163
92 399
1922 694
1006 777
304 1387
1174 1771
572 471
1619 1168
1020 1286
754 1968
1502 462
1365 142
1163 1580
732 463
887 605
3 1397
1046 1146
1938 1691
1926 692
1511 1992
49 1774
1920 1010
513 1735
740 958
1723 38
241 92
937 1316
440 315
934 780
1664 1437
1919 975
760 1886
1450 1744
1457 271
596 1970
695 367
49 544
826 117
1390 1547
1624 399
1347 138
1355 225
881 1490
229 679
99 1940
305 618
665 1097
776 311
1876 1569
982 1983
904 1893
421 1434
1582 271
971 940
1192 1259
1158 1793
350 1509
759 1195
1688 409
985 1432
1043 1862
1989 1064
1314 446
1672 802
840 1664
1821 1022
645 658
1852 944
580 879
1177 1360
1938 39
657 1857
867 656
1435 1629
1339 1477
15 309
31 502
358 144
236 1910
541 1996
316 1574
1744 1724
1863 63
1649 776
1505 889
1179 238
1013 1937
1438 1916
1555 798
424 1108
1753 1369
964 1805
183 1159
1651 256
150 799
1444 369
367 1181
597 550
1256 1761
1286 940
389 219
459 1892
140 1545
499 2000
438 1925
1300 1566
403 1457
1626 452
528 1841
1633 1912
1174 1355
561 1635
1708 906
1759 603
697 1767
1506 1304
446 1129
976 1919
907 1827
1910 1213
554 1121
1739 1306
872 332
541 234
1437 1587
191 1599
1157 763
620 923
1542 374
262 1532
641 1198
1672 1547
299 11
405 231
281 1265
233 332
1080 116
168 1287
1374 1733
1560 1168
805 759
576 1281
418 628
537 530
1875 887
1891 158
8 610
1348 103
100 1634
372 928
342 1277
1341 1645
758 9
1524 637
428 1538
176 1628
1465 1188
437 451
1786 1108
1182 393
492 852
1044 664
676 1597
608 1164
799 968
160 1564
1298 1419
1988 742
1571 151
275 1823
1514 1407
1611 408
1062 597
704 1825
247 1130
295 1096
441 1080
1285 1754
1934 1696
1130 1574
476 456
144 1615
1071 1263
293 1731
280 1365
1433 1778
1877 850
1899 1680
1424 1400
1823 1619
1326 1872
1743 1544
1108 598
52 1641
1128 1034
1329 732
1411 1428
100 638
1778 1540
1556 1845
1490 1005
1667 1295
1560 655
1307 1813
1233 1485
1219 1734
1720 594
516 1585
574 447
268 294
325 1762
263 204
1435 1251
1173 1983
37 741
1098 426
1283 1246
1617 986
264 703
583 1904
27 397
1527 125
1707 80
1714 556
1991 1211
1969 1656
371 966
663 1402
856 1324
1026 1556
869 307
1244 351
895 640
1590 1235
1379 804
364 1651
57 1432
1950 1933
1483 942
1837 61
535 13
1053 91
335 1038
469 687
1547 1516
1657 1291
1479 1496
306 223
36 438
991 101
388 1645
542 117
1402 1230
1683 441
1086 445
652 1307
756 629
1665 934
593 1858
1110 8
1040 917
541 1321
1511 1336
1302 1781
789 1059
59 1002
607 1227
1058 677
238 537
1928 1929
1797 551
1965 520
565 1598
775 615
1069 623
833 1759
75 417
628 828
1561 1358
403 155
1507 1170
182 1474
1039 456
196 649
1508 911
9 1853
851 1377
278 1433
1105 561
1501 346
351 1030
1089 203
720 874
1725 1686
1748 936
890 196
1099 667
1769 1918
1217 178
863 835
1503 1166
1674 452
188 41
1544 196
386 1729
601 643
494 1084
1222 343
218 986
1431 588
69 423
1926 730
1260 592
232 867
258 1713
292 1949
1817 1300
1821 1979
96 213
248 590
723 1884
1879 881
190 947
615 10
927 563
291 1805
1336 1284
509 239
1773 1233
160 330
604 348
154 720
1697 424
495 962
403 595
928 1847
335 685
1716 525
807 1831
1514 1239
698 880
412 538
1955 270
267 1380
1681 479
109 360
263 1283
1427 364
231 557
1688 1188
1106 151
992 263
1764 794
1219 207
814 1220
439 930
1271 170
122 365
1860 519
1207 159
323 560
625 145
1723 456
1938 328
1866 1358
1619 1531
282 910
152 420
447 154
1604 1312
952 1544
1103 1604
866 1935
957 1434
980 207
852 1801
825 1236
1011 434
480 774
656 609
149 875
1533 471
560 786
1206 268
1101 1936
1653 1798
1002 698
566 1009
587 127
1066 624
1500 60
1339 1393
1514 319
564 304
1454 356
1591 1283
141 1659
1614 1062
1162 1591
1041 90
1295 1170
1910 328
289 23
1943 1181
862 1842
689 237
1327 961
1969 1990
1734 288
180 361
54 5
863 871
567 807
961 131
1200 1162
616 1715
121 1435
62 1836
1531 545
922 420
1926 1217
1264 754
1597 530
1026 355
1821 1919
188 352
793 18
1919 1227
526 1599
814 644
615 766
427 1462
559 409
636 1088
1982 1054
996 1744
1876 888
1751 1634
1822 271
874 40
83 21
1528 1202
1139 1395
417 351
1906 625
851 1420
601 659
386 1878
1754 1332
326 976
1637 734
1195 415
1715 1155
446 1494
393 625
1262 853
1925 1992
1746 423
1280 395
761 1302
780 323
1379 961
1155 1401
1788 1757
1737 1345
1172 716
928 1010
226 576
239 246
970 137
1078 493
24 68
1239 109
863 744
565 616
1007 1912
26 1101
263 317
1614 995
1247 1239
315 1347
1317 1132
555 1617
962 71
131 46
1491 2
76 666
897 841
879 1970
1499 1016
963 1011
781 1247
1598 1071
626 867
1303 1458
678 609
392 1690
841 757
566 1987
1728 1876
695 844
67 891
1062 1263
1942 700
13 1814
408 1208
777 1560
290 984
949 1563
624 1606
608 1684
61 538
1376 660
544 1335
1056 1890
163 1658
622 1312
1518 985
923 1419
436 22
149 1287
1181 496
513 996
1744 513
1232 1380
334 697
868 333
1467 1948
1362 1666
297 242
533 3
1469 391 30 346 1036 839 1585 1349 154 1349 7 277 1440 1450 1030 94 642 56 1034 24 1469 1440 1755 28 958 744 1382 677 1576 1795 314 346 9 709 324 796 296 26 1000 1349 421 1432 1030 1661 56 132 700 266 1089 316 1816 1663 12 1036 744 796 677 1358 1422 307 773 765 1169 768 407 1450 642 28 94 967 40 1712 548 1585 1518 967 1730 15 1535 26 410 1502 1469 44 1712 1441 1469 13 328 1225 1816 1547 1755 13 1359 104 334 709 26 876 349 432 74 906 162 983 1054 21 1010 331 872 104 1054 1677 844 1686 1677 40 277 1094 796 1030 1519 1624 36 40 1033 1449 407 1535 35 1034 133 266 1309 1661 87 558 1518 1028 918 1732 95 495 356 1795 8 755 1677 1576 1309 72 1094 1349 872 1370 882 15 1805 28 599 1695 1166 709 1272 1732 1469 1392 266 404 1518 7 876 1449 15 998 441 882 729 1650 346 1695 839 296 12 1166 1661 421 266 1686 700 844 1370 1690 1805 81 707 346 1441 833 1716 729 599 983 1458 504 1422 1650 95 328 822 1244 104 890 1328 721 432 1033 104 312 1716 324 1528 1455 218 21 709 768 1166 1115 1364 548 1244 829 1138 1469 74 1033 1485 929 1547 729 1138 197 1677 1485 1382 1686 1686 316 558 56 1816 397 40 1244 1034 1528 761 7 339 133 983 120 1000 1458 928 346 857 1359 872 677 30 1138 277 1309 1030 30 1028 1732 882 1169 1449 1730 1272 1732 40 26 1755 902 296 181 410 346 1054 890 729 902 7 74 87 1359 773 277 352 1528 54 1677 1030 599 404 729 1225 1272 266 1256 677 983 1493 12 773 181 314 1089 218 315 104 1036 154 28 729 709 1449 278 876 1392 1493 911 1370 1614 12 1299 12 998 1455 1730 1712 7 1661 197 317 421 1364 1392 909 1712 906 495 1244 1010 1650 334 902 1244 1528 876 495 1054 1028 729 413 707 36 1458 324 599 61 31 277 346 15 1535 709 1441 1190 773 1054 1712 1082 1614 1469 876 356 56 1190 1054 1382 296 1547 312 26 1712 872 773 844 822 1455 1663 902 432 1865 929 876 1794 1349 13 1435 1469 983 72 1624 1256 30 1502 548 56 504 765 558 56 1712 404 796 162 1309 1358 1033 796 911 266 1794 15 1010 197 315 857 897 1535 356 28 1033 1485 12 642 277 245 1716 642 1730 30 1816 28 599 12 1349 876 1349 312 1082 382 918 707 181 410 75 685 729 1272 906 1650 30 317 317 432 315 21 54 897 876 75 133 707 133 958 60 495 833 707 1795 599 40 314 1614 1349 132 352 599 352 1485 1716 30 339 1225 1349 1690 162 30 31 1020 1190 302 31 1535 1865 1359 61 1299 729 317 1666 9 829 30 1000 1440 28 1033 929 352 906 1432 1677 1244 1089 1422 132 967 308 1614 316 75 6 890 1469 328 346 1364 15 902 314 721 765 1115 315 882 407 906 94 296 857 1010 918 1730 314 558 21 413 1469 74 1225 822 599 9 1690 307 1370 1440 755 410 1028 1054 844 404 346 872 1309 316 1585 1690 1458 1382 6 1272 7 266 317 397 1370 548 1034 1732 30 902 1469 1349 882 1422 352 1256 599 1392 1663 432 844 356 410 312 1469 21 1493 352 26 1138 1256 1690 1663 1528 876 54 81 729 120 1382 958 1097 1364 1458 998 81 1614 81 685 906 1469 1030 548 21 1349 1382 162 94 1614 967 1519 1028 967 1094 1614 1349 132 315 1695 28 75 1138 1666 8 1435 495 918 1349 40 1010 1349 744 74 1082 331 15 1033 441 120 315 1359 495 312 278 998 356 1502 407 382 120 1518 1020 432 1256 642 26 1528 162 1624 599 1392 729 755 998 1686 1030 1349 833 677 441 1732 1244 1020 1441 677 1519 1097 1094 432 1794 218 245 1089 30 30 707 1614 1225 687 1755 1422 410 302 104 74 278 1000 12 12 1392 677 967 21 967 154 1349 44 181 1690 30 54 346 1010 1688 26 317 918 1349 56 441 1650 909 404 504 1382 36 709 1663 12 352 744 700 314 181 1716 1054 391 7 349 642 876 958 21 404 685 1576 104 1169 28 1469 35 1349 1299 906 1299 1624 24 349 9 324 1169 1299 1502 822 1441 1422 1225 729 1349 1730 352 132 1677 1865 1469 312 7 12 1256 218 1010 1422 391 1688 1358 833 1519 967 755 12 495 197 1359 441 1089 133 1794 54 707 1712 504 918 24 902 1585 822 356 833 929 1422 1422 872 60 548 1449 54 958 1299 709 81 1349 1677 1805 12 1716 1435 352 822 218 12 642 1795 1661 218 829 687 81 642 339 882 1138 30 1502 967 1089 36 346 1712 356 28 421 13 876 1435 331 40 1138 768 61 918 1614 1690 28 314 133 700 909 1677 72 599 356 397 296 1115 707 31 911 1493 28 72 709 1422 1097 382 1115 60 1547 897 1432 729 1000 104 1364 890 1000 929 44 1805 95 729 1328 1349 773 1624 1614 245 1449 35 60 30 296 1816 413 707 1576 8 87 391 75 897 13 315 315 1755 755 1169 685 334 308 30 902 677 1033 87 755 687 1020 349 1169 8 397 1054 1225 339 1493 755 72 1138 958 709 266 432 1535 700 744 407 1585 162 12 95 278 687 87 94 26 1755 1547 687 13 1695 349 339 909 1392 8 721 317 302 26 31 1328 822 349 21 876 245 314 1225 1865 30 1755 1519 1624 729 334 1010 1166 328 1036 1816 1663 346 998 1755 8 1054 1033 495 882 1519 181 24 844 558 413 432 902 882 218 1455 967 768 1169 312 133 12 1686 21 1677 277 54 1712 315 929 1190 1732 1650 906 1028 72 897 1054 558 1028 56 1094 331 324 154 1614 1663 721 918 352 1502 30 1576 391 1358 8 911 44 132 833 154 1299 1272 1469 1805 40 1030 15 967 154 1328 857 1382 421 218 1469 21 26 495 1716 404 1455 707 12 1082 882 1688 1614 1624 87 822 1816 12 15 31 441 1730 1256 829 245 9 839 30 1370 324 56 1370 432 1450 1519 872 44 833 1455 755 308 74 24 876 1034 334 1033 822 495 356 1225 132 81 1450 1493 1716 1138 822 162 1690 72 346 1349 12 1485 677 314 324 642 24 1730 316 768 346 1805 1663 1518 1535 94 796 1469 404 36 346 120 181 558 1169 75 12 432 277 30 346 315 876 6 967 1816 928 307 1272 13 132 1535 441 1010 1650 876 1716 1244 317 404 967 1010 1816 181 349 642 308 1661 839 744 929 277 1614 1519 844 1576 1485 882 404 1089 844 1455 12 685 768 890 707 218 1686 1349 709 1299 339 328 744 21 296 983 95 872 1547 1392 324 12 829 1732 1795 599 755 833 317 1089 302 1624 31 12 7 1805 1690 12 296 685 755 1440 1370 21 1663 1256 857 1455 382 218 906 1663 729 1432 302 857 24 909 60 35 302 432 1010 60 1661 1730 1169 154 95 707 181 1688 844 707 61 599 1576 1794 1450 266 277 1688 1576 1244 410 154 958 74 334 54 266 822 844 1030 1732 278 687 1732 1458 72 729 599 768 1455 1732 72 1169 407 162 54 30 35 928 1449 72 687 1432 61 1690 277 404 21 729 382 13 685 7 1455 707 30 30 316 312 1256 967 958 312 1328 1435 1010 768 729 44 6 890 599 421 12 504 1244 28 339 1485 1358 349 1518 929 12 346 1244 328 707 876 154 677 397 1624 796 1256 761 1299 30 1190 773 1716 15 1028 245 6 1190 1441 1688 266 54 1392 1614 1712 548 356 872 1440 307 721 958 504 504 1795 1716 397 1865 15 876 1755 1485 1528 599 1695 410 1469 1688 1449 768 1309 1359 599 1432 413 1440 382 12 324 1097 31 391 1020 765 857 404 768 761 87 87 307 1272 28 1450 1256 687 1690 839 768 197 1455 95 1115 1795 1010 687 1115 833 677 1309 839 1686 1449 890 1528 346 75 36 24 356 890 1422 133 918 15 1299 302 162 765 9 397 876 1458 21 81 356 1309 1115 1359 1225 1034 1358 441 1650 768 324 909 897 1309 1614 504 266 1115 929 28 1547 31 761 822 266 356 1328 1547 349 1382 1455 1695 902 1138 181 56 1695 349 413 1663 162 1349 761 30 75 13 324 61 911 1663 12 15 1666 882 700 1349 1034 1518 12 1614 7 844 897 1382 8 1359 1663 902 197 1054 495 1166 328 1030 1034 1585 1450 642 13 1547 432 967 407 998 308 421 1493 1805 700 876 721 1422 218 677 768 1440 1663 1469 12 1432 707 397 599 181 81 1518 1244 245 397 599 7 12 1469 1166 918 833 707 407 707 1650 709 1732 833 197 349 1519 1547 162 1435 1382 876 967 1469 407 1082 1097 334 1082 1794 1650 331 1020 599 1485 958 876 1000 1585 1519 1097 296 1695 744 28 1036 1716 1614 314 929 1688 1686 755 26 876 352 346 245 24 1528 346 1115 1435 1518 441 1716 346 1661 9 245 1225 1020 1816 677 829 773 1244 410 21 1169 558 1138 26 1794 1458 296 1535 1190 876 277 1225 1441 30 1030 1097 245 278 339 133 599 1661 1000 15 316 1138 709 1688 1795 432 162 30 1309 967 882 352 317 1455 74 277 349 404 7 1244 1328 397 1370 1349 7 334 1089 1688 1730 1502 314 316 822 441 1441 1422 9 30 1033 13 75 397 1115 1225 707 929 882 918 296 707 54 40 120 12 334 1485 1805 1440 1244 1089 432 56 1624 87 13 872 277 15 911 983 1435 441 30 1358 906 1422 1688 1349 1358 1054 773 1450 302 1432 1370 929 773 56 909 316 707 12 81 765 504 1000 154 104 1794 1449 21 404 1082 1020 1272 30 1169 404 1455 266 1190 382 1614 1585 1089 60 558 1272 709 829 1794 773 822 296 1272 1493 1169 441 1485 44 312 1493 1805 998 768 1730 316 1519 26 1795 1502 1614 1097 31 6 1358 1716 9 897 356 1115 1370 339 1469 709 700 1485 558 1010 1299 1485 132 315 1585 796 1519 391 296 796 120 1795 87 87 687 685 61 356 1695 60 324 755 1000 245 844 872 911 382 87 755 983 882 1865 87 44 744 1030 761 12 1359 1000 822 1518 958 72 410 352 356 911 1190 266 983 677 12 1435 314 1469 1688 133 312 1805 397 413 13 1020 1432 1663 308 1256 558 1364 407 74 56 12 94 796 928 548 1166 1432 918 1166 1614 1795
