2000 4000
998 1261
1376 965
1445 802
145 602
1388 245
1404 206
645 550
1700 1134
512 448
534 743
1496 980
109 63
365 898
1095 252
729 1283
1378 1623
970 1613
542 1062
511 5
1939 201
253 1014
189 1061
57 1370
254 1147
1172 1307
1467 889
1539 586
1955 629
1024 1589
1814 333
1387 982
320 1795
178 517
1080 1254
825 1367
1369 1557
699 1420
1811 254
1152 91
1904 1823
1492 672
162 530
187 116
1549 1345
517 1294
1911 1607
1694 1613
641 284
1574 348
147 1182
592 383
944 962
977 319
718 1044
639 1605
1117 866
1072 138
891 558
870 1998
1731 1297
1707 1313
1768 1139
1106 52
1686 1148
1389 764
1438 1564
1777 1977
1272 1229
604 1236
1643 713
716 1410
222 581
1230 1693
541 1892
868 1135
720 94
1537 1225
472 1912
811 345
1554 1769
84 1768
23 1495
700 301
1450 1267
1796 1869
1379 460
1752 369
1694 1755
1714 635
200 992
1349 572
81 28
385 1595
1151 1778
215 1738
1415 1717
1912 1488
435 1639
21 1512
660 674
192 196
535 1521
1323 927
1621 1990
397 163
1364 548
649 830
951 499
1029 835
1798 1888
1417 1170
1385 1000
1805 1222
836 1222
1889 569
716 596
22 1621
332 522
1088 1545
995 1143
1778 1899
1276 1437
1921 701
1465 927
341 1297
949 1264
1911 1233
612 435
15 1072
1168 577
633 429
852 1439
416 874
304 1436
1575 763
1307 1660
239 454
1237 114
110 1549
1846 823
1760 1828
1362 1760
494 1185
893 1938
794 745
1205 1980
1051 877
1900 228
1949 315
833 480
606 1012
58 322
1842 1862
1817 442
940 453
1020 1051
1314 853
386 1749
881 1925
1313 310
1608 1210
1087 724
1329 461
97 485
811 748
1228 1037
361 1683
1327 1
734 155
935 1070
1773 924
1700 1050
1426 803
339 1301
1764 1488
1882 849
763 101
1424 692
1859 162
1701 82
1825 397
1059 1835
1894 1536
349 1412
1482 646
496 487
143 1018
1638 853
1566 1995
1921 908
1837 1921
1483 343
199 1686
790 1461
315 448
1139 255
372 1236
1503 397
514 1076
1180 338
1008 866
1329 844
1009 729
1513 1821
1729 328
691 173
683 422
1278 1168
311 281
1527 30
1659 556
182 824
1979 761
419 1919
1737 160
1143 1849
1475 152
996 12
591 1125
1761 827
1805 1571
803 1567
622 823
1881 969
1684 337
1247 1181
1896 942
441 763
1366 534
1995 1586
1358 1235
964 445
1418 1650
1458 135
989 1019
922 372
1891 1092
1398 634
1459 682
480 1337
1793 300
205 331
1532 1559
612 630
672 1587
259 1776
354 455
1796 1734
228 1583
1515 1981
1932 708
1665 1833
21 648
88 660
1063 262
1295 1069
1214 1311
1843 1389
1532 1876
1242 1637
1029 1083
1750 88
412 1911
1633 1758
237 1434
319 707
647 1687
796 1518
877 616
1056 1830
139 1325
686 1365
714 1382
511 1332
1912 665
1399 335
882 20
693 1832
941 821
585 829
1879 1610
447 1132
615 235
1973 1639
1951 199
439 875
976 1174
1275 1022
1329 1958
959 1576
102 886
441 1516
158 1593
1725 726
948 611
961 962
548 1529
1565 768
1743 467
1515 1687
1647 1299
1652 308
31 1555
605 1423
1539 13
263 733
60 1403
437 837
506 1005
225 22
339 959
1131 983
1694 856
1799 1598
1234 1365
1226 1999
149 1423
184 1989
1023 643
118 1543
165 1562
1934 544
1774 1462
1448 247
978 1074
1738 1040
101 46
852 168
680 432
838 256
1362 725
1829 811
424 106
405 1444
1194 701
460 603
1143 857
262 1624
271 376
816 248
481 992
923 1398
739 846
657 180
1625 1597
1064 59
676 1171
1842 1225
1580 1779
1710 608
698 791
1920 394
1402 1090
1633 1531
1264 1790
674 971
1843 564
1581 529
1844 741
1571 1209
1836 1223
958 596
205 1933
1038 857
463 1637
895 475
1780 377
1513 191
151 1410
471 774
699 1312
1796 726
504 1875
326 567
270 1081
803 1963
1445 245
633 402
13 1635
768 1837
1048 592
1667 785
165 217
1698 1939
1703 1352
1140 1633
1713 1143
1346 1628
1547 247
1314 1988
349 1842
627 997
1937 437
1929 971
278 1349
1618 899
1747 1845
1557 855
531 443
837 1541
1443 39
1281 625
1244 1879
1292 334
1201 1587
221 1585
474 1169
1348 1041
172 1710
1840 1543
366 864
1206 1853
232 11
824 445
873 693
1344 1097
1746 765
1696 496
1610 1545
400 1691
186 1436
260 796
927 1822
1856 813
391 1244
1702 1231
1023 1161
1501 329
1066 1624
272 1479
1985 1927
1651 291
383 836
1606 43
932 732
782 451
196 420
911 479
296 1144
1649 1488
912 185
218 301
1515 903
568 1269
1748 125
780 293
723 110
1771 1656
233 1311
406 1952
510 783
327 1594
91 705
1353 892
443 1170
1604 1049
1003 1054
1379 1215
765 1127
710 1982
1627 1630
394 1554
122 443
1158 303
894 175
770 1159
1035 1232
1435 1985
313 1681
1126 1874
212 942
523 846
1494 16
546 117
1703 1566
300 899
1943 13
1113 671
627 1409
1079 298
1671 54
1218 742
1980 1389
122 143
1034 285
863 1159
834 1103
1359 1377
1601 610
701 837
1865 531
638 785
1887 836
1334 1318
319 370
999 419
1733 623
1717 176
156 465
26 1036
177 1658
1242 727
766 1450
858 906
1424 446
1712 348
657 1193
1721 1253
1069 276
1370 800
1211 1989
775 18
1468 15
1146 553
970 789
58 239
737 1653
272 1617
1711 274
1422 894
40 1365
1810 1894
1902 1769
213 136
2000 658
1854 217
423 220
1745 1676
1854 1064
410 1485
722 749
936 853
880 1638
873 1986
809 863
1056 1708
1922 1471
1559 418
486 1012
1695 1107
1132 344
1519 836
1769 1150
226 1759
1917 1048
1568 714
776 650
487 921
156 1598
337 1532
693 1013
1193 1660
1364 1776
388 44
1492 1946
1625 772
1823 1501
707 488
769 1826
759 851
454 1052
448 1885
865 152
50 1712
1777 80
733 148
1502 1305
1681 1542
356 1772
289 2000
318 855
1142 330
1110 671
1886 587
723 34
179 1581
566 1339
533 1085
497 1214
1456 1600
54 809
1411 1751
1622 1308
1270 1473
717 287
913 583
1416 614
1746 1106
1958 203
1449 1886
412 1602
1751 1513
1425 1179
1036 1069
1200 563
833 802
172 1546
1246 1313
1075 753
1453 84
859 792
485 22
1160 1805
1129 906
926 767
1813 919
1146 535
919 164
27 1221
421 712
1971 1717
1561 1704
1839 546
931 1473
1238 1513
1260 140
1060 1304
170 1059
1983 544
310 1651
1636 115
1031 684
1189 449
929 270
1444 1183
796 1929
1024 1525
1968 884
1784 1910
915 1396
1482 293
575 1877
36 362
1129 865
589 1411
1485 1817
599 1782
239 1824
705 1199
111 756
1088 1818
1237 384
167 55
1060 1570
1425 1319
941 770
1477 1304
122 1438
1883 1925
1262 621
1834 741
726 1532
1291 229
350 1755
13 591
1171 1518
1283 1363
632 1596
729 1028
918 1478
1215 664
1572 1922
592 1032
1106 1063
371 676
1919 1827
207 472
1381 91
1544 585
1398 385
1267 559
938 1960
1814 1935
710 1138
952 1997
1724 1486
1408 46
1629 1604
1652 704
242 1555
452 420
1794 314
438 1857
600 532
65 481
1949 1886
1285 77
1060 510
817 394
526 1736
424 906
27 1571
1294 77
770 1331
1790 1182
1002 1578
13 804
1165 999
1328 1799
1497 984
1728 1953
580 1749
392 610
1148 1958
334 951
1825 1437
200 1572
1098 282
1188 947
1913 53
1653 125
473 501
1459 139
1659 998
1327 1500
646 1012
810 1105
1343 1101
1895 288
1898 360
1171 1840
790 1014
1864 1702
1297 1088
1546 1553
335 673
500 1609
1306 854
278 1465
260 939
1111 1821
1812 1516
1566 456
1132 1053
1667 438
743 444
1908 30
288 1129
434 27
1392 183
758 1391
500 178
173 624
534 272
1530 678
628 448
1662 1707
773 39
1419 81
1994 1097
525 1973
892 1700
1631 539
1504 1314
1221 1732
1612 1513
1018 811
543 1078
837 1834
471 391
487 1249
1229 1658
1025 952
662 1869
756 654
1635 1413
523 923
213 65
55 1394
635 1815
786 697
741 668
257 1419
635 1611
277 1825
1077 116
136 887
1148 1028
787 1549
472 65
1602 1155
1996 1026
1551 73
182 109
749 471
524 860
1809 1060
1089 393
120 812
1139 1324
1056 931
1180 1767
937 154
732 1116
1401 77
1628 655
1947 669
1077 1460
1818 1660
1095 1064
150 801
1225 273
1560 538
1 915
1716 1247
1095 1673
23 1584
483 1675
352 565
1639 1945
1096 1878
271 1268
1118 530
414 578
716 25
1378 827
1961 1997
1196 323
1186 730
58 1642
1320 301
550 1696
1052 171
1059 1350
364 1444
1351 640
1433 1227
1386 75
744 219
591 1217
1144 916
1086 1091
441 1731
91 1781
325 916
1029 1787
512 459
1316 1100
1336 1007
988 1137
671 1136
1677 665
1582 1011
397 331
767 1121
449 1033
564 417
1352 1550
1136 1155
366 737
1874 538
837 1086
925 461
224 488
1649 1166
297 616
1763 54
1597 1342
1540 539
1273 50
1642 363
1148 1721
1132 837
363 1700
967 380
1482 248
589 86
1820 576
1955 1323
1066 968
1626 340
1203 176
1808 981
497 1175
752 1384
1479 1970
1935 190
668 1526
1295 1138
1375 389
1697 757
1935 964
639 901
707 1809
206 366
176 1255
696 328
94 380
1846 526
90 397
1274 150
1354 1115
936 1765
53 1402
554 1548
933 1532
926 118
652 1264
136 1486
43 1876
1520 927
144 420
253 1181
875 1941
842 1292
1497 1950
1792 490
947 821
316 615
1884 1064
1979 1747
209 1416
1176 1490
874 1028
1478 411
1413 1566
879 1422
1178 1288
1357 1832
1194 1834
125 1304
866 450
5 481
891 923
362 828
816 894
709 120
1102 1220
1137 508
952 1471
904 1872
1609 1210
1866 1195
996 639
1850 1817
1527 745
1842 822
1908 1659
601 662
942 950
346 1953
1882 1957
628 135
5 321
130 1027
1555 749
439 1198
802 1608
1851 638
1957 114
64 32
149 1779
1723 1102
520 578
708 262
1567 1291
1461 470
1311 461
1405 580
1494 1042
427 744
1916 1760
143 165
1369 1403
414 1613
365 1902
835 1855
2000 315
1959 248
1513 144
313 1830
1745 673
1558 13
18 869
1667 1357
623 1488
792 888
1996 721
624 769
1955 775
1190 1295
515 1795
553 681
62 1279
1251 434
663 104
124 73
572 1518
405 1509
900 1156
549 1426
470 605
1115 47
1249 1935
1222 821
1186 1608
1376 1677
1064 1907
1670 195
956 95
1248 431
1211 1382
1006 1651
768 22
1646 369
1142 1831
1865 29
1536 576
1322 100
1876 1096
1438 395
953 126
1396 80
814 452
1096 1362
1231 1012
490 1153
1807 233
1390 1724
1450 623
615 1952
412 840
1141 562
1786 1238
360 285
1338 1268
903 1176
1908 532
1547 972
1196 708
974 657
1160 1401
601 870
1234 1851
1881 1982
988 1714
1168 265
450 527
97 1192
1353 1756
1004 1236
48 1659
408 1460
41 1976
280 466
1508 1386
1629 156
25 228
1670 931
1775 1565
633 1240
1162 194
1850 661
303 963
1374 1516
1464 1101
845 1567
515 1042
1477 159
1811 944
689 1910
1533 1483
1937 613
974 951
638 1134
713 1841
230 1767
1524 1384
1919 1576
1198 996
1418 1015
106 145
52 1353
1875 485
198 1738
1663 1742
1892 525
273 1836
1056 1948
280 767
218 1671
1084 1170
703 1159
922 1555
354 1650
1846 609
1686 1571
1720 695
1645 85
1786 297
430 1564
419 540
726 69
90 1402
1334 1491
1851 1594
1571 39
1239 440
1681 1617
809 1596
187 275
71 1631
1972 1978
92 888
294 155
1453 601
1674 572
1921 1466
1711 64
1991 962
1373 1097
1492 1856
490 1207
1692 1161
338 948
1450 1277
10 375
989 913
914 686
1834 797
418 95
1928 975
986 370
1017 1641
1474 167
1308 377
1858 742
566 1350
250 639
1325 1475
539 157
1386 1323
422 572
679 1157
1827 287
841 1931
666 631
652 1423
147 365
1927 1808
760 1391
243 749
1919 1829
1676 233
1512 561
1367 709
263 625
750 957
1700 536
1897 1540
1529 1430
477 557
1591 866
539 1706
176 99
755 764
1787 1310
179 1154
361 528
154 1231
1547 1163
879 1758
458 483
1523 1504
246 1496
1533 240
1019 911
290 1367
1375 317
1269 649
1857 1437
326 257
1982 59
166 443
1068 242
156 728
312 8
1646 872
1093 1533
934 1393
1324 1768
234 1630
1547 225
1369 906
405 1825
620 161
779 1592
1554 1156
1250 82
189 1477
1527 1679
1255 721
279 1331
911 1454
94 1819
1386 444
875 1311
1928 1058
705 1988
582 558
368 1951
145 621
912 466
1576 1758
1632 904
203 589
237 1654
484 806
1127 477
651 389
1573 623
906 1693
180 1341
1015 704
527 311
1556 560
1991 1543
1652 1998
730 1873
898 264
659 852
1010 744
933 1325
1751 1311
1113 1674
886 1196
1249 1948
139 183
462 1662
1196 478
521 791
1259 1059
311 1041
1973 1156
738 175
487 771
113 1227
1360 1034
1629 1592
409 566
734 25
1599 1388
1008 1220
624 654
89 1623
65 1207
505 29
1679 581
1952 1524
1726 1544
262 945
1948 248
636 619
1241 1082
267 561
1083 287
515 256
1639 1785
507 1016
197 1404
395 87
1833 1133
425 1379
1224 1310
585 1045
1421 1320
260 458
1456 620
667 1397
1750 711
1191 1081
1280 1124
1953 1450
835 1944
1427 1634
308 1046
952 146
809 761
195 1841
760 561
1601 856
1782 516
490 1408
243 1003
307 1068
1049 1346
1641 1115
192 1453
910 839
227 1319
595 687
435 1792
6 1724
1057 1930
237 144
664 530
99 1747
1102 656
1561 343
1725 1307
808 1723
1737 675
1114 1183
669 678
1848 1209
1959 101
1057 1911
1833 1845
1146 1574
231 861
718 491
1071 1307
1088 1190
464 1672
1709 834
560 248
493 1219
1347 776
470 1703
889 1253
1557 1804
1016 656
717 41
1322 1572
479 627
146 635
1246 1570
1720 383
26 805
432 1508
678 103
1488 1843
65 982
1520 503
1989 54
808 889
656 908
114 1363
1333 1974
1220 1368
1984 1618
1198 874
1383 424
563 1118
829 962
450 1068
141 1914
1377 343
991 1150
1544 1154
697 794
1165 1607
1534 1868
649 798
320 949
291 1970
441 921
779 1745
101 1121
940 103
150 555
1471 1742
660 565
1366 719
439 797
1194 127
1411 1791
842 1223
1560 1771
1580 403
809 1302
1060 1841
421 643
687 987
62 1036
1381 1636
210 404
1810 1751
1291 868
383 1336
554 1678
773 28
685 910
543 1232
815 1700
1353 613
1849 654
1485 1995
175 1115
1241 501
401 646
1854 1635
1502 6
1958 1724
1295 1166
1784 16
581 1997
298 92
940 52
1398 1647
1401 369
1626 994
1698 1618
1847 670
1712 1930
1073 800
643 226
733 632
1356 1805
1464 207
43 1865
1336 332
1607 1015
1892 899
1998 1873
113 1164
1617 119
1818 945
1434 25
1537 473
43 1927
11 1624
216 677
36 1536
1482 1515
1486 1797
157 195
1263 1913
1859 1036
1855 86
809 1689
31 1479
1072 1623
1057 1477
1619 1515
871 316
1761 894
1471 1798
1390 954
1397 791
836 487
1014 1125
1370 1232
1714 1855
1329 6
326 1030
1901 1144
1563 822
274 1622
131 1155
840 1682
843 459
869 1046
509 1831
1507 1580
1162 202
434 1364
15 1584
724 1104
1666 1512
1285 1812
920 281
1622 1916
118 67
332 1682
1548 1946
1564 1302
186 59
566 722
1243 1531
1559 471
1301 1556
417 353
1184 1095
308 1560
1880 537
1976 1045
1853 1223
1389 1889
865 360
643 843
1340 119
861 132
1158 1175
917 1120
1084 731
1199 567
1471 708
548 1647
1476 208
1603 254
610 1442
657 1472
1120 396
1128 1593
176 465
1926 1697
1874 642
1428 1145
850 1673
952 594
1694 1855
288 512
433 824
205 1447
670 1827
1752 965
1373 1975
1569 1902
1752 1062
1746 403
354 573
1838 717
917 1996
214 358
98 875
1071 793
1781 750
1923 1008
1890 684
9 377
1407 1451
1675 1412
1976 93
348 1370
1772 156
1158 1390
1341 376
282 693
1436 157
518 60
730 1142
1397 577
1121 1567
771 1009
359 835
559 1463
96 604
1349 1970
1368 1112
1893 719
1767 747
109 1768
1045 489
383 37
590 1554
359 1127
1656 570
663 399
1382 910
1281 1086
1748 907
1733 1048
1225 874
878 1302
1347 1302
1091 1910
364 1290
357 728
1887 613
1993 373
1719 1362
1310 1940
99 1106
1650 1545
1907 1499
1165 1805
1395 1876
937 285
524 609
1966 1073
780 266
1585 1915
1683 1961
62 1081
1810 1916
64 173
603 869
1808 843
1412 1864
1919 783
256 251
1245 1535
1622 328
1060 338
81 1353
174 1792
1238 827
1792 493
425 792
1416 119
1528 1735
1785 1387
66 1342
1302 871
1539 759
1242 766
970 397
272 1454
1013 1814
904 1009
809 1725
1643 744
223 1807
106 14
335 603
531 1362
1491 1550
259 1598
1182 1264
480 9
689 275
438 995
1033 1503
1522 1708
466 1037
1597 1103
902 392
418 1788
1550 1554
1099 1109
1348 1742
369 741
98 1525
1329 1034
1661 1298
328 1451
1852 1934
213 772
469 881
1792 1672
1469 193
707 1195
512 1009
1009 1040
289 1699
1380 492
188 1417
310 1753
231 47
1570 1662
1412 374
878 1820
8 217
1895 1499
367 650
1783 105
246 1254
621 1740
485 281
481 682
1608 587
1790 1204
706 29
325 1590
269 984
1822 671
1069 1594
1095 1905
187 1559
1660 1387
136 952
1836 1076
497 1123
336 398
1469 1474
902 1764
928 375
1938 1081
569 1488
696 1446
57 1774
709 32
1625 1431
121 476
457 1800
324 1673
213 1187
925 1338
1582 1050
1863 1453
650 559
1872 961
1489 1433
163 237
1158 709
1554 735
547 1123
945 1754
1463 1580
1595 1262
1555 829
1131 1603
477 65
831 252
1252 1001
661 461
1565 1421
1424 1730
1844 197
1684 617
594 843
367 111
829 438
1629 818
644 220
213 801
1771 90
1440 1120
1233 436
1846 1055
1348 979
302 1049
553 70
85 1866
95 1467
1914 153
198 155
837 795
178 970
1226 1936
896 1423
1195 1041
1397 282
535 129
540 1675
184 1008
993 263
225 1940
1688 1566
31 1063
1405 530
1777 1975
1718 607
169 226
1686 12
1780 807
995 1999
1226 257
1997 149
1746 1559
724 873
1395 1316
1675 869
1932 553
1426 214
764 186
541 1010
542 1447
826 638
1649 1611
1855 1070
1063 1852
1754 502
925 408
988 42
1203 757
549 760
1608 328
1088 1621
386 1281
38 455
177 215
1564 1547
1074 779
259 49
1465 442
743 1190
1248 56
1846 1872
1363 1106
447 78
111 1050
893 1185
1138 1477
1728 96
722 694
20 832
451 832
1358 1884
12 1065
688 233
371 522
1047 405
816 701
114 1191
28 1439
1559 1724
103 1726
862 1807
1035 1625
710 359
796 64
1415 475
1648 1627
1128 509
1290 116
478 255
1525 661
1913 312
1918 796
874 1633
496 1038
1986 1729
1241 621
412 673
1480 777
393 1626
1506 1584
60 1162
1918 327
297 1240
1058 615
928 1010
1752 971
1663 17
65 211
1436 1250
1701 608
524 342
752 19
1931 1887
1921 337
417 669
1022 1944
988 725
734 1343
1696 1373
1703 510
231 574
875 549
233 1943
1776 1683
1583 1618
363 1945
1497 1605
989 716
78 1391
1896 1154
1024 258
729 435
1710 1896
20 1244
1030 49
1355 1090
1861 910
420 1278
1466 1606
1471 14
941 1873
434 50
1938 361
545 1929
1690 1512
1517 905
1744 1885
326 1611
926 1221
123 208
811 66
1572 1142
836 1944
1548 1802
1650 577
1729 1123
295 692
1316 45
216 61
1597 425
71 1343
177 1731
1510 1856
1755 2000
426 513
1490 118
378 637
1392 596
1160 1434
1288 1847
844 1286
1430 1470
1179 112
126 966
1221 1021
965 224
295 1194
219 907
1186 1075
86 1128
1562 1665
817 520
1344 210
847 46
472 1321
1140 1870
383 616
1922 175
1698 818
1862 622
1317 1431
1245 1012
1068 995
270 733
208 1284
17 1546
1649 1242
1864 38
1795 499
283 1520
963 1983
1133 1608
1530 1690
542 1987
1659 493
1128 171
1995 733
698 1533
1468 42
395 1664
1133 1354
663 440
284 421
1400 295
1265 1808
690 1715
1051 608
568 1266
564 660
1597 1600
1558 95
1982 934
1706 1141
269 1906
1621 1872
1364 1066
1406 372
1824 1952
84 1295
300 720
187 628
1093 1318
427 363
1706 924
1982 1094
815 1681
180 1874
698 302
477 1756
558 1939
302 1796
514 161
1898 1099
1370 1249
1566 398
1386 1273
9 1850
1992 1329
1343 414
169 1793
265 1271
373 379
1568 1052
631 913
1347 1277
1381 1797
1668 836
1369 17
43 566
931 893
1884 1911
1147 1300
834 1404
1172 192
892 1361
1973 1496
1078 432
386 1405
643 1625
1296 1049
1929 1378
1692 1450
128 1811
690 1876
1223 460
1801 728
174 521
1146 2
1311 839
1197 1376
311 1064
1526 1304
1469 630
600 1455
1262 93
544 640
1505 898
1159 180
864 681
1793 101
1968 967
1690 1173
593 949
1697 1689
646 1616
1243 337
343 1830
1507 322
1619 526
1142 1399
1026 499
1179 1681
1363 1228
707 1764
672 730
1424 1892
1045 1491
1235 227
492 717
1913 1111
1048 1932
1180 102
34 1009
1527 309
216 1920
1464 419
1868 1761
1499 746
544 1944
756 1776
1454 1801
282 1352
1704 1387
1015 988
1530 1926
1788 772
1388 6
1345 1987
488 1966
1759 969
1197 653
1547 1792
1505 209
1051 358
1663 589
651 528
1069 1217
1914 520
507 1739
1048 1183
1349 675
1696 1136
1349 330
1161 1100
1274 1761
712 451
733 293
104 777
1932 67
877 1209
784 1538
305 1964
786 405
1330 327
1493 730
1583 1647
1529 75
777 1065
34 926
1087 1990
653 994
156 546
1045 1110
583 50
173 1275
333 51
180 361
428 1588
309 736
1615 1105
1752 1608
397 1393
100 1573
797 1911
1141 1610
1061 888
1503 685
586 350
645 1167
991 574
1746 1665
1540 605
775 135
1443 318
769 1277
1701 1913
948 1954
79 1158
1485 237
1329 1304
1122 667
788 1956
1493 719
1551 483
494 608
734 1098
1006 972
1698 155
507 1676
1172 833
1000 1010
1281 416
668 927
180 1056
1927 481
605 1147
1042 263
191 1568
626 1174
291 627
748 1351
1480 1498
730 233
159 1541
485 1578
899 137
1350 741
773 1130
1609 112
960 1076
871 560
1351 293
199 1866
149 1836
297 1851
1195 1108
1958 1646
1154 1261
1815 350
168 294
503 1732
1254 581
1607 1663
1144 10
1462 1728
1629 1760
123 143
341 1512
1213 357
403 731
588 1479
1791 274
748 172
1432 261
89 977
823 541
795 1738
884 949
1266 1723
1804 1393
1968 1727
525 1710
1284 340
1028 790
1482 829
1221 1461
2000 478
1226 66
1992 249
990 552
366 553
1845 217
1530 584
86 1677
1096 1168
197 1715
589 1677
1287 2
1906 1303
607 24
904 1323
1220 1565
1330 630
1528 238
1903 1951
593 746
221 1355
442 1622
647 1295
420 1599
1094 455
717 1250
1111 1182
1450 1143
557 1509
993 702
145 636
888 735
1979 904
1339 1079
318 856
1867 1893
1491 1664
1529 1942
1102 237
41 316
143 1953
1582 1001
1313 781
1735 1465
265 1580
989 1661
1030 1819
1812 1230
1672 516
1531 1602
159 87
1553 1537
1592 369
1677 1828
1937 1986
1006 1422
527 1933
1472 880
1705 909
301 1338
1346 1211
1401 1557
588 1926
341 38
23 1239
1760 423
56 1049
68 1514
628 704
721 4
107 1806
918 510
1766 1685
515 1784
1920 1576
433 132
672 1801
9 820
408 761
1211 222
1502 560
1692 1633
1323 1251
458 1005
1218 1457
244 690
1145 210
814 1904
835 1171
1080 1861
1522 1348
360 1021
707 64
1483 1257
1309 1781
1734 212
1152 575
118 133
1617 1091
1229 725
1499 1167
407 1559
1235 242
1600 1938
1212 1874
891 885
1320 267
1463 6
854 602
145 1476
84 335
1350 1686
806 1328
678 1855
1094 1034
343 873
1616 1918
1524 685
763 1217
1277 1023
510 414
1816 995
1458 1663
709 1094
1975 75
1209 382
1924 321
1246 257
433 1667
774 782
1145 239
1439 1372
1916 1579
1595 1008
1864 316
1834 543
851 1333
1001 1329
481 93
430 1099
283 1444
100 1119
286 90
1681 186
1265 580
317 1873
230 30
1746 1769
1626 1924
504 1184
1087 998
696 1757
1589 674
360 1059
1409 242
1157 826
15 1065
1660 1819
489 1934
1350 533
929 68
1053 110
1336 1739
775 1111
1191 1548
723 122
1528 1276
143 1874
1060 42
267 133
1855 528
1111 1072
1357 644
755 550
1892 1301
749 30
884 1930
1401 746
1359 69
1847 495
330 1476
45 797
1169 1894
1477 1976
1530 797
503 1176
1432 1958
1434 545
71 915
1170 353
683 1973
258 81
1854 98
1706 444
470 1911
336 146
990 1637
975 976
1514 99
1194 557
874 591
847 1769
1385 544
1241 1791
1091 130
1599 462
1348 1201
196 1700
299 1620
454 967
1214 30
1495 924
699 255
765 138
797 800
380 1008
1045 1222
1567 928
1606 32
470 487
721 151
1666 907
743 1387
947 427
576 629
1039 796
1930 446
1887 1401
1202 1289
606 914
1513 568
347 1321
1307 1006
393 355
1545 775
1251 1342
76 1235
1804 1329
1399 837
64 1170
524 197
1272 212
715 1468
1278 228
172 200
1275 1871
1864 808
1770 597
992 248
785 1834
1083 202
1227 233
300 1777
1003 1493
1039 174
1273 1057
1652 685
444 942
1512 1460
668 1035
431 655
25 1398
1489 1425
1150 1098
275 462
1560 1559
1403 1100
404 920
1814 1304
1889 785
1932 1956
283 510
628 700
1149 1930
694 1753
769 1102
430 700
1413 816
214 1300
1265 305
848 708
219 490
637 182
815 1990
1409 181
496 102
1842 1884
754 241
1462 229
54 273
1884 1032
154 1165
1124 1272
1523 971
1392 873
176 1580
1766 277
1774 410
1435 62
937 1472
759 592
1600 163
258 1472
1070 968
810 624
1157 729
812 618
971 405
464 740
1939 228
960 488
1680 62
408 211
1134 308
1023 1035
1414 648
325 1069
1724 1128
1239 340
1972 401
894 948
213 693
155 1793
529 1356
1952 1768
168 74
1289 955
1030 426
1805 1669
902 825
1020 541
1443 10
873 1565
670 1829
957 530
1608 281
13 188
1205 788
894 1132
492 1350
1464 974
597 1059
1112 407
803 1377
1312 1973
1153 40
632 1252
229 505
1119 1394
987 17
175 259
1981 1254
1635 165
606 256
1641 1513
555 1669
1585 107
876 1936
511 1026
1216 82
100 153
1455 817
355 781
1313 1202
404 1674
2000 386
1967 1984
774 1084
598 436
1719 1438
67 737
1860 87
1378 390
1952 1582
1838 1253
1987 1872
537 1105
581 1312
1317 1296
140 636
1032 1145
216 917
142 1725
1821 836
976 556
396 332
570 35
733 589
371 709
477 923
1802 1299
1676 461
5 209
1552 895
24 729
345 495
620 691
367 1574
1227 1578
403 211
7 240
833 1942
1971 1172
857 1779
911 981
1011 233
1063 615
1062 1410
939 686
849 113
1877 423
1124 1871
284 1439
799 1047
1850 1034
127 658
323 360
1190 1760
166 1173
1860 526
988 495
1557 981
1676 923
1731 537
1480 1204
721 2000
358 504
876 1824
1354 430
1569 608
624 1232
308 1583
996 216
99 1304
1185 1975
468 1486
1071 1770
1218 689
1483 1183
765 177
884 520
967 528
1284 199
1798 1136
1432 1022
838 894
1971 1923
1296 906
558 1933
1770 1667
45 1577
82 1997
1796 224
209 723
1769 596
665 1107
136 1242
1705 959
1243 1991
1757 1553
983 82
1718 1787
1198 1903
1318 1036
1534 923
252 289
1093 774
14 1407
1224 1921
893 1675
899 565
170 422
1723 1385
377 629
942 1726
716 1575
1910 561
272 128
1478 1279
269 1845
523 1697
1778 490
1932 20
453 1005
1490 861
603 863
638 1514
129 1829
961 1046
1983 1648
437 356
842 345
1616 1956
660 531
922 1637
1545 1114
1788 267
1697 420
1569 176
1640 1582
203 1757
822 1963
64 700
587 1179
1020 307
688 1282
181 838
703 1295
1772 1026
1395 1789
197 1212
46 112
456 1091
1078 116
789 813
48 609
1675 391
839 1453
747 463
1650 1178
1663 960
1698 771
1958 770
1526 957
1093 807
1848 357
762 1457
1689 1819
105 1763
879 431
850 1300
1285 1178
1846 927
1217 1505
329 186
1277 1637
1741 1259
1598 1700
329 674
963 1747
671 1431
1563 1805
186 1021
936 1764
818 709
173 1077
1961 1488
792 1680
1090 1531
1246 265
495 1452
748 1134
197 1546
116 534
695 1083
478 218
225 1237
1254 91
690 416
187 17
540 1485
1678 1365
492 1902
1017 1883
1521 193
1926 1000
1062 916
1619 1825
1287 855
783 381
1135 722
730 1737
49 301
755 1795
1169 856
1959 543
762 1969
185 1323
498 1315
1408 583
1055 1977
111 683
103 929
1712 1715
35 1756
1798 1296
1666 853
1197 1889
1140 1245
1585 426
1676 728
1411 1362
712 1578
999 198
708 1293
1375 666
1802 1072
154 38
708 1281
108 825
1485 261
190 273
659 1052
1432 630
1082 1926
1094 171
688 1150
1493 1876
1873 1832
541 1644
793 1388
799 1376
1421 236
510 416
332 1649
444 928
1611 1616
623 1082
302 1934
1393 1495
1950 390
1275 1870
236 667
1692 1005
49 632
1023 1458
1596 1020
1854 850
1853 1336
448 493
306 1596
1459 1389
1920 412
875 1193
1872 448
406 106
1688 118
1895 555
1629 1429
1528 307
1999 394
1382 1718
1373 810
1622 943
1454 288
1862 1133
1067 502
1117 738
1531 1421
1777 463
1004 413
512 451
286 193
1129 1369
532 1915
1442 121
1705 449
312 1897
1733 426
1771 1248
592 1542
134 1558
920 1065
202 858
194 1346
752 1592
1393 1191
1860 873
1223 829
587 1621
76 1380
1785 304
1907 1724
182 1345
1142 522
1855 558
929 872
1015 967
880 1259
1579 425
1484 1488
1359 1688
413 1928
1042 1956
1742 1217
1131 68
1399 261
1877 134
24 1607
201 414
156 753
123 1142
860 660
778 142
942 1867
606 102
658 69
1732 1977
1470 1561
1653 155
380 82
1365 38
679 211
1910 409
523 694
232 496
1256 878
1427 524
125 618
450 468
1736 1992
792 1871
73 838
387 147
1270 409
106 972
449 1467
1252 812
1819 1596
28 1820
1064 493
1405 1749
313 1607
219 920
761 630
840 941
285 584
1380 487
676 945
1044 223
1845 181
1841 1095
1403 1326
1427 58
1043 1460
1748 7
72 1927
722 446
1273 252
110 204
667 1725
1702 697
420 1654
573 1125
1025 402
1891 1030
1962 1537
1706 1702
963 615
1571 891
515 922
1041 1266
1060 79
494 867
1329 1118
1468 83
1981 276
841 982
1650 131
1751 677
706 1506
1880 1561
1033 960
216 182
1545 1642
1279 265
843 1681
1645 1361
1096 1266
975 1949
209 547
680 766
1511 1546
1222 1920
372 1803
637 1862
611 1377
1858 158
78 1816
1440 909
644 469
1839 1657
308 1865
713 801
571 141
338 846
1504 572
458 1086
1289 1319
1495 605
768 474
1545 1485
958 1643
340 176
746 213
297 120
1458 1720
104 1577
1330 1969
462 732
1316 1125
748 1940
1643 1582
1539 1891
875 125
3 133
606 146
1106 1756
1298 169
489 253
474 640
1657 1803
1631 1034
1960 385
1465 198
69 1130
14 583
1087 1534
134 1771
623 1619
1683 1839
1320 1878
46 103
123 487
838 1598
1828 298
264 1625
1809 1184
1272 649
1376 532
980 914
446 1381
1909 484
166 1270
1163 515
472 1930
1700 553
309 693
877 261
1929 536
1072 728
798 1189
1212 1649
788 1588
1790 1307
40 1728
804 360
1064 916
1509 839
1471 308
808 644
349 13
1538 1557
1890 944
1963 934
1552 1299
17 751
1651 647
1615 1369
442 1367
1452 1707
773 1639
901 1267
164 598
76 1815
913 1569
1754 1644
1553 4
1749 270
1601 1418
669 148
954 661
170 923
323 404
100 921
1317 1614
771 1239
867 524
679 297
728 222
1712 316
1168 987
1893 1985
1168 359
386 335
1255 145
325 1184
1621 1189
1358 187
1221 1948
1002 1693
1876 1852
569 896
1260 35
11 758
250 63
1818 955
1332 1487
1481 1106
1026 653
730 1840
720 1434
127 1440
912 603
736 1041
687 1083
1514 516
1304 547
1877 1967
388 1709
1164 885
1822 481
763 716
1448 1995
311 541
1464 1330
1640 466
594 428
1011 583
1272 232
99 1014
1320 411
117 1204
408 883
1391 1194
178 24
1941 327
551 677
815 77
754 44
1641 1432
1822 585
1105 964
188 527
1718 997
152 1484
3 1546
517 286
1772 97
519 960
632 1625
663 70
982 399
796 1069
256 1351
1294 1098
268 1008
1441 789
1177 1453
424 1396
416 1054
1277 1565
1873 1985
1292 1825
1742 1184
622 1444
508 78
1362 929
1944 49
81 467
1713 665
283 1003
482 838
415 973
973 519
1300 915
1817 1363
129 997
1474 688
532 144
1308 1526
1698 1941
320 617
352 914
384 317
184 727
518 943
1417 498
1907 1906
1276 1360
1252 561
66 641
1919 1797
899 1335
1538 1735
707 1122
261 1430
100 1855
1572 1318
1830 955
558 119
1370 1432
1790 1448
1319 1124
559 287
1145 1963
1122 1508
452 506
1376 697
979 1060
266 1424
400 1456
19 748
1166 157
1187 1055
1900 1906
364 820
970 300
1783 626
1658 1398
995 513
1333 1924
77 401
1012 720
501 1031
1791 108
290 1704
265 121
159 123
1669 1600
1472 72
883 3
591 1124
1881 319
1612 317
1916 1103
1027 1996
1431 882
1551 1632
1226 126
1532 42
205 1218
1677 861
945 1895
136 550
461 1175
1305 740
264 991
1853 1129
1141 1393
1043 241
968 1746
736 94
958 1786
662 711
968 932
1286 597
1060 572
1058 1243
323 917
1679 333
1697 1363
1687 550
633 1733
1181 630
1633 922
482 1991
532 1737
1290 1640
120 1542
1791 980
804 1832
1339 1374
24 430
1265 157
107 206
1592 713
465 1420
1098 1906
192 1335
1848 1800
1924 1119
49 391
50 868
1076 622
268 618
41 1483
871 33
1164 527
1047 722
1714 284
634 1446
1853 512
862 1312
480 1949
506 1874
1303 1775
1104 1182
1151 558
51 897
353 1324
303 499
1411 1933
506 930
979 808
1678 851
308 1698
1258 292
1978 599
309 1229
260 1726
392 1307
1625 549
33 778
515 1788
45 1782
1665 1559
693 835
1694 1680
1980 595
1293 221
1969 1350
1347 642
1021 1105
1935 1028
968 1167
27 567
648 575
1084 635
1732 1257
1198 1445
533 1044
374 143
1574 819
1335 1593
1159 320
70 1170
523 1681
457 1577
1293 1269
483 1305
1124 76
221 131
209 1688
1163 251
1975 407
1716 491
643 1639
1383 1908
335 535
1371 1303
1796 1735
364 1806
525 1667
710 1573
1503 1228
346 1173
519 1170
1771 161
1264 1120
1993 1116
159 992
709 1719
292 1463
1128 901
817 1528
1580 1137
211 1655
1665 1496
1835 1790
200 527
603 715
1282 1871
854 1635
1912 1383
1859 254
1954 1674
132 56
827 228
1557 1325
1912 1289
331 1755
340 509
1091 395
1833 448
174 1615
964 953
779 353
1205 1108
166 1520
1844 1676
78 145
840 807
346 861
473 1689
1306 1636
943 956
1282 1078
1486 786
1257 1578
1603 225
183 342
795 852
1348 439
751 1042
826 188
826 829
1054 57
1186 287
401 1595
1049 1992
83 299
1335 280
841 1188
755 135
714 1482
1373 329
1007 835
918 694
1689 1114
273 618
1744 1333
1628 1826
428 944
1248 1617
45 1649
444 1250
1153 1520
27 53
138 365
882 1206
246 568
319 1015
1990 1945
1807 1896
1681 1306
1922 648
1438 1181
318 1321
1475 1212
849 897
483 1058
500 1862
672 741
666 1887
933 1428
235 1046
550 1694
1258 130
1711 1662
1429 61
1986 1826
1778 822
111 1910
1216 1258
1359 186
1690 1400
934 1162
262 762
1789 406
347 590
1595 1275
904 847
1369 1769
169 1043
303 1575
271 1356
966 663
841 1390
637 1610
170 871
1355 110
567 480
642 192
1826 1560
1934 1405
1962 1116
359 1241
1393 1541
1779 1019
712 997
1655 1774
464 586
606 37
1105 694
804 434
1588 1719
246 1420
128 965
560 1368
1785 615
874 1478
99 511
301 1500
1431 1458
1711 453
946 1789
497 368
1104 579
1844 178
1706 611
180 1684
500 1192
1734 1274
857 1362
1651 577
582 659
1831 960
1271 933
106 247
1336 177
226 1981
40 1896
740 415
1909 1268
1799 1289
1999 757
42 54
1825 456
143 340
253 1504
40 1073
989 296
548 206
137 396
412 1770
1434 853
1357 1514
250 900
816 1915
1027 1891
1911 1154
1147 805
1095 825
1563 827
1791 869
118 1771
1470 1867
864 196
1206 1747
1966 1387
940 1034
1681 306
355 1433
238 1733
447 612
1306 1852
1655 159
1857 1187
740 1561
411 1614
1074 566
559 385
170 344
20 1109
1653 49
987 1481
687 1149
971 1089
1532 1607
985 1719
230 722
1596 883
1907 1031
1490 796
675 709
999 442
527 569
753 1313
1844 1430
765 938
1972 1348
293 986
891 429
617 565
598 161
95 1385
695 1726
836 795
1069 195
849 1758
1641 1160
861 1115
1068 1054
1613 245
437 905
513 1111
1210 400
412 992
1240 533
1885 1222
160 1487
731 589
637 1545
451 130
1151 1219
1345 1080
976 49
912 1256
659 1158
1099 762
1826 552
1940 845
1917 861
1347 1615
249 519
39 1619
1820 1020
1405 482
351 609
443 306
1519 954
1164 1794
1135 1170
1577 866
1671 1969
1611 1034
1547 1650
1667 1752
1277 923
558 884
578 279
726 1644
1090 1775
740 871
946 526
1927 1687
1203 1947
258 1478
1788 908
937 842
1869 1335
1243 1937
631 1691
1314 1994
1438 763
1590 1396
283 957
1590 714
351 1041
1636 890
978 1743
1073 1765
1473 1020
69 1315
1372 381
801 765
1061 702
438 1337
867 1566
1001 521
1188 123
1179 914
1005 1875
1954 1888
245 275
871 1071
324 890
262 425
1548 227
1367 610
1988 582
259 190
590 1425
651 677
1373 1208
450 1845
418 183
70 468
145 215
860 1518
1607 938
78 836
115 87
607 527
63 1695
351 905
1021 1142
1851 1983
597 564
450 39
753 1162
600 1788
1496 1743
147 1202
1265 1477
1971 1040
1871 1277
686 678
332 1013
1286 1498
1126 1784
1508 1926
974 1128
1126 530
867 831
379 164
1250 1742
1512 1420
1177 1704
1563 700
397 980
1862 1245
1239 445
1082 1943
1619 723
1420 629
886 455
1795 1009
64 322
342 879
1979 328
821 136
318 331
916 1056
320 255
1414 1965
459 1559
1366 1990
384 1710
848 78
887 1231
593 1449
123 1521
1329 1380
1484 992
1541 122
150 1269
1371 190
106 1108
1018 99
1282 481
1787 882
1762 1200
1535 1208
551 461
1118 1934
98 738
1599 1852
1263 1013
232 1157
1460 703
614 1219
832 378
124 807
1901 1342
224 818
267 283
1519 1388
1911 209
76 1321
881 1715
306 1786
774 1463
83 238
429 759
842 98
571 859
1773 1442
828 1634
34 45
1382 278
771 1550
1565 1949
1126 406
1631 703
374 1429
1402 287
512 361
623 289
169 791
1268 1320
1221 689
841 1458
923 134
824 1989
1936 370
486 346
1309 1465
622 1033
1190 409
533 760
731 1060
434 212
930 134
1402 1909
1207 837
396 829
1822 1270
312 699
669 836
766 854
25 1513
325 175
1140 1135
692 72
1340 1368
746 634
909 1771
1667 98
67 217
262 1154
756 515
1085 1669
1470 541
604 719
380 855
1140 1504
267 739
715 88
447 211
1722 1406
207 712
1517 830
987 1453
1772 1608
1174 1356
832 568
793 1519
1219 1271
913 196
942 414
139 536
1524 805
1071 150
1092 1257
1255 1294
1961 1266
1987 1767
784 277
985 409
826 74
1510 357
882 260
1539 749
1930 1907
387 1699
741 1326
1390 956
1512 1194
319 794
249 1469
1732 1537
1722 21
409 1122
94 873
250 848
777 126
1500 1899
1802 234
923 1955
1408 1923
992 1541
1302 1572
990 1159
37 977
1972 1632
729 1293
1102 1432
1571 1991
138 1905
745 885
647 348
1447 1815
1964 1280
1084 1505
818 75
1152 625
729 1371
1068 510
1288 1605
1854 203
769 1567
1310 543
624 276
1668 564
1096 212
1913 709
1814 668
612 486
1780 1135
779 530
761 1696
314 502
865 1930
93 728
1586 1029
1813 1948
1680 1395
218 264
169 987
1459 400
549 785
500 342
75 1428
189 1238
1002 1177
1242 1620
148 315
1673 1538
244 1882
562 1838
1840 611
1213 1454
1738 502
894 1512
18 1766
1779 906
1849 680
1632 413
1938 257
1575 1050
402 632
1840 469
1006 1754
54 1441
1968 522
1171 1620
477 810
1358 91
1354 1549
588 1820
1813 1965
585 566
1039 1005
540 1316
1868 494
1685 1835
1613 1562
353 1463
1135 1655
721 929
1136 440
53 1377
1040 1735
1393 1920
1057 1694
1276 1407
693 1902
551 584
967 1594
126 914
572 703
985 640
333 835
382 1774
950 1535
1383 1870
1588 470
1518 1511
195 823
1771 619
1009 1278
1448 692
1952 1482
1691 355
42 1545
1067 1727
309 1287
1958 1195
1815 1482
831 1740
1611 1974
1145 102
1960 1347
1397 94
1796 1757
1167 1447
1897 1193
1461 463
1461 1018
1210 1192
67 1436
1915 1394
1730 1591
171 1616
1676 300
148 1157
410 1173
772 941
455 863
1279 173
1543 1283
1643 1382
508 1111
396 1718
1688 303
1171 1511
558 557
252 55
682 1859
1229 233
222 827
819 1793
220 204
1980 1280
723 1969
877 579
1116 1787
1422 228
1024 787
1163 1934
859 1927
1108 950
385 935
374 588
1397 1
83 611
956 290
946 1482
1422 487
361 602
1915 411
1199 240
476 1492
188 1880
1967 1053
1331 1569
1251 233
901 715
1011 1808
414 1975
1854 1255
1067 1765
74 1070
18 1172
155 479
1981 1383
233 1762
64 1863
955 1232
655 470
1801 1387
221 1945
942 1508
99 473
218 985
777 868
1716 432
1579 1741
1262 19
681 926
1010 1518
1532 481
899 1911
1003 2000 1003 2000 2000 2000 1003 2000 1003 2000 2000 2000 1003 2000 2000 1003 1003 2000 2000 2000 1003 2000 1003 2000 2000 2000 1003 2000 1003 2000 2000 2000 2000 2000 1003 1003 1003 1003 1003 2000 2000 2000 2000 2000 2000 2000 2000 1003 2000 1003 2000 1003 2000 1003 2000 1003 1003 1003 2000 1003 1003 1003 2000 2000 1003 2000 1003 1003 2000 1003 1003 2000 1003 1003 2000 2000 1003 2000 1003 2000 2000 2000 1003 2000 2000 1003 1003 2000 1003 1003 2000 2000 1003 1003 1003 1003 1003 1003 2000 2000 1003 1003 2000 1003 1003 2000 1003 1003 2000 1003 1003 2000 2000 1003 1003 2000 1003 1003 1003 1003 1003 2000 1003 1003 1003 1003 2000 1003 2000 2000 2000 1003 1003 1003 2000 1003 1003 1003 2000 1003 2000 2000 1003 2000 1003 1003 2000 1003 2000 1003 2000 1003 2000 1003 1003 1003 2000 2000 2000 2000 2000 2000 2000 1003 2000 1003 2000 1003 2000 1003 2000 2000 2000 2000 2000 1003 2000 2000 1003 1003 1003 1003 2000 1003 1003 2000 1003 2000 1003 2000 1003 2000 2000 1003 2000 1003 1003 2000 2000 1003 1003 1003 2000 1003 2000 1003 2000 2000 1003 2000 2000 2000 2000 2000 2000 1003 2000 2000 2000 1003 2000 1003 2000 2000 2000 2000 2000 1003 1003 2000 2000 2000 1003 1003 1003 1003 2000 1003 1003 1003 2000 1003 1003 1003 2000 1003 1003 2000 1003 2000 2000 2000 2000 1003 2000 2000 2000 2000 2000 1003 1003 1003 1003 2000 2000 1003 2000 2000 1003 2000 1003 1003 2000 1003 1003 1003 1003 1003 2000 1003 1003 2000 2000 2000 2000 1003 2000 1003 2000 2000 2000 2000 1003 1003 2000 2000 1003 2000 1003 1003 1003 1003 2000 1003 1003 2000 2000 1003 2000 2000 1003 2000 1003 2000 1003 2000 1003 1003 2000 1003 2000 1003 2000 1003 2000 1003 1003 1003 1003 2000 1003 2000 2000 2000 1003 1003 2000 2000 2000 2000 1003 1003 1003 1003 2000 1003 2000 2000 1003 1003 1003 2000 2000 2000 2000 1003 1003 2000 2000 2000 2000 1003 1003 1003 2000 1003 1003 2000 1003 1003 2000 1003 1003 2000 2000 1003 1003 1003 1003 1003 2000 1003 2000 1003 1003 2000 2000 2000 2000 1003 1003 2000 2000 2000 1003 1003 2000 1003 1003 2000 1003 2000 2000 2000 2000 1003 1003 1003 1003 1003 2000 1003 1003 1003 1003 2000 2000 1003 2000 2000 2000 1003 1003 2000 2000 2000 1003 2000 2000 1003 1003 1003 1003 2000 1003 2000 1003 2000 2000 2000 2000 2000 2000 1003 1003 2000 1003 2000 1003 2000 1003 1003 1003 1003 2000 1003 1003 2000 2000 2000 1003 2000 2000 1003 1003 1003 2000 2000 2000 2000 1003 2000 2000 2000 1003 1003 2000 2000 2000 2000 1003 1003 1003 1003 1003 1003 1003 2000 2000 2000 2000 1003 2000 1003 2000 2000 2000 2000 2000 1003 2000 2000 1003 1003 1003 1003 1003 2000 1003 1003 2000 2000 2000 2000 2000 1003 1003 1003 1003 2000 1003 2000 1003 2000 2000 1003 1003 1003 1003 2000 1003 2000 1003 2000 2000 2000 2000 2000 1003 1003 1003 2000 1003 2000 2000 1003 2000 2000 1003 2000 2000 1003 2000 1003 1003 1003 2000 1003 2000 2000 2000 2000 1003 1003 2000 2000 2000 2000 2000 1003 2000 1003 2000 2000 1003 2000 2000 2000 2000 1003 1003 2000 1003 2000 1003 1003 1003 2000 1003 2000 2000 1003 1003 2000 1003 1003 1003 2000 1003 2000 2000 2000 2000 1003 1003 1003 2000 1003 1003 2000 1003 1003 2000 1003 1003 2000 1003 2000 1003 2000 2000 2000 1003 1003 1003 1003 2000 1003 2000 1003 2000 2000 2000 1003 1003 1003 1003 1003 2000 2000 2000 2000 2000 2000 2000 2000 2000 1003 1003 1003 2000 2000 2000 1003 1003 1003 2000 2000 2000 2000 1003 2000 1003 2000 2000 2000 1003 2000 2000 2000 2000 1003 1003 1003 2000 2000 2000 2000 1003 1003 2000 2000 1003 2000 2000 1003 1003 1003 1003 1003 2000 2000 1003 2000 2000 1003 2000 1003 2000 1003 1003 1003 1003 1003 2000 1003 1003 1003 1003 2000 2000 2000 2000 1003 2000 2000 1003 2000 1003 1003 2000 2000 1003 2000 1003 2000 1003 2000 1003 1003 1003 1003 2000 2000 2000 2000 1003 1003 2000 1003 2000 2000 2000 1003 2000 1003 2000 1003 1003 1003 1003 2000 2000 2000 2000 1003 2000 2000 1003 1003 1003 2000 1003 2000 1003 2000 1003 2000 1003 1003 2000 2000 2000 1003 2000 1003 1003 2000 2000 1003 2000 1003 2000 1003 1003 2000 1003 1003 1003 2000 1003 2000 2000 2000 1003 1003 1003 1003 2000 1003 2000 2000 1003 1003 2000 1003 1003 1003 1003 1003 2000 1003 1003 1003 1003 1003 2000 1003 2000 1003 1003 2000 2000 1003 1003 2000 2000 1003 2000 1003 2000 1003 1003 2000 1003 1003 1003 2000 2000 2000 2000 2000 2000 1003 1003 2000 2000 2000 2000 2000 1003 2000 2000 2000 1003 1003 2000 1003 2000 2000 2000 2000 2000 1003 1003 1003 2000 1003 2000 2000 2000 1003 2000 2000 2000 1003 2000 1003 1003 2000 1003 2000 1003 2000 2000 2000 1003 2000 1003 1003 2000 2000 2000 2000 1003 2000 2000 2000 1003 2000 2000 2000 2000 2000 1003 1003 2000 1003 2000 2000 2000 1003 1003 2000 1003 1003 1003 2000 1003 2000 2000 2000 1003 1003 1003 2000 2000 2000 1003 1003 2000 1003 2000 2000 1003 2000 2000 1003 1003 1003 2000 2000 1003 2000 2000 1003 1003 1003 2000 1003 2000 2000 1003 2000 2000 1003 1003 1003 2000 2000 1003 1003 1003 1003 2000 1003 1003 1003 2000 2000 2000 1003 1003 2000 2000 1003 1003 2000 1003 1003 2000 1003 2000 1003 2000 1003 1003 2000 2000 1003 2000 1003 1003 2000 2000 2000 2000 1003 2000 2000 1003 2000 1003 1003 2000 1003 1003 2000 1003 2000 2000 2000 1003 2000 1003 1003 1003 2000 2000 1003 2000 2000 1003 1003 2000 2000 2000 1003 1003 1003 2000 1003 1003 1003 1003 2000 1003 2000 2000 1003 2000 1003 2000 2000 2000 1003 2000 2000 1003 1003 2000 2000 1003 1003 1003 1003 2000 2000 1003 1003 1003 1003 2000 2000 2000 1003 2000 2000 1003 1003 2000 2000 1003 2000 2000 2000 2000 2000 2000 2000 1003 1003 2000 1003 1003 2000 2000 1003 2000 2000 2000 2000 1003 2000 1003 1003 2000 1003 2000 1003 2000 2000 2000 2000 2000 1003 2000 1003 2000 2000 1003 1003 2000 2000 2000 1003 1003 1003 2000 1003 1003 1003 2000 1003 2000 1003 2000 1003 1003 2000 2000 1003 2000 1003 1003 2000 2000 2000 2000 1003 2000 1003 2000 2000 1003 2000 1003 2000 1003 1003 1003 1003 2000 1003 2000 2000 1003 1003 1003 2000 1003 1003 2000 2000 2000 2000 2000 1003 1003 1003 2000 1003 1003 1003 1003 2000 2000 2000 2000 2000 2000 1003 2000 1003 1003 2000 1003 1003 1003 2000 1003 1003 2000 1003 2000 2000 2000 2000 2000 1003 1003 2000 2000 1003 1003 2000 1003 1003 1003 1003 1003 1003 1003 2000 2000 2000 2000 2000 1003 1003 1003 1003 2000 2000 1003 2000 2000 1003 1003 2000 1003 2000 2000 1003 2000 1003 1003 2000 2000 1003 1003 1003 2000 2000 2000 2000 2000 1003 2000 1003 1003 1003 2000 1003 1003 1003 2000 2000 2000 1003 1003 2000 1003 2000 1003 2000 2000 1003 2000 1003 2000 1003 2000 1003 2000 1003 1003 1003 2000 1003 2000 2000 2000 2000 2000 1003 2000 2000 2000 1003 1003 2000 2000 1003 2000 1003 1003 2000 1003 2000 2000 1003 2000 2000 1003 2000 1003 1003 1003 2000 2000 2000 2000 2000 2000 1003 2000 1003 2000 1003 2000 2000 1003 2000 2000 2000 1003 1003 1003 2000 2000 2000 1003 1003 2000 1003 2000 1003 2000 1003 1003 2000 2000 2000 2000 1003 1003 1003 2000 2000 1003 2000 2000 1003 2000 1003 2000 1003 2000 1003 2000 1003 2000 2000 1003 1003 2000 1003 2000 2000 2000 2000 1003 2000 2000 2000 2000 1003 2000 1003 2000 1003 1003 2000 2000 2000 1003 2000 2000 2000 2000 2000 1003 2000 1003 2000 2000 2000 1003 2000 1003 2000 2000 1003 1003 1003 1003 1003 1003 2000 2000 2000 1003 1003 1003 1003 2000 1003 2000 2000 1003 1003 2000 1003 2000 1003 1003 2000 1003 1003 2000 1003 2000 2000 1003 1003 1003 1003 2000 2000 1003 1003 1003 2000 2000 1003 2000 1003 1003 2000 1003 2000 2000 1003 2000 2000 2000 1003 2000 1003 2000 1003 2000 2000 1003 2000 1003 2000 2000 1003 2000 2000 1003 2000 1003 2000 1003 2000 2000 1003 1003 1003 2000 1003 2000 2000 2000 1003 2000 2000 1003 1003 1003 1003 1003 1003 1003 1003 2000 1003 1003 2000 1003 2000 1003 1003 1003 1003 2000 1003 2000 2000 1003 1003 2000 2000 1003 2000 2000 1003 2000 1003 2000 2000 1003 1003 2000 2000 1003 1003 1003 1003 1003 2000 1003 1003 1003 1003 1003 1003 2000 1003 2000 1003 1003 2000 1003 1003 1003 2000 1003 1003 2000 2000 1003 2000 1003 1003 2000 2000 1003 1003 2000 1003 1003 1003 1003 1003 2000 2000 1003 2000 2000 2000 1003 2000 1003 2000 2000 1003 1003 2000 1003 1003 2000 1003 1003 2000 1003 2000 1003 2000 2000 1003 2000 1003 1003 1003 2000 1003 1003 1003 2000 1003 2000 2000 2000 2000 1003 2000 1003 1003 1003 2000 2000 2000 1003 1003 1003 1003 1003 1003 1003 1003 1003 2000 1003 1003 1003 1003 1003 1003 1003 1003 2000 1003 2000 2000 2000 1003 1003 1003 1003 2000 2000 1003 2000 1003 2000 2000 2000 2000 1003 2000 2000 1003 1003 2000 1003 1003 2000 2000 1003 1003 1003 2000 2000 1003 1003 2000 2000 1003 1003 2000 1003 2000 2000 1003 2000 2000 1003 2000 1003 1003 1003 2000 2000 2000 2000 2000 2000 1003 2000 2000 2000 2000 1003 2000 2000 1003 1003 2000 2000 2000 2000 1003 2000 1003 2000 2000 1003 1003 2000 2000 1003 2000 1003 2000 2000 2000 2000 1003 2000 1003 2000 1003 2000 1003 1003 1003 2000 1003 1003 1003 1003 1003 2000 2000 1003 2000 2000 2000 2000 1003 2000 2000 2000 1003 2000 2000 2000 1003 2000 2000 1003 2000 2000 2000 2000 1003 2000 1003 1003 2000 2000 1003 2000 2000 1003 2000 1003 1003 1003 1003 2000 1003 2000 1003 1003 1003 1003 1003 1003 1003 1003 2000 2000 1003 1003 1003 1003 1003 2000 2000 1003 1003 2000 1003 1003 1003 1003 1003 1003 1003 2000 1003 2000 2000 1003 2000 1003 2000 1003 1003 1003 2000 2000 2000 1003 2000 1003 1003 1003 1003 1003 1003 2000 2000 2000 1003 1003 1003 2000 1003 1003 2000 2000 2000 1003 2000 2000 1003 1003 1003 1003 2000 2000 1003 1003 1003 1003 2000 2000 2000 1003 1003 1003 2000 2000 1003 2000 2000 2000 2000 1003 2000 1003 2000 2000 1003 2000 1003 2000 2000 1003 1003 1003 1003 2000 2000 2000 1003 1003 1003 1003 1003 2000 1003 2000 2000 2000 1003 1003 1003 1003 2000 2000 2000 1003 1003 2000 2000 2000 1003 1003 1003 2000 1003 1003 1003 2000 2000 1003 2000 2000 2000 2000 1003 2000 2000 2000 2000 1003 2000 1003 1003 1003 2000 2000 1003 2000 1003 2000 1003 1003 1003 2000 2000 1003 1003 2000 1003 1003 2000 1003 1003 2000 2000 2000 1003 2000 2000 1003 1003 1003 1003 1003 1003 1003 1003 1003 1003 2000 1003 1003 1003 1003 2000 2000 2000 1003 1003 2000 1003 1003 1003 1003 1003 2000 1003 1003 2000 1003 1003 1003 1003 2000 2000 1003 1003 1003 1003 1003 2000 1003 2000 1003 2000 2000 1003
