2000 4000
1199 725
1614 313
1726 618
1308 1167
984 136
459 1092
22 439
963 348
1453 552
1347 1113
610 1034
493 815
525 1476
209 1319
1039 1540
532 1649
1147 886
1639 1798
1899 397
120 946
817 838
903 1155
766 1420
667 1691
1204 933
1716 1574
1435 1743
241 270
1723 1644
100 565
1708 561
1350 1819
106 428
137 1159
1357 684
1692 880
1554 1668
1494 1623
339 1598
960 273
768 1233
142 1614
430 1586
1378 1262
1755 1271
1985 1950
535 1105
1824 1845
1230 1477
1685 352
662 1856
1738 1058
1094 1055
763 381
543 1628
450 1290
780 1375
810 1755
1262 11
520 1538
662 1700
1483 557
336 1113
1879 358
160 1317
1933 958
1292 1030
1444 552
17 1548
1683 598
540 468
1651 706
2 1405
1811 380
1228 1484
1799 527
81 1165
1534 1667
103 1144
1 1945
1016 1693
770 485
112 779
1864 1299
1352 1331
215 1503
14 665
1116 1703
603 1322
1205 1202
567 365
1467 982
1464 301
38 1455
618 285
213 922
1202 634
6 1982
552 208
295 523
731 919
1582 541
371 1326
570 963
1838 628
883 1742
1864 1498
40 1416
1307 64
507 1256
1605 239
1726 1789
619 212
1746 1569
1438 38
337 541
528 350
1958 1924
488 1801
669 620
956 1912
1761 1368
50 926
155 890
141 1875
159 1489
1360 1958
417 386
775 994
766 966
1816 1378
933 953
530 1552
1272 802
1923 1170
1244 1157
244 1073
1229 76
1299 1485
1251 84
857 1737
963 34
1909 1875
586 1961
1535 1133
1619 587
769 287
1390 1771
642 1909
72 954
1373 1031
652 654
1448 1879
1703 1034
1119 922
1543 826
166 1839
712 499
376 84
1731 815
106 1031
344 153
1297 736
675 1652
1927 948
1424 175
1035 1856
1329 1862
757 1216
1431 1924
1445 445
794 1887
1440 173
1659 1301
173 1706
351 519
1735 828
1519 332
563 1182
1829 914
1305 405
548 1187
1524 991
446 974
799 909
778 94
196 116
1131 39
1100 1367
819 1864
1688 607
1618 695
564 1147
1695 1941
1789 1645
877 326
804 861
1420 416
995 736
670 1377
1052 912
1990 1657
1416 942
545 1996
1373 1968
1998 1464
547 359
1340 440
1579 266
699 1824
419 749
482 338
1776 862
196 1658
531 1369
43 872
1589 1764
1930 758
963 1661
1433 1008
867 1307
463 1691
348 1966
1053 1249
922 931
901 322
1002 57
225 1825
1605 1351
581 1522
1501 541
1590 1613
1552 135
1192 351
119 190
1258 1425
122 1738
1449 290
1925 506
1527 1791
105 1057
794 1517
777 1719
222 479
1866 73
447 1773
475 117
975 602
850 911
1308 461
533 1102
165 1338
1875 1656
1022 1101
1413 739
1084 1837
1197 1136
1487 377
1902 423
1527 585
767 232
533 529
1830 962
972 321
1774 180
1529 724
1245 1181
1512 1404
676 637
81 540
526 337
1409 1607
948 1126
1206 108
529 1329
856 837
198 598
1771 1040
1845 603
1977 1943
861 1041
1890 1382
1117 634
82 505
751 1781
1223 1604
1802 379
1076 1179
1530 589
1844 1764
983 378
559 205
48 1361
744 677
1678 900
927 1288
707 271
189 14
1372 1903
807 35
699 1741
1002 49
1757 256
1606 652
1892 1345
1734 503
1472 524
925 1098
116 842
1930 1464
186 5
878 1231
1482 329
558 1922
717 865
234 573
753 111
744 1353
303 1366
1107 1286
1237 220
1346 1874
708 30
208 39
792 649
1934 870
948 1171
43 1209
591 233
168 1525
324 538
1958 385
1451 1220
1201 1169
1395 486
1578 1177
967 1416
1050 1711
1625 123
1910 95
39 1144
775 299
316 782
1529 1450
1049 481
1769 400
1296 767
207 1707
670 1167
944 91
1323 186
807 1871
1751 607
278 1588
431 1692
811 1317
1397 1674
349 1508
1820 1631
801 557
1367 1228
1646 934
651 546
93 675
1858 352
646 255
1941 1342
1180 1108
1837 1457
6 1673
1292 1635
412 314
472 536
539 1679
1679 382
1947 1522
352 1283
510 482
297 1393
1765 1880
1845 697
1919 143
805 1828
705 578
319 570
1789 1491
1576 1051
199 1436
786 184
1322 1441
785 847
748 1242
170 1813
669 249
1284 1712
1068 62
1354 1657
1113 1517
596 1582
382 813
1042 1324
768 1592
726 1415
1114 1211
787 133
727 1659
943 1564
1080 1516
147 1840
546 897
1214 333
1693 310
533 1938
1047 663
1247 46
250 432
319 90
1002 781
1565 1680
707 794
385 1629
1961 1032
1297 563
786 1285
1249 601
805 1418
566 889
1660 1696
1619 940
1385 544
752 849
1605 1136
524 484
965 218
1471 1580
1104 1883
186 349
1759 689
772 593
1757 916
1555 564
1649 1723
1202 263
1312 1731
1931 1024
619 363
1451 295
947 295
510 1303
242 618
1296 1547
76 1344
822 473
1575 1867
449 1290
1071 1621
1151 1676
1954 1153
293 360
270 1056
1999 925
459 293
946 1362
198 1286
1265 11
1522 725
320 1688
1946 1963
1117 1005
194 1136
637 1592
1097 1212
1128 835
1026 807
1021 1829
660 1601
390 604
906 106
394 113
731 1418
956 1908
786 266
9 247
1450 1666
1229 1344
931 1176
229 1658
1218 1160
871 372
1044 1781
886 782
1452 813
839 1808
957 153
1042 687
1511 1084
875 1080
605 1917
497 454
674 726
644 206
1447 1132
1363 12
220 1279
287 167
792 787
1002 299
1465 1985
1651 1625
1468 207
1115 324
1626 324
1905 721
1131 1054
834 998
1185 282
819 1662
1316 124
1743 491
1224 660
1132 577
535 582
1630 755
1980 1082
1147 552
190 760
1545 511
130 144
1839 436
1115 1541
756 1564
1209 19
1156 1099
155 1753
1724 517
1378 118
607 617
1637 1476
619 952
1034 1941
869 1892
1548 311
322 1692
1298 924
1808 1006
782 906
1522 1806
1711 1612
1088 1349
1270 415
1667 1950
1495 667
540 1776
1499 1400
931 943
1134 37
36 1337
1293 1346
1336 1010
1061 554
438 3
49 1362
1457 1955
133 948
1577 1415
834 707
609 43
1850 1145
1973 1626
1454 1366
882 827
1490 538
762 1784
13 1999
1084 1913
858 698
1663 1436
380 160
1268 232
1052 353
650 1026
1046 1890
115 1607
124 1265
543 1973
1881 874
645 1374
1033 128
1583 1215
1932 1608
932 701
327 209
740 247
196 1591
1983 1895
1323 516
60 712
986 1623
141 96
1160 181
1336 384
1141 221
1994 356
917 1563
1208 1562
194 774
1251 1626
184 1702
758 443
807 1607
1145 984
1664 490
546 513
1048 684
102 1391
961 1681
1130 386
1160 1235
1894 1534
47 1526
616 1516
260 1773
1499 526
494 1074
1997 162
422 1719
1399 846
1901 280
1001 782
208 1855
591 575
588 1679
1170 1403
1901 1369
1641 254
441 1097
1697 1265
1385 553
1611 1860
1753 1189
1376 666
1248 630
483 361
27 403
1628 1190
917 1466
706 221
1256 1344
386 384
784 1184
1389 1536
832 1172
954 957
1641 168
1091 1491
1025 1285
1221 856
111 233
1252 586
1015 1205
709 408
1738 1774
1282 503
1721 1238
1541 1815
603 257
823 868
45 1532
1460 1377
1719 404
1929 858
1718 536
377 1636
200 598
1647 1488
1458 1698
702 1393
935 676
1765 724
556 1410
162 947
1222 1480
482 1835
1515 753
1722 1199
89 1775
141 218
949 356
1816 1932
1910 1983
1837 14
701 36
1452 938
1224 1750
1704 1341
512 835
1842 872
68 1780
1510 740
1290 1066
397 802
1769 997
442 859
1628 79
725 1660
1732 1853
1886 1883
495 1210
1821 612
1314 1718
1579 68
1334 110
139 406
9 880
22 409
1669 1801
1185 981
1464 1560
110 1232
907 1911
693 827
592 254
1553 1960
284 219
258 1624
1979 1291
1864 1916
1535 353
288 1637
1897 1582
886 1845
1754 1067
1148 919
1794 390
1589 742
1869 1810
633 959
1163 1356
471 1375
72 371
313 1712
1365 90
1859 405
534 1069
56 288
1168 1703
327 1655
1242 1989
131 1447
1399 686
1848 1205
339 1542
1506 1470
1305 776
1690 1148
282 1034
708 1451
1623 1821
1826 572
574 1079
835 1312
1298 1813
1071 620
1301 1842
383 369
497 1264
1355 1470
1094 36
812 1733
1737 1961
1593 207
209 620
1605 1621
654 28
1687 455
1235 930
104 1729
1902 47
192 52
1618 1248
1364 1576
1778 513
853 805
132 1577
1155 599
1637 957
602 793
898 1347
1254 368
1381 65
745 774
1692 1567
1174 831
1359 1866
1117 426
187 1109
1673 1424
1853 306
1723 314
1210 630
1820 1023
46 811
291 795
1514 19
829 1508
1640 311
784 1657
1135 1075
1414 1174
781 1911
1660 328
169 433
1429 600
1679 1365
1621 30
798 1086
1321 388
428 1230
1646 657
477 194
1100 539
1490 625
714 1754
1193 1304
769 699
1017 370
892 1566
1917 1321
1497 1661
1393 1619
654 1818
64 862
1080 1685
307 807
436 24
765 1756
785 1613
1443 70
1338 1679
1714 1552
1577 292
33 787
1115 1390
1663 1133
1646 435
375 1268
756 164
323 442
1695 1544
370 839
1339 772
1518 1079
371 1940
1287 295
1526 688
92 1639
756 143
1748 825
823 1847
80 1322
949 826
1151 1772
1798 1438
64 239
1315 1526
351 1065
1638 660
1839 302
1761 602
738 531
1910 1938
322 947
427 909
624 874
1294 1703
1482 468
1964 273
1600 1949
1167 1377
271 349
1294 1185
737 363
1751 1791
408 1641
450 927
562 969
1407 734
65 307
1676 1991
44 1552
1448 646
915 1474
1317 46
1033 406
1277 1867
580 932
913 1203
1979 1632
525 1105
855 1968
904 1004
546 331
420 487
824 910
1300 397
1890 1578
252 1713
1084 440
377 1041
1641 540
1181 1583
1653 770
1789 236
717 1457
1444 1007
1370 1694
760 720
699 92
343 1606
254 182
1033 408
1252 1356
1000 797
855 716
1586 1024
1482 20
143 1900
1072 905
680 1771
837 426
1638 1888
161 723
1743 1374
161 185
1383 49
95 1982
1326 1360
1466 1214
1237 448
1402 828
767 874
498 1956
1521 1385
275 1859
1394 621
1878 1952
832 1744
290 1062
326 751
1231 367
272 1332
18 21
1149 1123
895 1896
1665 615
1432 940
1168 1874
741 1263
1653 857
514 949
1822 138
749 250
1101 360
294 1984
1547 163
1334 1594
508 1881
1627 1888
1939 232
1834 582
537 1126
1944 252
265 251
533 1357
1037 1250
1875 271
1483 309
75 567
193 1510
240 326
403 1031
375 1292
1522 1975
1190 149
1832 1349
779 1935
980 1493
1447 636
1469 700
781 1963
1452 892
1777 1427
1483 1726
391 430
818 1598
1421 1403
1341 1850
124 902
1193 1260
86 1548
578 965
1242 627
1539 1102
1068 227
1406 1686
1091 1864
1769 1244
388 1967
981 1703
1287 16
1294 1168
1134 358
1281 1383
858 151
1422 1209
1102 58
1576 782
315 971
1602 798
1319 201
1369 1133
1740 1289
1104 1428
1922 1428
1326 920
1726 621
1059 788
660 1588
1891 1502
1455 1438
140 313
97 101
795 539
1321 1805
908 932
918 1591
1176 478
62 796
1110 1244
1979 866
834 271
1518 270
1102 1726
803 572
1099 594
1965 555
1985 321
475 1331
723 626
1561 460
727 1875
17 253
1172 1191
77 1385
1412 1177
1121 951
1425 1665
742 174
42 897
1684 449
842 4
1338 306
680 386
1030 638
260 979
205 1114
1961 636
346 117
1928 1682
1275 1339
521 928
576 467
1885 1179
785 1461
1498 1299
1544 569
1523 283
644 1134
1671 1749
763 277
603 731
33 1548
1659 291
1323 1029
1522 1294
595 696
1810 652
129 921
986 619
1780 1579
1132 1664
1537 1569
1496 697
897 934
1199 405
1370 823
1140 1498
1632 1194
1559 1473
220 601
306 1388
245 1495
806 1113
1116 1094
1888 639
1683 993
1819 213
372 1466
300 82
671 1672
1156 275
1424 640
807 1125
1758 1556
690 80
606 194
1910 474
419 1571
1704 1477
903 695
1098 1856
1271 404
1130 165
660 383
617 1533
203 1029
1720 1544
267 1630
480 687
1564 369
1612 607
1304 1140
1762 1232
362 1921
375 1914
1669 1514
246 63
1904 61
457 167
1705 212
584 1073
1035 343
1976 1228
1597 1915
1261 1138
349 460
961 1902
1592 840
181 1324
555 120
1585 235
653 1212
1229 745
1046 1605
388 389
1458 529
1749 939
1923 1447
1866 410
78 1102
562 17
481 208
369 1554
1614 1046
1337 587
1109 1164
1088 1924
1914 850
1088 1980
258 1292
2 1241
1554 193
1948 233
1045 83
1003 999
297 1006
112 702
586 312
1711 852
1061 1920
1093 70
491 1550
987 129
753 225
1489 211
35 1307
1191 1448
1124 1744
427 1841
1821 326
985 1350
902 1329
343 1610
840 75
1327 1155
451 830
345 1289
1007 1145
1481 538
992 1020
1398 1666
1849 1176
1154 592
1888 343
1844 1948
1110 1589
34 895
1865 1014
488 749
669 648
375 59
1200 1927
455 226
1540 792
1306 437
1408 152
774 1531
1500 1302
1591 715
1495 229
1607 1079
1610 893
337 994
507 832
1208 672
373 1079
788 1886
1074 570
820 1694
320 1288
374 1243
738 1018
1159 234
372 1444
882 353
342 1708
1943 854
1672 900
411 1191
711 1225
1829 1670
636 415
1318 205
943 608
1917 596
1855 1777
722 1865
1632 1087
1619 120
1157 490
150 1005
16 1836
385 275
754 1003
723 664
1767 396
1623 277
1146 977
609 478
375 712
317 162
839 339
838 1562
87 432
691 171
1706 1918
565 1401
377 1686
1382 480
1725 51
1661 1336
245 667
1854 615
210 1821
587 1564
1342 665
1398 269
1305 1199
290 31
1164 1812
1846 563
57 1205
1524 841
1370 628
1806 1728
1013 98
171 873
843 479
1750 715
1035 991
572 1041
1385 1779
1483 826
343 241
697 291
1827 1443
59 920
370 1006
783 1754
1558 233
493 426
1226 1613
1847 1370
1742 306
962 513
393 627
57 1274
1890 1521
817 467
559 526
1067 1091
45 1919
1911 1254
332 1807
1839 573
942 1760
664 1335
692 1561
115 807
466 1352
1876 1937
545 350
74 1951
877 1784
641 536
724 61
1585 1757
1449 1770
1545 826
1020 1721
1187 261
1254 907
1377 1322
1244 1706
373 1178
344 1492
1358 1725
163 40
1816 923
40 1547
362 1583
622 485
1076 89
1203 1843
665 98
1530 359
407 1364
606 126
1520 501
1527 1933
1031 423
413 1977
1264 1894
300 230
622 1732
205 630
26 305
698 1734
957 1866
519 813
114 762
876 1736
477 1386
1126 896
277 220
708 1310
267 119
219 1378
1521 544
149 278
1413 1687
223 1550
842 1997
1863 1516
1273 1876
833 945
1435 19
1398 14
1087 365
871 1453
1960 1561
1881 1581
1306 649
1086 817
440 115
906 618
1952 1415
671 1390
161 537
873 558
1272 296
203 808
749 1456
1148 545
1441 1267
962 1158
1370 1838
1043 1515
376 436
1740 791
57 978
895 833
1156 1541
1537 1644
1447 1879
571 611
1369 1953
1701 851
1770 138
416 766
303 1023
1669 388
650 149
278 1515
1150 777
166 1859
1515 135
1553 692
1913 142
1537 1261
1777 1974
291 402
1144 56
378 847
1505 1907
874 1032
1115 1700
1625 1066
1156 595
1766 1489
1009 1813
425 723
755 704
841 1152
836 809
584 1894
1912 724
1571 675
1677 1131
59 1330
708 783
239 515
1167 1504
1106 1857
1988 647
172 559
1720 796
1793 2000
1016 121
937 534
549 653
1870 102
179 766
1318 550
1053 331
1392 1597
158 1945
1267 338
718 203
942 1473
1858 1119
1221 502
830 103
1311 890
621 1784
296 1965
417 165
1797 412
956 3
1354 523
988 839
718 516
840 768
95 445
1276 924
1666 1075
1399 1892
430 1531
471 1144
321 763
1240 1807
1889 68
675 867
1965 1363
1878 1415
1877 1382
729 1181
1959 762
927 945
1693 1079
1809 1810
678 730
1693 652
1147 291
1606 574
408 540
1250 613
1346 396
139 1640
203 180
402 1048
198 1562
1480 919
1263 162
1683 234
862 1652
576 987
967 1220
661 1019
1892 1759
709 636
300 13
654 631
611 1728
417 969
1858 1339
1592 1852
1273 1267
629 1632
1899 297
1630 190
1272 778
459 1101
412 1713
1974 627
77 544
33 779
1433 551
1595 359
747 230
944 242
566 660
168 1407
227 727
1780 1740
589 1801
1032 98
239 1181
69 1295
279 988
230 1598
199 888
1697 226
1266 514
1397 255
97 1573
1699 832
938 1601
1152 1715
756 1049
657 690
931 1849
424 1953
841 13
831 1877
759 1412
317 1979
1626 1450
916 1783
443 301
598 1215
21 1787
1849 1819
1179 732
1544 509
432 1571
821 217
1959 1774
1988 580
816 180
945 1665
248 1832
830 1023
1966 1175
1409 307
1639 1455
1290 479
1708 809
1982 690
1103 1325
168 1154
1580 631
194 138
1792 9
1166 1826
1847 938
624 508
1242 1392
274 1197
647 1049
63 1021
1611 683
1486 1772
1032 787
1367 1104
1932 203
651 834
1100 1845
202 1378
1570 989
157 121
1547 176
1927 1582
67 1953
1585 916
1827 867
1791 1278
1333 920
1477 1363
529 454
1650 759
210 1136
1197 1437
1113 589
802 320
1070 1614
1618 543
623 476
643 874
1740 1082
1093 626
642 698
1410 1579
1737 332
321 1359
1217 12
1646 886
635 1889
1835 1160
891 201
854 485
79 417
1595 1451
291 850
1802 1391
450 1120
1108 902
69 1878
630 1262
147 746
1186 326
1377 646
1156 1389
1715 1875
1246 800
1314 1304
107 1993
1737 1560
1138 1746
1091 1820
64 205
1220 1342
1082 1940
1601 382
383 714
1925 1203
1866 1773
1870 1383
384 375
456 801
37 1117
275 1925
1832 960
1791 1612
1551 874
1362 390
1102 703
1885 550
146 117
6 1852
92 1894
1100 291
354 492
342 735
1107 1138
1747 683
996 799
1538 468
876 591
1620 290
589 1078
1350 340
1443 1419
189 717
555 941
1794 1671
10 511
1863 598
1595 1493
1210 897
560 1291
1788 498
1785 1627
683 186
1304 1065
489 1697
996 471
786 1369
540 780
958 1238
802 259
1872 1341
1335 199
1527 687
569 1651
791 1987
1834 1368
28 680
1846 1137
1256 440
1084 123
329 1427
1887 790
169 910
1245 389
1892 506
201 1563
1792 1796
1111 339
1366 829
935 1282
393 150
106 429
1751 23
116 741
755 898
565 1072
1549 640
1189 448
1069 121
744 1500
1936 1654
431 579
603 1148
1938 1154
599 1609
307 1125
306 45
247 395
581 1518
1735 557
1009 1276
553 1672
510 505
1340 807
1396 639
803 1479
1417 318
1505 568
1561 696
1236 1440
370 1907
404 1432
473 969
534 640
78 1182
125 5
693 1761
25 647
1364 914
1760 1570
308 1485
864 284
1137 928
1476 582
1435 1699
1567 361
137 1281
91 1546
1125 1315
1971 7
1535 901
1616 1337
1610 821
1014 1771
1737 597
285 1756
1545 1976
1872 586
1159 1411
464 192
1752 539
1023 34
1152 216
1083 1326
1944 1691
1948 1734
261 460
188 315
160 923
1591 398
557 923
1737 1995
1162 626
1676 914
965 695
1152 289
771 531
1942 1007
1784 114
786 1403
1563 1601
1458 892
315 1231
217 1993
538 1555
442 1703
999 710
970 1662
1943 1882
1389 717
1253 1368
1236 1855
1391 482
634 1113
753 1785
1739 1234
406 311
917 1566
241 1841
737 571
519 1034
934 945
1170 411
58 1688
401 1169
1362 1065
238 1875
834 1508
585 37
1151 1652
709 188
812 1919
1442 141
474 705
57 1677
1069 398
255 1123
1372 616
582 1310
1453 40
861 803
1404 889
1956 1191
1247 1317
1560 1462
1166 498
1059 1920
811 860
348 1497
1164 315
158 1977
1840 292
1613 1676
85 696
122 1328
1044 1262
452 673
1289 1796
1992 1214
1533 1302
640 937
958 973
588 1131
313 458
1463 75
1661 507
1947 1811
310 141
451 1405
1174 1382
1191 93
1361 1162
1362 1629
740 951
1212 720
1577 1878
332 1748
1807 732
1728 737
1798 1473
231 1238
1261 83
248 1964
576 1230
1786 187
745 174
1556 1589
110 609
487 1548
426 515
47 1125
778 312
170 396
299 68
424 507
945 1425
1959 1334
1257 1851
866 1393
1215 1191
1920 1092
203 1895
1598 1501
550 1918
274 134
105 22
1130 1771
1262 152
1207 65
1609 1259
1101 179
1725 1792
1381 733
1144 1054
778 597
84 717
781 367
217 671
932 1300
225 992
1279 1667
1459 166
1147 807
801 800
807 7
551 1984
504 1274
1834 1358
1203 381
1134 1336
789 421
575 1511
863 1758
732 890
1472 670
131 1689
177 489
1900 133
204 1185
1548 1855
278 917
1717 398
498 1025
1889 556
990 292
271 1340
1842 1599
1489 1185
569 268
971 1038
1102 1861
989 1393
42 1201
429 1333
559 1722
1648 1265
1631 1762
1724 343
235 1781
358 1585
672 1519
1729 1051
1175 1213
1924 1617
1704 1503
1791 1777
1038 964
460 258
459 360
859 68
56 410
520 1148
1011 576
1242 78
1548 374
915 646
446 1156
1211 1807
1413 1940
1771 1148
1227 1996
81 1163
1465 1950
848 648
1219 1684
492 578
201 764
1149 1492
1729 262
1713 1110
1385 1432
824 1989
468 627
1499 1135
18 545
686 985
706 737
1387 1985
131 1514
1710 936
1315 807
1534 1279
1849 418
1885 1215
1239 1519
429 940
106 800
183 481
1542 329
136 1846
288 1214
709 128
1880 500
875 1283
186 1148
1309 1622
1338 654
1363 397
634 263
80 1027
100 1548
1224 1114
1790 1652
649 1363
1302 979
400 1064
1906 1456
651 709
1355 1830
1940 1687
1731 1754
694 91
1313 1008
1063 894
1064 1028
1553 595
461 472
283 703
95 364
615 1030
1014 1677
964 1988
1952 1360
1165 971
59 1251
1021 1670
125 1154
236 374
188 955
999 1562
998 707
394 757
970 341
1381 7
893 130
1802 1870
1678 396
1264 287
857 262
345 1796
1146 1820
1895 1307
1933 600
1208 1224
1690 919
74 1083
643 246
493 1005
1475 1109
881 221
761 1759
1986 988
1198 1306
1981 1433
1262 1210
1888 1405
1732 1388
1726 795
797 908
280 211
1707 1039
1684 1216
213 1518
55 1709
28 1580
693 1018
1142 1117
1214 949
66 1029
698 1173
746 204
1662 1864
1745 471
1144 1745
1423 1806
35 856
1936 1076
500 1973
1873 1468
1097 720
1031 27
1716 1565
952 251
1456 1846
642 90
967 1288
274 433
1840 782
1650 562
1664 1953
8 1992
245 1540
976 1327
1275 870
1374 1191
913 774
831 1319
819 1320
1875 1068
909 996
1022 459
527 1446
80 615
1245 1101
113 1598
1623 29
1388 45
1825 15
1878 726
1220 1148
1113 1245
1194 1223
160 57
1491 1067
655 913
1930 1955
1083 1190
426 1005
564 538
1799 1414
962 790
1956 1386
867 48
705 744
1698 454
902 234
1194 1604
389 1786
610 1596
1106 241
1859 78
1648 1649
241 1623
969 387
581 1342
221 170
1729 990
1226 1975
1451 352
593 1275
1795 171
994 1288
1351 140
1229 602
1259 836
512 1128
998 1508
177 728
181 1452
1796 574
524 1322
338 1870
1742 1396
1760 1455
541 1996
225 390
182 1228
751 31
1177 1046
1538 1062
1964 1052
902 1912
101 659
177 1697
355 1205
1650 952
1416 1865
1127 1588
887 1474
1422 1602
1376 209
20 1554
679 1768
490 86
1989 659
1210 456
983 1839
1642 1555
220 1840
745 395
197 66
649 779
288 254
1020 1909
368 1831
700 270
1822 798
853 665
384 1277
494 1516
60 375
1913 126
1368 8
218 1481
309 160
1013 401
228 1446
120 1652
447 260
235 1142
1045 152
1051 374
392 1539
1185 109
1435 1239
385 655
629 317
209 669
1318 1830
301 1001
619 724
33 1441
1158 1980
1365 28
1512 1921
139 1672
29 326
262 1653
1673 113
1667 1387
374 104
1971 610
1856 1246
783 1021
651 998
1706 296
168 1988
804 1073
92 998
1960 132
85 1594
1848 865
1721 340
1225 78
1825 573
430 266
917 1124
816 1906
1096 1510
1863 1528
959 1371
1674 1561
91 1704
478 632
1642 684
157 363
1363 1406
1897 596
779 1723
1408 706
1511 1599
826 1647
727 1715
1981 449
644 502
1021 1096
215 1341
1851 1784
1317 860
470 1360
728 1100
754 1208
926 632
964 453
1098 1035
209 1655
627 1427
88 1196
1640 379
225 15
530 936
221 1276
1140 761
134 1604
1772 1104
1549 804
681 928
1752 1435
1802 482
48 1827
1352 1243
243 1040
973 1429
961 47
1669 211
109 880
986 1850
1071 929
1831 82
1530 1073
1813 328
852 1060
199 1355
774 196
758 1656
1302 1255
26 991
365 317
1111 1501
205 49
208 866
336 1295
863 1748
1445 1596
641 1550
279 1228
613 584
496 1079
1095 4
1261 1220
1859 460
422 1484
234 1316
238 1381
1557 1301
223 730
1194 181
1197 1635
1938 489
383 958
1622 1417
640 469
583 1962
276 1064
1033 1431
149 112
216 1508
1112 701
249 652
1976 1405
156 1830
688 1380
1084 409
300 1434
285 1682
1235 1009
632 235
121 873
191 23
225 605
432 1789
1990 1062
1626 662
931 1858
596 518
863 742
662 955
1995 1872
755 334
1899 1338
1110 861
1694 764
587 36
529 1413
558 1942
206 271
326 297
395 1469
762 1554
322 1549
1709 592
1689 1823
882 1882
86 916
1270 1961
1369 407
366 1540
1116 1400
8 364
1643 79
177 135
281 1968
798 1469
1629 277
651 481
1088 268
634 1675
298 1909
169 1462
533 392
799 1054
1318 332
1204 1260
1671 3
840 637
102 264
158 1607
1219 1015
1700 865
126 1614
456 1528
814 1461
195 91
1658 1495
98 1764
1949 1155
302 983
1182 647
1270 1872
1624 60
1097 1282
1656 840
1037 395
1240 1165
876 1542
785 734
1062 151
1439 702
115 1315
112 1311
1330 840
1646 1908
431 1593
879 1188
537 1189
1464 156
163 1572
1654 256
1053 237
1992 848
1430 1192
515 64
1681 1968
928 70
921 48
1581 624
1948 1431
117 388
1931 1531
815 641
1812 1908
1239 1964
1279 1387
1526 1914
1609 55
436 378
180 41
1218 894
1717 640
757 1202
43 94
1089 1250
1802 1638
66 691
1616 1564
60 1119
881 61
1324 1235
1613 87
1286 684
960 89
507 1344
1380 259
1766 1376
1311 703
1383 522
1597 355
1578 1956
61 956
1294 746
323 325
448 292
1687 760
238 65
1457 1645
186 81
1408 764
874 13
118 219
807 1020
857 236
992 869
145 929
1631 303
131 771
1258 615
200 585
103 661
879 365
1977 269
193 770
1909 1893
546 934
1222 1423
1408 644
397 703
1994 1118
448 1249
639 1678
458 1264
696 1674
825 1003
815 1634
1295 668
1695 1545
210 1862
1779 1590
1562 1286
650 1446
1699 1931
1770 478
306 1404
123 796
77 411
716 508
343 1627
1103 496
741 4
1768 1460
1746 1218
1054 903
1424 50
689 1925
1111 541
1462 1355
10 509
36 1564
1911 675
1407 1525
484 670
1476 930
1874 1446
1776 1091
1887 1661
1426 82
31 280
434 1944
1643 1719
1106 428
1736 1924
645 491
1767 1874
1009 221
84 773
1684 757
667 1591
1031 1881
1903 1004
1471 654
1755 1595
1978 1538
1127 1053
22 800
1692 1557
1891 1311
208 630
1143 1434
1959 94
844 1814
1412 1071
496 1114
1959 1822
226 1687
1089 395
274 885
1497 877
54 420
1934 308
375 1437
1924 1647
1357 1324
1850 1186
369 212
810 245
505 1426
1417 1279
1166 1788
1033 1871
644 1058
465 179
1694 197
1626 230
149 1026
389 1468
152 887
1215 330
935 93
1451 393
521 824
1183 1059
517 1412
1016 495
434 834
941 510
857 104
541 1227
1819 1119
195 1287
580 453
1512 738
324 1700
1724 376
1331 888
383 1384
1936 1775
338 264
805 1342
134 656
587 1232
1797 800
363 334
748 1121
634 782
1605 708
1815 1127
370 1899
1128 1312
405 166
1779 210
850 1075
590 1284
841 1035
482 264
994 1163
1931 1392
470 1958
590 1351
754 17
1147 286
1724 145
984 312
1364 540
1324 1218
1763 1252
1305 698
151 1857
1711 532
1918 89
1685 1427
1070 1913
719 1926
1861 1082
627 1801
1717 1118
1774 43
231 1818
655 904
1022 293
1684 1564
1586 391
1881 1551
1676 521
1697 234
2000 1475
180 1096
1516 456
1344 424
1436 1901
946 646
650 350
785 1304
1133 1449
1165 1038
1619 1633
1357 925
652 495
1542 1736
1239 248
1970 1844
428 1253
1474 344
187 843
1447 1170
1454 219
290 1979
1648 1711
1144 1856
1558 442
285 723
1124 820
1756 1802
501 776
1909 898
79 1130
925 1524
933 851
265 1047
1381 1596
906 1576
765 1391
1163 864
1722 1116
316 1048
413 1
402 1023
1798 260
820 1600
1143 397
1319 1434
1058 81
784 1354
309 910
210 1699
1946 1505
105 899
775 366
1804 1833
1783 1804
742 728
1711 467
313 1250
1708 856
837 1915
634 1269
1300 1189
1642 1022
565 1407
237 568
533 283
1893 698
665 458
1386 1191
829 834
288 1122
1058 1600
1745 600
1764 1937
1324 176
164 1303
232 1954
835 715
868 1847
1386 1166
1018 1213
637 493
1030 1874
147 739
1643 783
158 854
1704 1633
1478 6
1180 889
1514 973
1308 58
1615 877
760 1002
380 1590
1966 963
701 1775
1847 18
621 757
1090 281
501 1247
1905 1069
148 1393
830 549
626 1953
614 1957
907 82
554 1092
1726 1159
2 1057
1639 1473
289 1603
1577 69
726 1252
1575 1781
829 651
1281 1789
866 1188
338 1802
1945 1962
347 390
1668 1192
114 688
256 1004
202 1608
141 727
625 994
464 519
224 1220
1013 407
120 579
467 782
257 903
1173 971
403 1902
950 1198
1985 1522
356 1091
1012 695
1353 1636
1543 1233
412 1353
1717 937
1211 1473
653 1976
1517 1552
1988 27
612 756
834 780
331 1782
1814 1758
83 1569
1127 1807
925 1035
224 1599
67 968
1800 729
1458 967
1678 1494
1559 38
302 1193
41 518
1112 46
449 134
1309 218
1246 387
373 1231
1485 341
1139 1077
1441 1970
1843 1516
1410 1957
79 386
1387 1497
1763 700
928 601
44 1842
953 1782
1238 383
1245 1431
1763 32
1571 250
1116 526
84 1985
208 591
1432 1461
1867 528
814 1502
1155 1202
1041 1479
381 1843
938 382
1568 1045
994 1042
148 472
1158 601
449 608
1153 1718
1805 15
1183 788
1057 349
1199 1679
688 767
536 1314
829 60
777 359
1021 838
299 477
1299 1825
1508 271
1628 1055
1725 584
1855 999
1868 1497
85 1960
671 1993
1985 1143
1014 1413
111 418
1488 1266
1241 1651
502 1886
23 684
281 1681
565 266
402 401
53 267
101 1186
408 128
1174 350
1901 1202
1526 1939
7 1796
565 1881
153 525
1894 1741
1357 1278
1394 154
1109 1793
404 547
1800 1181
488 87
1092 856
749 839
639 343
1834 594
905 1710
1659 1715
1672 107
334 458
1128 1223
1795 1158
1660 735
482 179
1134 585
858 723
1585 1507
1227 1598
474 1889
1788 383
612 268
1458 497
71 1106
182 1484
1663 44
1395 1122
922 1176
1019 1346
1632 1509
125 1173
1023 1631
572 1479
617 744
1336 967
1611 125
678 491
330 1507
713 1338
1486 412
310 637
465 416
805 533
268 1623
1766 833
410 422
126 142
99 467
1770 290
1642 965
606 1614
1551 1819
940 1172
1239 1832
916 1788
784 1978
238 7
1653 397
1339 1796
630 1283
978 1002
1161 1331
1057 1481
1364 725
1693 1119
467 744
1009 1298
1260 1782
977 1000
1666 316
71 58
349 1233
185 734
63 767
428 587
1209 361
106 548
608 247
35 1445
393 253
884 1101
673 747
1627 1638
880 1557
84 2
1556 1522
38 1798
1310 577
895 1735
20 1675
1175 1615
273 670
1624 1437
1105 885
553 1388
462 147
1189 1541
861 572
390 908
795 1824
1582 41
1493 1001
884 360
1895 974
234 124
290 1684
757 355
577 152
1963 1196
903 1248
130 107
1644 1935
132 1553
693 1565
1674 692
1716 1680
668 729
1459 39
154 1472
848 249
106 1960
1981 1456
1768 566
881 896
1504 484
1153 989
442 1772
1070 1107
804 960
750 1847
1469 1670
1447 771
1063 772
1985 972
272 314
1430 1612
1661 1670
1056 828
224 109
1013 729
399 1883
1467 328
1746 1057
665 1987
725 1305
607 191
500 573
677 846
46 1359
1057 706
1928 1050
457 1181
1467 909
1146 1244
521 412
115 1390
364 1241
204 1379
466 522
710 958
1370 1942
1488 435
1536 269
1055 743
1932 1313
1475 335
1732 818
599 1407
1562 598
1122 1234
673 1420
1809 1891
732 1891
1919 908
170 924
1957 1780
765 102
1314 1908
298 992
1063 1141
561 347
1613 1811
1288 311
39 1375
469 1007
677 144
1507 1331
1796 1934
214 334
1231 900
208 663
614 1605
953 1296
932 964
72 1973
1218 239
810 1951
504 49
1646 80
1303 1217
52 580
1045 194
127 1163
646 1492
1135 1939
1135 1116
1438 1293
1487 205
1088 626
529 967
123 62
1802 264
368 1082
1677 1731
1916 1320
291 588
1880 1628
1605 1705
1675 627
1520 1765
1552 1615
1379 662
516 203
1777 1132
1395 1765
1228 936
4 1108
1741 1214
1717 721
266 1328
973 1555
903 1618
1302 1688
777 1263
685 1724
1079 1969
1173 79
414 1817
178 1091
1081 636
1568 911
1167 285
334 875
1709 1089
888 882
1743 678
501 166
1367 1529
561 637
1259 1516
1982 1478
719 935
1570 1314
541 113
1033 540
173 1132
1884 811
473 946
308 976
59 865
1237 1249
927 969
180 1019
1402 1251
1068 1715
1674 1644
1622 390
980 1150
1540 822
222 437
651 780
993 276
739 1885
2000 658
1717 66
8 1887
98 793
1868 848
373 713
361 1602
900 734
444 486
1725 1835
1115 988
764 1566
522 773
1733 133
1778 325
553 1532
1111 1227
1870 409
583 413
1848 474
1744 1143
1584 329
369 1441
758 1675
1369 1620
1686 299
9 251
421 1912
1349 912
590 1712
613 1037
693 882
1976 830
1054 1586
18 628
1316 735
205 988
1367 1060
476 1546
433 1690
1297 626
1786 272
667 229
1814 434
1470 122
14 717
1260 1947
1371 379
947 42
1844 1937
953 1701
1969 652
978 504
1087 317
1872 1081
1118 403
770 622
1817 304
434 863
1666 918
1314 1633
1139 1420
1368 1333
275 501
1232 36
787 1284
366 1970
494 1341
6 850
1280 918
453 52
978 49
710 1818
205 169
138 94
1346 103
1873 1199
1411 1523
1295 674
1828 581
1942 487
1274 1002
796 509
1085 1808
1095 476
1730 1563
1941 981
1511 1408
28 1679
1619 1439
1973 1027
1796 860
1915 1281
983 439
216 355
363 26
885 930
197 157
1808 1017
797 1762
1394 753
1741 1264
145 562
1836 25
406 513
1090 356
1801 1624
1242 837
723 886
1290 1057
701 550
1527 1384
172 1400
750 1787
949 1647
1014 1861
417 680
1036 1537
1298 221
1098 376
94 110
244 1727
1285 1448
1301 590
1141 1676
1546 623
1306 1332
294 1223
136 1145
361 1422
1028 1578
1492 1474
32 1514
1190 500
1109 1180
1575 1647
997 276
645 480
884 1022
1798 1875
1700 1626
687 1160
1999 1098
1839 1107
725 1859
385 1120
595 1397
1358 805
570 1704
1281 663
837 1761
237 88
840 489
542 216
1450 1060
1199 538
1426 1911
1904 789
1787 569
1321 225
1411 568
76 424
312 1961
184 122
1355 1095
233 1550
1368 682
1343 849
1318 1603
574 310
491 223
1289 1934
374 990
414 1803
1466 333
1867 1010
2 1243
975 904
456 582
319 298
1772 824
96 1603
1367 383
1645 189
1375 371
640 1069
1133 31
900 1036
1534 1345
1958 1874
70 1137
315 410
1930 1318
1478 1673
1178 673
232 8
1496 470
1740 581
191 1543
63 349
1230 1683
540 1860
1938 1539
1333 548
1562 173
855 899
1739 1259
845 304
1587 1927
838 700
1280 402
214 1220
271 1147
1899 1085
1584 1837
1480 265
485 1051
1255 979
444 347
1459 776
1868 418
1518 198
391 174
1840 1190
1986 499
1043 1150
42 1263
606 142
573 378
1194 1312
966 1905
1416 752
914 817
1072 530
1278 208
621 1009
1982 911
1247 1884
189 1584
1759 1316
1940 1782
793 1597
764 1744
1066 1977
101 1684
58 427
88 167
1871 128
1887 1639
39 799
896 1678
488 635
852 532
940 1514
86 1706
1421 358
676 1528
54 171
1552 753
1360 1513
1317 855
1067 1776
284 913
565 1857
41 681
81 1067
917 1143
1792 1141
1991 1518
1619 1340
424 286
927 1596
520 1803
514 154
399 1060
113 1372
4 1328
1113 211
1574 1882
1848 421
1603 721
1009 100
181 1835
68 1996
862 598
1219 1198
661 789
1579 1881
195 944
509 511
1440 253
1992 333
601 739
330 1512
258 585
11 1666
210 986
1530 921
1045 219
887 255
1998 682
1603 1715
1553 1056
142 1070
520 25
1509 359
1873 1078
314 1448
943 560
336 1415
34 348
1112 1359
1572 176
1001 682
483 493
658 753
1401 1236
441 1630
1634 714
1366 797
528 1201
832 1206
1284 1868
73 447
1729 1117
74 1493
682 1190
1260 1053
778 1081
1688 337
1143 891
1006 1085
243 894
1432 79
1007 1905
1491 178
1520 954
1815 1240
87 635
13 1098
224 872
357 362
1869 112
1987 194
1108 842
499 410
680 1913
107 973
1860 1195
397 1965
531 1011
281 1356
604 1794
406 633
957 51
628 509
939 318
545 1690
337 1246
711 16
1708 5
1339 1040
1889 938
872 951
192 1601
713 1898
202 1509
895 1255
1220 840
818 1349
1783 777
1903 1978
1628 805
167 1741
178 29
600 1505
1441 787
1248 1027
489 1543
1617 859
1955 189
1356 1335
1030 945
1325 652
856 554
540 709
1908 435
193 688
1645 1584
328 1696
298 642
1619 1989
809 1947
196 1711
95 1769
227 1152
204 666
1127 899
281 850
1206 908
143 1314
1959 43
888 1129
1263 1997
1943 848
279 1496
873 1434
1522 1164
1507 357
1456 1776
14 653
610 7
799 1745
616 1996
1320 305
1343 722
439 229
1583 703
1200 1897
1857 298
858 1661
1171 41
450 998
1454 1313
1502 100
1901 1385
1650 22
483 393
300 373
1458 541
464 135
1252 1163
681 1419
1347 90
596 1352
1002 504
1863 1734
1971 1596
1712 1352
1210 1012
1984 1378
308 206
871 1296
850 175
1020 506
1135 64
1998 723
1878 1072
1268 1500
546 323
1112 1699
1337 413
1388 1853
1067 1804
90 1579
679 1727
781 1639
1823 1923
314 792
1654 1833
1433 284
638 103
967 892
4 116
379 311
724 438
1699 91
683 747
1001 1574
715 1194
1478 1004
719 1209
913 1289
1110 1113
874 1581
1228 345
1463 943
1477 997
763 1668
1688 1490
1430 1795
1560 1656
1267 1406
1257 1411
959 379
1903 1203
1315 1390
411 477
1991 461
152 392
9 688
1143 1446
1383 1085
1304 1418
1827 1128
74 1939
1680 875
1348 1428
1088 1617
542 1269
1430 1418
1048 896
1234 1767
69 668
973 1263
804 1803
454 1376
906 1750
1913 1614
138 1774
1062 1929
477 1826
1977 583
425 1335
1644 1984
221 1813
1085 297
947 255
1324 727
1849 1044
1856 13
704 53
1306 272
1375 1914
1384 591
1047 1131
103 1293
761 1980
1971 238
8 1214
864 127
1513 1066
972 1835
1747 1195
1336 840
27 1118
785 573
177 1496
877 154
818 329
673 713
1506 1328
1702 1738
395 584
1425 646
1860 883
845 183
752 615
1244 968
790 1714
997 726
1193 1053
387 1490
1383 1017
1354 736
643 767
1464 1462
394 1216
1161 146
240 268
407 1073
1081 415
1972 22
200 1867
859 834
656 257
610 238
1509 294
708 577
897 962
1248 751
1229 286
694 99
1467 735
217 1266
883 1785
1643 641
1164 1646
85 1553
606 1070
1824 886
1019 1371
901 42
294 793
566 1656
283 1941
1435 58
1202 1684
376 2
392 1523
739 462
77 1432
1379 1376
425 1648
675 1831
1547 933
1500 1896
1890 926
49 57
658 1404
41 1200
950 1911
1503 1074
1191 357
658 1158
1520 1481
1575 1336
1677 208
1758 463
920 460
278 1799
1751 1745
177 504
1089 1422
474 1330
571 41
522 376
591 1088
74 1150
1249 739
844 252
690 1027
369 139
1828 458
614 1568
1793 889
1892 937
1542 442
466 1077
487 1348
727 1442
1429 486
1594 67
93 1831
1077 966
1028 1251
995 984
373 452
200 1277
165 1909
588 471
1520 1874
1583 1065
790 342
808 1323
982 342
32 1356
1773 1792
971 499
557 1401
837 1862
1852 840
1184 295
338 1391
1198 1254
909 563
818 1978
1988 1300
1566 1115
50 175
1217 1881
1242 602
1848 354
1329 11
1674 1594
733 1207
836 305
1643 1646
1107 24
806 389
110 999
1637 1358
795 697
444 1147
46 555
935 1004
1599 44
1667 1345
1541 1750
337 778
599 540
1379 1547
161 1289
707 829
1468 388
744 895
1287 1990
150 719
346 1129
401 528
950 1666
1967 1873
82 675
1776 854
1354 295
484 148
652 1724
1056 1877
935 1162
1517 1043
144 893
1583 1436
662 188
457 1790
1107 302
1578 1249
471 909
1080 1283
1546 1095
565 1502
831 1730
1854 159
177 1845
1752 940
685 759
1190 1326
877 1800
149 228
671 846
1494 881
1460 889
1587 1897
1990 1184
1278 246
654 1058
260 436
607 1486
131 1691
213 1834
326 1862
1723 649
1377 1918
165 680
1380 1705
1779 814
381 164
259 9
700 798
1907 878
353 1239
1424 1075
913 612
1604 120
1169 520
246 855
68 1969
679 658
327 669
1871 540
79 165
518 1582
1037 1112
1073 1188
975 1573
1142 926
281 121
1122 603
891 917
1169 1364
1772 1859
808 718
731 201
184 1470
1763 1101
1371 633
1424 850
335 566
546 962
1954 1268
1241 1466
26 1259
1324 480
1809 1211
841 687
2 773
1240 1750
209 848
1352 1299
1458 454
1700 315
832 19
1368 1379
886 795
1639 299
1213 1727
899 575
1309 1417
1735 1797
1313 504
199 1998
452 1898
790 1193
743 1232
748 1567
1267 1314
769 1139
934 1900
107 217
1982 867
596 281
382 862
1369 478
602 1989
108 580
169 1487
1746 1036
176 47
1416 722
1239 1349
290 478
1414 816
1206 580
244 531
1286 1748
1026 228
1656 1583
439 1972
1544 10
17 1401
33 1844
1984 1363
1926 1602
199 1464
1100 597
95 594
510 1260 1268 259 1494 823 1501 1343 551 1590 1042 341 1636 658 1691 192 682 1709 472 628 1709 1507 927 1684 192 1333 1126 1755 937 371 143 165 471 926 1365 221 707 1103 1054 1065 1469 259 161 565 20 1157 1126 554 540 823 1045 212 12 1528 1503 1435 540 650 973 953 1268 1590 701 301 1501 1528 22 595 386 554 650 1242 1494 66 15 38 214 192 1562 960 1494 34 1660 1260 293 22 42 1772 31 467 63 986 34 161 1365 1115 334 471 63 682 334 961 1622 452 1507 930 1678 212 565 161 926 1041 1161 754 1415 259 8 82 12 11 1528 152 1590 1042 1494 1697 165 1143 52 1678 11 293 574 1005 1199 405 754 161 1641 956 1115 1697 574 1678 1568 8 1019 568 1128 280 467 371 1045 926 1041 236 1528 510 1652 534 1576 259 1065 102 1562 1103 986 1503 495 1067 1528 1111 22 9 823 1065 772 966 1764 622 1424 1435 192 152 1576 1494 22 1595 658 12 927 1292 551 371 63 118 1528 486 236 707 1668 82 1371 1342 495 1571 11 1054 1721 937 407 551 764 317 619 267 1678 1656 82 1019 1067 22 480 565 1691 766 1115 1128 118 1740 653 953 1131 1042 304 452 1772 1501 301 937 650 63 1060 52 118 701 622 115 1721 42 1364 45 682 1435 205 234 1005 953 551 1494 930 452 267 961 1364 152 12 937 658 650 919 22 115 1005 1103 72 959 1128 1435 143 1126 1342 670 82 142 38 986 1435 1115 143 772 1019 413 82 71 341 952 467 471 1740 236 1684 103 192 1333 20 1415 1571 534 1638 1641 397 956 264 1595 1057 15 1742 467 1241 1237 115 1009 1595 1009 937 1721 1306 628 88 1813 486 1343 317 13 386 1241 961 1161 808 1710 1306 1306 205 1060 8 1333 926 919 1128 959 317 115 973 267 1126 88 11 66 413 280 88 1364 1343 15 471 1772 34 551 952 1242 1065 1740 452 953 1260 495 1684 1641 986 102 1292 653 707 395 1562 1241 407 407 1742 9 670 280 267 808 1622 341 1550 1466 72 507 1057 1126 66 1103 1641 507 1143 1507 1435 185 495 510 192 397 1764 1562 926 42 1528 1268 1435 1126 38 142 280 650 930 930 9 11 42 1005 45 960 1684 22 1268 1507 1415 12 1131 236 1333 1365 1365 1494 1019 622 395 1266 1740 212 1204 766 326 301 758 413 930 650 1019 45 1292 1764 1260 63 628 1550 395 1054 568 11 973 8 67 185 143 22 1424 192 961 280 658 452 1333 1528 42 881 22 480 973 280 619 1638 1638 1204 185 1435 1242 1103 1602 326 540 34 808 38 701 1590 341 1590 142 1009 1382 301 1371 1568 1469 1292 192 495 1260 71 658 1045 1111 1128 507 1204 1440 52 142 670 1550 1045 568 1576 1656 772 1143 1161 267 1242 214 1005 1009 66 930 1266 31 82 1065 20 1602 341 595 534 1528 1111 15 1333 1568 405 1656 682 13 15 1772 1590 619 1364 50 1684 1638 1507 52 371 973 11 212 758 1045 510 808 707 397 221 1054 407 956 1131 1503 1060 1365 293 1469 397 486 1503 653 1019 334 1005 1742 1691 1697 927 622 161 1501 1364 102 808 371 1652 1161 1270 63 1364 1721 754 452 67 701 1241 554 628 1709 15 569 1755 304 1641 267 42 397 881 1622 1306 1550 838 467 701 1571 480 205 192 1721 264 1128 919 1638 1266 1755 102 1005 960 13 334 1041 1622 1595 1054 142 758 1342 118 386 1721 658 1678 486 1740 386 34 326 1678 480 13 1562 554 236 1494 927 1568 808 1424 551 808 960 1528 293 131 63 569 293 772 467 986 802 31 568 670 12 973 1507 919 371 1143 653 192 953 1740 838 142 701 658 1371 280 12 1550 1658 142 1268 1103 386 1115 772 301 480 1005 1041 1501 1576 1306 405 1364 52 1019 622 259 45 221 1270 9 1342 1740 565 42 1709 569 1658 926 486 12 102 267 236 1568 12 576 754 959 1668 961 1764 701 881 986 452 11 1060 1260 9 471 1103 66 397 264 919 1772 63 838 71 1684 152 471 1602 1268 1199 758 264 334 1199 772 1590 103 802 1054 534 534 341 50 115 758 407 1415 1371 1333 66 1157 574 1292 214 838 622 802 628 1710 1668 1678 11 1709 495 486 1382 131 694 919 1266 1668 472 1652 919 142 1333 334 802 952 881 1636 259 22 45 192 1678 1684 1721 1658 823 1813 142 758 510 701 1602 452 467 1131 1157 50 301 45 165 973 15 554 1709 808 1060 1065 565 1528 701 317 1131 926 1772 15 565 1576 131 1306 413 1045 772 205 8 13 1041 1668 1204 1678 1060 1270 1576 1009 467 1507 1576 115 1042 569 102 1440 63 34 212 1054 495 823 115 102 802 205 234 1668 1057 1005 930 52 764 534 1067 1636 304 1241 554 1568 1045 764 212 1813 1009 326 1440 1550 1292 1742 472 341 1103 15 63 1652 11 259 1469 1382 34 565 1364 1813 1242 1595 1268 1045 653 1641 115 1126 1009 926 212 1656 1764 1204 22 1241 1710 1494 1237 653 1365 334 1571 103 540 1270 66 1342 1306 1684 405 808 937 52 1435 568 452 1636 808 72 1241 405 1054 72 919 486 103 236 540 486 102 280 952 1550 82 1067 707 52 569 507 766 267 1638 952 52 1622 808 802 413 103 9 185 1128 960 694 1371 1622 1126 471 1143 1342 1636 1660 808 1494 11 1060 50 1424 1199 569 371 694 1054 1057 192 142 452 115 1813 1054 221 694 1507 1571 1602 1466 1602 467 1060 72 959 395 966 1115 1550 1697 1568 1440 52 619 823 31 1764 407 1638 317 397 766 1242 1507 952 802 15 1131 808 1126 966 1602 554 221 67 622 12 1636 1365 772 413 670 1638 1466 1045 650 1684 259 13 45 1161 1157 407 1041 1595 1111 280 1126 764 395 565 1333 205 1668 1415 1576 1041 142 8 1562 1054 22 143 707 1111 371 554 1660 1764 576 1060 304 1668 1054 405 103 772 1005 205 66 495 1115 568 1503 1571 1365 22 576 754 1424 8 554 165 960 1494 185 658 1342 507 11 1469 472 1494 1128 926 764 694 1740 31 13 301 192 1602 71 1342 937 930 15 1041 1242 185 959 1813 142 1494 1772 953 34 1103 1469 507 267 102 1813 267 212 1501 486 280 569 1041 12 52 1343 88 267 341 1424 267 317 1602 1364 142 1041 192 986 1161 1435 38 72 1772 221 881 1333 1424 682 1019 653 115 1041 1343 334 1260 22 407 1241 1157 569 1019 808 694 165 930 34 1270 38 754 1652 1333 1813 1660 569 259 986 1042 1382 471 953 267 397 66 341 471 540 1060 1067 707 927 1237 1057 754 326 317 956 185 486 71 1241 1060 395 15 953 1622 1342 386 1065 405 1067 1710 212 565 1270 341 576 1103 22 1365 650 1742 371 1041 142 82 568 1415 1042 1157 236 1668 1710 1691 658 1371 1424 1638 1242 1571 152 1042 973 8 22 930 161 142 707 221 1755 1060 1415 619 758 1658 38 1237 1622 467 1528 115 808 956 1260 495 71 236 165 927 1045 1157 395 554 959 341 507 1755 103 1466 930 143 1709 1641 1161 1126 480 1054 1342 658 82 1342 551 1501 694 952 653 214 185 1237 20 658 1415 961 334 568 926 1333 1306 293 658 808 1111 682 694 11 13 1266 471 1503 1507 1415 595 754 1568 766 1128 386 1658 1742 576 554 1764 11 280 1364 823 1652 34 628 1528 653 576 1131 214 82 1668 472 143 953 1103 568 682 471 1115 554 1065 1365 1128 11 185 143 1466 317 1292 1065 82 1103 622 658 1204 1103 13 214 236 15 236 1237 1343 1306 407 802 152 1755 658 1103 205 13 1045 72 823 50 1364 1656 628 534 1435 1710 495 495 1382 1652 1241 966 205 66 1576 118 772 926 1710 1111 1270 1161 682 619 658 1772 152 88 919 82 622 1507 88 395 472 1199 326 1199 650 486 1242 214 986 670 1636 1503 953 653 326 1466 52 9 20 1270 1237 115 658 1660 628 670 11 1041 1131 881 1590 1590 67 1065 682 115 480 701 1199 293 551 1656 45 565 1131 1103 236 293 486 1668 221 131 1668 565 371 1660 568 42 1065 334 131 707 63 386 694 595 1755 701 1469 88 658 234 9 1469 1041 45 986 118 881 11 293 66 1501 334 1161 565 1571 1292 280 1115 142 371 1638 1415 82 1503 1678 1494 927 986 1697 926 221 1131 569 568 143 371 1742 937 953 1590 1595 1306 1242 959 12 103 15 568 838 953 495 1045 1306 1103 1641 1143 1656 838 264 658 960 1382 142 142 1568 1590 301 452 234 1721 236 71 118 1115 1306 926 1710 143 22 1652 1057 1237 959 407 802 1742 1678 823 293 628 495 1054 1576 1755 131 1126 142 72 267 317 471 766 1241 11 1005 45 565 1638 1668 1590 1306 1042 1204 472 1595 1813 152 1342 619 551 22 11 1333 1503 1440 142 956 45 1199 1115 131 1550 568 66 1590 808 1111 264 1568 1045 754 52 1364 452 1668 838 20 574 326 534 1131 397 152 1333 758 986 1306 480 1668 1054 1660 1494 486 1742 1041 927 472 1041 838 66 961 234 45 808 1103 334 103 165 471 1242 1652 1622 13 72 143 1562 495 1494 161 31 966 628 1009 214 595 569 1813 234 754 1306 22 1709 185 754 301 927 1060 13 1742 576 1060 534 1103 1128 301 407 961 192 234 1691 1364 1041 952 1041 1041 986 960 1067 45 1041 82 192 653 764 103 937 161 11 772 1691 185 554 758 802 236 34 115 234 1045 1424 192 658 1709 1684 1019 650 565 102 471 772 405 1709 973 764 937 754 881 20 1652 682 1636 467 764 1103 1494 766 937 326 1710 1658 1494 707 926 1041 961 1143 397 407 1622 1115 471 694 386 11 1242 701 131 1466 1157 31 1602 1199 1306 595 694 1041 808 467 986 1365 1270 1469 1740 952 574 143 1126 102 1268 1550 622 1772 960 467 1365 34 1268 1697 953 334 1710 1691 31 574 1602 88 1528 11 1131 808 280 1469 142 467 236 9 82 653 1060 264 31 471 670 953 766 1342 1528 510 45 510 1772 986 1131 1571 1237 66 386 22 953 658 185 595 395 161 293 397 510 1772 115 341 926 407 1126 1638 471 1501 1507 1242 628 986 1266 510 628 15 576 622 823 1365 82 1237 1435 758 212 334 71 650 1343 1678 1126 397 1161 259 236 1636 13
