2000 4000
1553 1926
1541 1036
512 675
877 1643
164 1672
483 779
1337 1773
1780 1720
1846 320
739 1509
1137 230
1445 740
1807 833
766 476
613 935
1300 1151
1239 108
1127 1191
1538 1079
931 1480
1459 523
1927 1004
201 1845
498 1412
1226 711
1377 613
546 612
1244 1606
1766 597
874 419
759 326
1154 29
127 400
1565 1301
1244 1455
1960 1181
1090 1110
1961 633
12 977
609 795
667 1356
815 1960
1860 1074
1221 517
701 1731
1919 1665
727 309
888 744
1154 684
1462 966
752 1790
386 650
424 1448
806 756
180 660
330 1194
1400 760
79 1939
110 635
280 33
1264 938
1962 1956
1297 444
104 225
311 1547
612 1176
615 1618
1605 926
447 743
1730 482
1610 577
1694 208
337 1762
452 616
680 1126
776 1649
1754 688
205 1878
1171 1663
1492 897
527 86
1932 312
540 460
1608 649
1035 444
371 1916
1110 173
5 966
533 648
1453 1017
835 1951
1251 1531
1763 435
264 989
1628 601
910 214
15 1450
1570 1796
51 1275
1505 953
309 787
614 1686
1812 1606
165 574
75 1976
1184 235
601 1199
1190 170
255 828
210 277
827 779
222 1704
58 320
595 1677
1375 617
873 1856
1724 525
1124 787
1599 652
646 1996
647 1140
97 1355
633 1648
822 1072
39 898
608 294
1091 1921
1006 91
695 98
931 131
824 252
1679 421
882 1543
239 691
1979 241
1041 433
495 1680
611 1709
64 1676
597 764
196 183
1982 205
1999 281
1026 437
722 969
374 1894
482 849
1447 1109
1803 156
1867 841
1034 1148
501 195
1766 1217
1490 1669
318 1290
199 1943
1134 672
172 1193
1360 251
1078 1490
1409 1819
530 330
1234 110
943 354
322 1978
1536 805
1446 1885
553 1755
1730 109
1419 1778
1128 1856
860 974
439 1654
948 1582
147 1747
1137 1999
83 553
406 154
149 588
414 1385
1909 680
1849 1957
540 581
1295 1274
561 1904
1550 1141
83 1959
1031 481
1922 822
568 1410
847 1989
257 1332
21 1322
98 860
1748 547
1247 701
1249 1529
1723 454
1041 13
815 151
1197 119
1569 1966
1794 1037
1505 209
264 1984
925 1378
1936 1926
1043 1777
661 1902
1667 535
111 91
1799 923
1135 1674
913 869
523 864
196 17
306 728
915 1644
1567 1483
40 588
1944 604
1289 703
1966 611
1807 1891
1554 1399
202 1490
524 396
1873 1946
228 1071
1065 1820
1553 832
1431 1864
408 641
1705 694
905 309
468 1233
1032 1713
1663 1553
1084 86
1941 841
1633 1703
901 807
406 1990
1153 587
1032 507
865 920
853 606
721 1876
907 185
1388 1560
902 115
1730 369
1658 614
1231 1750
827 1027
850 1800
1064 1560
1641 643
1463 1311
48 1465
1361 1767
566 33
1498 1819
1404 1852
1445 1855
179 1904
809 1914
1339 1866
475 1445
1528 1209
308 257
717 1823
1731 571
1969 745
927 497
482 148
474 1518
1063 342
1445 1453
1484 95
986 232
945 865
1739 143
132 190
1490 1235
874 434
889 178
1587 809
1617 358
1619 1376
1103 1924
1349 1999
463 698
1368 231
1326 273
1133 469
1894 432
101 785
144 1225
847 1159
243 345
282 1091
493 419
806 1197
1512 1011
920 1052
908 1806
197 1091
1102 1238
1070 764
330 1024
663 1889
122 1621
11 1903
99 1013
514 1172
1521 1662
1172 1383
1673 1437
1901 1224
693 1834
835 1336
1829 169
746 1653
1954 1225
107 819
501 812
582 629
1612 929
1977 1885
1221 260
659 20
343 1279
241 497
1103 937
1173 1301
1762 366
262 1811
1270 1356
531 1633
1751 1116
191 1529
1522 1626
1727 210
482 1277
820 135
216 824
914 1810
1452 1838
1468 1517
1316 1981
1788 704
178 1375
391 1852
244 1302
654 9
884 164
1342 1478
1289 1071
867 1319
171 1027
680 1525
905 1871
1212 786
1461 1716
1260 1547
1307 1259
1836 1862
719 1186
656 559
1625 1374
1882 930
1190 103
1191 1333
448 1708
705 1417
1252 276
256 74
550 593
182 442
1964 205
1120 110
873 125
1141 1564
1349 913
20 1682
1443 693
1054 1138
1694 1785
472 1307
599 1525
81 1175
115 173
1694 1368
353 1051
953 545
35 213
1326 521
1733 222
325 1610
1238 1168
1804 1706
963 1331
1052 1406
98 861
122 651
522 1999
794 1568
377 251
620 1836
96 616
796 1267
1083 389
1871 1611
1521 303
541 603
1966 783
148 928
1524 1829
250 915
404 597
930 1328
1433 861
1202 1433
499 159
279 380
1781 1706
384 78
1852 983
1859 1597
1866 1032
1423 1187
1975 250
1192 1940
792 1507
264 1024
599 1588
717 982
86 1495
1612 172
1398 899
958 87
792 1010
1366 1495
848 1579
1705 825
279 175
1943 1636
440 810
941 701
1044 1242
1843 138
468 658
384 362
1081 905
270 111
124 1290
1528 539
1019 313
1743 1216
1364 810
1997 711
1734 1222
1054 1427
1974 1669
1415 488
511 1593
1320 111
609 1589
1703 195
1742 1082
1343 1083
1801 1936
347 1209
1097 1346
1946 622
261 484
670 799
395 1938
619 1344
874 1977
1058 1711
1069 1326
906 1938
942 623
581 1972
234 1170
1290 774
1966 1772
785 1654
733 968
1971 1297
303 379
1637 309
51 1729
1564 1206
18 1318
1362 1626
635 1087
1011 1895
716 1004
1276 19
1409 1722
1574 68
1011 305
898 364
1524 1606
1769 1299
239 1744
1992 652
672 96
980 647
1571 263
811 94
1151 1439
201 453
449 1071
943 1653
1020 1549
1605 1088
619 734
451 1824
368 361
479 1429
883 1179
1331 119
1826 1061
516 518
892 1428
686 1266
797 1927
935 610
1305 1894
1229 1142
605 321
1599 1898
529 1362
1708 110
677 647
1029 40
264 765
982 338
1217 1677
1655 136
598 1536
1541 1271
11 107
1894 547
460 1859
865 547
1374 78
156 283
184 870
481 1028
700 1800
1155 643
879 556
1718 121
1915 235
1353 1804
1933 1253
1628 1194
99 1578
1633 1745
1696 902
404 377
697 250
1282 474
272 869
1056 231
405 1011
1812 1754
1131 206
100 1571
1407 146
357 720
335 1689
1607 1991
714 1178
1080 1272
969 53
1684 1587
692 530
1406 1421
1917 1203
754 1758
15 267
436 7
158 540
1475 1582
418 1683
772 643
778 1033
101 353
1129 308
1693 1628
509 49
951 1948
223 412
1433 1034
1857 18
1389 1651
400 1726
991 1439
1536 902
1159 450
623 204
847 911
1958 774
1202 1062
641 1424
386 887
1425 745
1925 735
545 1608
1755 134
810 510
10 635
16 1701
1050 268
942 1379
1649 1619
1213 995
1581 1551
1079 1272
1307 487
950 1660
1681 1218
1763 361
944 1438
192 502
1386 192
327 324
450 78
759 1869
261 1279
1684 623
1528 1728
397 1182
115 360
1849 608
1177 542
1978 1039
757 230
286 1483
1643 1682
1009 847
852 1033
759 1474
308 889
1799 624
1093 127
548 748
151 441
640 824
1033 812
316 1071
752 826
1848 306
831 1476
1241 1848
362 1906
895 1759
103 1629
895 1203
1961 1574
510 1092
873 435
1475 1729
576 1980
1264 173
1237 755
821 361
862 1763
1177 673
95 1185
1808 601
94 1612
1935 747
159 1305
1753 1883
1383 1662
1394 1738
172 1283
386 1281
1774 1063
1559 554
1431 1001
363 973
1165 650
885 1266
132 1959
1166 464
745 1491
233 342
118 1267
350 85
1424 637
954 1966
270 1505
314 897
109 307
608 313
1571 202
1597 1259
980 1270
1359 970
436 1943
909 259
1702 1206
523 737
1591 1083
1583 1620
963 607
1702 158
830 1533
1775 850
1186 157
1551 1053
481 1714
1670 558
797 411
1304 973
19 241
210 491
778 1994
642 512
1395 798
1900 1760
994 605
1747 120
715 793
698 44
1942 1933
1432 20
414 1797
700 1524
307 461
1625 1411
1194 794
487 761
1158 1890
376 1390
73 38
427 753
289 455
223 1556
22 1734
1262 131
797 485
662 1594
53 16
305 537
474 687
1131 1475
1277 1486
1870 1516
972 725
3 1557
882 1229
65 403
1181 1110
1095 824
145 1863
205 1682
1304 1438
1221 437
1397 712
934 765
1997 1932
1328 497
304 789
795 123
843 967
947 260
105 828
1300 921
163 1670
1189 804
1575 589
934 1675
459 911
1464 1046
1114 136
505 1624
341 1651
1033 76
29 1249
782 1230
318 297
463 846
1406 262
250 523
559 933
1710 690
1045 702
1229 125
1323 714
809 1709
1707 520
1998 1273
1937 180
1272 1653
275 1183
1977 335
1182 1908
1088 382
1655 1998
603 1637
1598 1531
1630 373
63 684
573 979
1517 1880
1647 1760
144 584
563 1583
1168 1444
824 1974
1854 1971
843 523
1214 1455
1222 1598
130 1210
1630 1966
1549 1376
1966 32
409 1981
72 1738
1090 960
1226 1208
1248 1770
1881 367
1557 1303
1295 1327
183 1523
3 1697
603 1690
1696 89
1753 115
29 752
1352 378
626 750
1405 1020
1398 340
1031 107
1490 1098
1088 1856
714 1629
600 801
1457 1147
504 154
1228 1239
419 1645
148 1151
820 694
1528 285
320 933
563 1830
873 432
1057 1544
175 271
1665 1398
846 1582
1602 1069
591 1490
469 1813
591 1564
1413 360
869 380
1685 1000
734 1235
181 1090
1062 1128
1131 1473
284 302
58 177
1511 1033
1823 1510
938 1597
1185 1146
1066 745
261 764
372 1572
1177 677
1283 1360
452 1466
656 247
1994 1568
1883 1927
1568 367
1453 1164
825 116
651 1045
241 24
1784 111
1735 1319
132 1237
473 1033
777 729
1440 1664
1717 167
1569 1929
1095 1428
283 1214
756 528
1440 779
1343 1733
1355 176
896 204
1755 1158
509 955
140 1078
1071 1898
1401 282
1276 392
1774 1517
1946 184
1646 1078
377 744
1012 1941
355 1139
188 1749
1808 1076
1072 1010
827 225
1306 1615
1241 1579
1450 252
385 656
708 844
554 1064
1522 186
589 1751
1204 1649
866 313
1013 1533
802 129
789 1178
1098 547
513 497
149 1679
1104 792
825 1953
756 443
1624 78
1332 106
557 1051
1916 435
699 1144
1312 1627
329 1036
862 1197
220 402
1710 1253
1545 1577
1502 137
125 1866
614 34
926 1173
356 882
1204 897
1155 580
1598 1757
515 481
557 1701
786 1133
159 148
1004 1669
1493 1352
689 879
712 1029
1189 109
1273 591
1849 1400
1455 544
398 669
1426 93
1583 775
886 1046
1298 1290
652 1979
749 681
444 1465
676 455
375 1378
994 1241
1061 1987
460 1254
1866 14
978 1388
1678 1341
955 1132
1307 1872
393 1827
1657 1506
1592 1328
1198 104
1472 267
910 961
1965 1391
843 1121
1865 1313
341 420
394 446
439 1609
723 1934
833 560
1670 51
692 1678
410 330
425 250
473 209
40 1547
334 1588
1201 501
1652 1911
826 1194
362 1707
849 1932
1342 665
1762 1410
1853 1477
1025 1247
829 139
842 1685
411 1917
1977 1374
1024 37
1517 571
791 531
901 1494
1137 1609
1901 1033
655 1378
978 1155
348 172
1299 330
1069 1098
1230 1956
1335 895
1671 949
1140 1188
237 623
663 1132
544 1152
1955 952
1411 31
904 1109
1792 1152
1797 958
949 265
456 174
1324 834
638 1411
597 719
993 308
1620 398
917 1934
32 296
1523 28
1927 483
812 1088
392 952
1660 260
1036 831
226 589
1556 782
1793 1387
1875 1284
739 1195
1742 1193
1614 1889
310 646
1075 1431
31 679
1994 510
170 935
1999 1278
413 1576
1660 1200
277 343
1538 484
874 1298
1288 88
737 1963
1284 984
592 433
979 1093
1893 187
581 1021
1209 1380
993 1776
487 1159
1598 1933
963 1674
596 603
1954 1797
233 97
1372 1136
524 1991
903 1405
1166 1399
1641 1757
606 540
52 1059
1125 939
930 246
1749 1422
523 295
1238 571
1620 67
1531 718
838 1203
1390 1938
965 1885
585 374
1858 940
801 1422
1288 1684
381 1326
367 1718
1708 1511
1479 925
1583 521
1099 1831
1668 941
129 411
1718 143
1455 1615
906 542
1115 716
792 367
613 967
884 40
1341 66
646 1941
1630 595
1990 273
1193 1623
1803 71
222 326
1841 1336
346 590
1156 1899
1991 1526
482 427
1392 1568
1886 860
1484 1847
1498 456
221 981
913 1650
1583 1043
1070 1265
537 179
847 198
633 1100
748 1231
1947 1077
585 1341
1446 1903
579 1578
509 1884
1924 300
1738 376
923 404
659 999
48 416
1184 295
1024 1217
1972 786
1460 22
1826 990
991 1050
417 1617
412 80
204 564
797 1902
1249 813
1285 421
1261 433
1597 1035
979 945
571 1514
1124 157
25 1891
574 1964
1857 492
1945 1862
1155 255
45 759
1144 780
1304 589
681 36
408 726
858 585
853 1579
1837 597
1515 1236
375 93
332 1979
88 1846
852 1548
630 1103
334 744
1687 70
1499 1352
898 1613
512 789
1460 842
946 440
653 631
87 1690
942 123
1059 1480
646 917
878 741
263 866
539 702
486 1838
481 1258
290 727
847 559
1168 1039
723 1721
1542 1188
735 1988
839 1419
1605 577
889 1342
1366 1127
139 1064
1178 297
232 732
770 976
1914 1249
246 289
1965 1056
537 1537
1148 1619
448 629
934 114
959 172
1832 1427
771 1098
1460 391
1754 732
226 1843
964 782
629 1325
1056 795
1915 1464
182 1364
1395 475
1566 398
1302 1250
1903 1206
850 522
1971 360
465 30
1460 1750
220 617
619 234
1742 1228
1779 1475
44 1190
1947 1562
1358 1469
712 661
847 1263
112 1758
1340 351
1773 894
714 130
45 141
434 526
92 136
583 1897
1314 1200
609 57
1198 1436
1084 1435
1989 1777
721 1578
1661 1044
1695 316
268 697
944 1967
684 222
1417 1818
245 1312
68 1811
778 726
240 718
1208 522
1902 180
1078 1156
175 715
564 1602
1866 466
1954 163
455 461
1191 634
1372 1938
1003 314
868 1324
527 880
215 1793
1790 80
1689 314
1768 96
416 578
1678 245
817 661
1217 283
1647 1896
409 1840
1589 1551
1382 1590
730 1254
309 1989
1620 310
1698 704
1422 1410
1615 135
833 819
219 287
1091 1216
795 881
698 1945
1101 210
1363 632
774 621
1425 586
986 762
1552 1684
419 1211
1077 1391
791 1808
119 1690
1474 752
300 425
1423 1949
1178 1606
1009 1271
919 1372
1792 781
611 911
604 1917
68 1490
276 1158
1439 16
1039 21
1673 55
847 696
409 1908
462 1963
1744 1920
1646 150
570 138
404 622
808 1314
1949 168
1105 1770
467 1759
1453 1106
201 1836
1999 354
1986 1229
337 1292
144 1971
260 1793
1917 968
1040 1929
1073 1786
598 709
549 1278
1867 696
1714 1213
1473 424
1053 1129
1458 1
643 1180
102 585
1369 1502
1268 310
879 1954
232 1011
1055 57
2000 828
1010 1430
1358 1546
1793 1430
995 1033
1154 1890
529 1418
334 1788
1754 413
1984 1209
632 1
1866 1402
1586 1116
1768 1450
1209 320
464 429
984 1850
690 1481
1460 1243
1391 1104
494 698
1530 911
997 1673
1475 250
493 1568
1664 194
390 103
684 1937
879 1482
315 380
688 396
509 876
404 1749
1770 1197
419 1974
1751 659
1182 1171
1882 377
1455 1653
1862 1028
1441 210
1053 1592
1701 550
1147 1218
1048 1431
144 638
274 1198
1837 1221
801 1008
1122 492
730 844
400 1781
1802 1807
1965 1284
1972 1941
551 1784
1337 1076
1772 827
1373 717
1920 870
1480 1057
1928 1888
815 1861
828 124
320 869
1404 1363
1767 911
845 1032
383 1218
1104 1926
159 199
284 1819
889 671
210 964
1825 1227
1271 657
1793 313
572 826
219 423
126 900
389 550
1923 1340
1708 563
673 1093
1264 1930
97 1255
215 1417
1532 1724
1240 1596
615 1198
1848 1455
776 746
89 1651
314 1870
195 1229
1989 1293
1816 364
104 800
1691 120
622 819
1846 1184
33 1266
1917 1538
271 395
1874 1494
606 1732
1698 1766
635 1006
1720 1356
1658 1710
1412 815
521 1660
656 1102
1034 1226
404 736
1815 408
1446 539
1016 173
1522 1244
1751 1490
1961 1057
1256 1007
285 1779
1487 1999
143 368
1305 40
1163 57
433 46
181 1662
1433 352
230 1693
1363 949
257 248
1331 118
1866 374
1349 821
1827 1217
1098 1482
90 338
942 1598
165 1592
1105 927
317 557
836 523
1816 1903
1158 1004
13 997
814 722
1680 868
264 480
1479 763
300 1816
276 1645
1610 584
233 1611
257 940
1351 695
915 644
1020 3
653 1143
536 1167
1789 499
1562 1323
850 1608
648 1263
833 1576
254 984
922 160
1425 1393
1520 1438
751 1784
1033 250
527 1020
1760 1547
492 163
1653 607
862 197
1710 1069
1640 788
1593 1151
1573 1800
1473 1005
1191 882
258 1846
467 1343
1864 1942
1250 1144
1034 1091
1354 878
1001 749
795 453
1302 47
884 722
309 804
1680 441
38 529
1435 1216
1547 1225
1000 851
178 1902
1111 1094
1822 229
233 390
1872 965
1271 400
1186 578
693 157
636 567
476 1730
243 1815
1354 1918
138 177
1903 298
1331 1855
1632 770
1970 1659
390 302
1266 1624
1717 1070
1979 1420
264 1727
1283 257
1972 1721
253 1275
782 937
1497 752
1673 1705
723 1016
817 97
388 1336
323 1446
477 933
1348 2
1522 1812
707 846
592 1240
1555 1696
1005 217
1470 1084
470 1667
583 1261
945 1978
307 1725
1665 1088
666 1818
800 233
1110 225
1849 1899
1004 224
336 1363
307 1140
1736 1259
1850 567
140 1892
423 1468
1871 678
1995 1183
1074 735
1689 1106
1640 744
1085 1058
649 1711
852 83
1263 1525
143 776
3 99
1503 110
1255 833
393 532
1853 758
286 589
1786 1756
1714 1084
349 542
1581 147
1712 1037
1220 196
1635 1472
1965 1491
793 117
1137 1936
694 373
1939 1454
1566 559
722 1833
1825 1247
827 1654
1330 467
696 1052
1157 180
889 689
979 597
826 1094
715 781
8 526
691 1036
726 693
1126 1193
864 73
1456 1421
1243 1722
1906 1550
469 159
1724 1835
1235 566
1308 1069
1047 1344
134 165
1735 1249
139 788
1113 501
1248 1965
497 1539
896 1974
1937 1292
1834 1199
860 1195
186 1303
1282 1808
1395 1177
713 339
627 1649
941 92
1847 1681
1688 1378
1913 786
638 740
362 1693
744 1675
1507 1084
166 1973
1196 744
265 694
1389 1830
312 1510
711 138
689 797
1863 933
734 1776
1440 1912
1210 934
55 143
1523 1616
1720 1290
1247 75
1851 1597
707 1898
6 1683
1712 568
1681 250
788 1998
1818 1473
1361 1798
756 1778
982 368
891 1771
6 379
752 847
612 539
1978 1714
802 1004
505 1396
1626 1438
689 1333
487 1831
793 350
991 1347
691 1995
452 1719
576 860
1868 606
1315 999
933 1207
1185 493
269 469
1646 1299
785 1095
1922 68
960 1650
830 1701
1221 1463
571 1128
752 1088
114 353
31 463
495 1956
16 1419
232 1069
1327 1680
1087 1966
1374 151
772 1683
103 995
778 1951
275 1928
1068 379
106 1030
1395 940
495 1128
494 314
174 1359
1417 608
112 936
121 614
925 1346
1636 241
1007 10
481 670
1173 1162
565 202
104 1421
1485 991
305 835
1350 885
1889 46
767 1220
1804 1143
728 1402
38 1656
1047 1707
1519 1952
1823 1817
389 716
992 1947
1394 1559
287 1013
1722 932
1193 854
1604 1340
558 161
792 749
909 929
839 144
1200 783
1708 637
1895 18
1182 145
1558 1716
1447 1541
1248 1398
1440 520
1963 541
1649 1935
925 1516
1775 778
1273 1830
1365 183
136 1950
1319 1462
273 1073
594 373
925 1205
1953 1467
84 1804
848 1371
1503 1998
1713 782
254 1852
455 578
839 461
829 1386
473 1438
1038 1125
1329 639
1539 452
195 888
659 287
732 29
923 904
1499 1564
1902 335
1090 1932
64 863
1333 1701
2000 1584
1470 1118
513 599
1522 698
1576 913
57 1431
711 1266
986 1010
59 826
1827 528
1954 368
1369 685
1013 1545
357 1295
1703 1214
1262 797
1413 432
606 851
1227 1791
572 1118
1899 944
574 422
255 1918
139 1590
541 489
1969 1162
1177 1087
1310 1308
315 377
618 1738
118 1066
334 1833
1867 1970
69 207
1627 805
298 78
1668 741
1559 1161
1934 1606
41 596
1264 757
1354 877
285 1236
1767 858
1213 770
50 517
1550 1814
1033 1507
1412 691
1680 80
1105 111
1946 1470
1898 1519
1158 1120
1405 1085
1816 806
1490 1625
912 198
1839 1349
914 435
439 1464
1570 905
1553 1149
392 459
1282 466
798 729
291 1213
1099 1733
603 1426
397 1505
1610 1820
200 523
300 629
1834 1583
622 1137
80 1053
13 1286
1303 182
1346 1186
498 817
1021 572
666 1292
139 1239
292 128
1998 3
1391 1699
114 1737
1089 379
1247 575
634 441
203 1359
870 938
1635 1981
1907 746
259 257
1431 1978
591 1227
401 452
837 1000
713 1766
1237 1026
877 1112
607 1881
810 14
1967 1059
1714 823
1289 1292
730 867
1339 933
1223 860
160 146
278 1065
1893 428
171 654
1835 762
687 1806
1542 1964
257 670
46 572
1160 893
1627 393
645 295
857 1328
1165 1655
1150 995
1608 1238
1279 850
1931 1178
1086 182
1046 746
1511 883
384 571
1934 659
552 500
1233 1883
359 257
597 1778
873 138
1279 464
879 1752
289 961
868 495
1612 1354
241 618
707 546
884 271
581 136
1024 336
1517 670
665 1146
121 695
1853 124
719 1997
1830 1315
1561 687
1066 189
981 1388
1493 1346
148 1681
1511 188
180 942
1818 524
828 1078
1701 1299
195 1294
1276 1155
513 1749
1160 1108
399 1044
1164 1299
797 163
947 1975
1110 348
531 1054
672 860
269 438
847 1910
1863 1091
904 1003
1237 1670
1546 429
639 1421
162 1557
55 1147
1713 469
227 372
867 1924
1371 125
527 1565
3 327
4 850
1049 1559
1173 936
1177 152
1780 535
911 1303
1799 1343
223 1821
1973 1843
1367 233
1288 15
1187 1443
824 1844
417 143
1252 672
1866 1808
1630 243
537 1436
421 1977
758 1412
341 446
1771 1313
1462 296
415 209
1786 1745
853 9
1301 904
1330 365
689 309
1592 1384
218 1332
383 621
533 1576
1815 1439
1334 1482
252 232
353 1403
931 1877
1797 962
30 1559
885 614
1186 106
943 754
507 1630
329 393
1666 547
756 942
1194 608
211 240
1598 1162
1291 620
1233 441
437 1419
90 1052
792 96
1289 744
949 1905
1487 516
355 1252
1620 1277
1120 1259
1675 89
1291 6
1902 571
623 1266
1091 858
1829 946
247 457
1808 1162
1067 1677
1065 1490
49 1230
689 1194
951 935
593 1060
869 915
815 215
833 779
611 1351
164 596
493 849
1467 792
654 567
754 1033
94 345
1627 1118
1396 1135
217 1570
1134 1083
823 1168
1303 387
594 1510
1992 458
656 1263
658 1336
1884 717
479 331
284 615
600 1473
331 1478
1776 297
1810 1306
1337 538
399 234
905 1312
1522 1702
712 974
1291 439
1950 1002
1325 1396
1529 1659
1561 1751
991 1750
1840 1954
1649 1109
641 1389
669 1122
1877 1057
1629 990
1648 1281
1534 1453
784 1244
1222 126
1714 1881
528 1251
768 508
433 1024
1806 945
488 834
90 346
959 1436
1140 872
1755 1423
1197 8
1033 833
1821 1681
420 217
1852 576
376 1656
1800 1812
301 392
1713 1041
205 1482
1851 1652
557 408
774 1850
92 476
523 139
71 1224
1602 1994
164 219
1667 892
819 1437
47 1580
34 1090
133 577
269 1478
1845 1858
334 1500
1073 240
915 678
885 637
1939 513
400 1672
840 38
574 1062
892 60
619 680
1647 1754
925 621
1472 1150
1472 1099
1681 670
899 555
1892 1303
1548 816
921 1758
148 1940
518 1635
250 313
1665 1928
1877 572
1980 144
1113 635
931 1473
1488 630
285 312
970 900
1874 1317
668 1110
1236 1231
148 351
288 1630
505 923
885 1670
236 1188
322 1142
236 866
1041 1404
1746 549
46 1692
867 553
217 1089
1802 99
1183 1003
1586 1961
179 811
849 683
1761 1010
1062 673
286 830
274 1602
1337 729
1022 550
1173 361
614 1779
378 1353
1137 328
1879 1458
695 1507
1355 1805
1983 1799
1022 120
585 1209
1026 1171
1578 164
808 715
605 250
984 1080
1848 446
1859 519
1992 817
1445 187
493 222
648 747
824 578
749 851
110 699
765 875
1585 1385
668 1739
818 1217
756 626
1895 93
1797 870
1971 1478
1027 1021
1861 454
996 911
217 1990
1351 502
1594 1173
506 1423
342 561
1865 1758
1605 1541
1528 1122
47 1081
1649 1250
1008 80
316 1112
682 1206
1077 67
1018 1505
532 1765
1356 1997
613 119
1374 1272
1600 280
52 776
1438 310
534 926
791 1183
873 957
542 1294
1276 1528
957 1190
1457 1767
1872 1535
1496 1879
1410 826
1045 397
194 425
878 1954
1795 483
1426 1350
1536 60
1964 1209
257 1031
313 1872
1481 249
653 1053
623 457
422 1255
331 994
1465 1862
500 1762
1199 1692
1123 1866
1708 979
1060 675
27 576
568 1076
822 279
1083 1226
981 853
1590 1208
666 1683
45 485
1983 28
1449 618
1283 1427
266 1672
197 187
1686 597
859 1551
230 1946
128 643
971 68
476 1996
399 755
1547 484
868 309
687 932
50 1492
1670 1789
400 1841
1329 1440
1012 1492
856 1217
1487 1226
1636 106
654 1993
1232 1841
1199 1219
1631 527
898 1809
292 805
198 717
1235 395
1529 801
1316 956
1249 1093
575 1215
1892 1681
1312 314
300 784
771 481
641 1369
353 898
1457 1290
203 571
316 451
5 1262
1451 1382
74 1887
1119 1577
1879 1222
82 1830
1625 914
720 839
882 326
360 1746
444 1963
195 180
1123 467
1824 1271
766 1628
105 48
1188 1357
1930 1226
803 310
1138 1242
1161 1084
1997 200
1325 628
1434 244
764 294
168 1806
1507 1064
1621 1491
700 1291
1035 823
145 1929
1212 726
1887 1219
1246 883
1461 678
1488 851
1777 1772
1351 1402
359 625
1045 1826
1501 1490
1125 1018
888 790
105 298
170 994
42 1299
840 372
1811 726
955 1116
1107 1777
665 1498
936 1710
320 1361
592 12
351 950
1033 1705
1255 1860
1049 559
1918 1401
1394 1813
804 683
818 1781
135 250
776 260
1109 448
1881 1018
812 1654
1359 1174
1460 886
779 1317
1434 1105
667 998
924 1606
1883 1161
333 1118
1005 445
858 1012
576 1618
102 817
449 385
983 312
401 1604
1416 1215
935 1838
482 958
1457 768
682 26
1613 284
261 1062
1018 1779
1700 410
1278 121
1040 906
1141 162
741 750
1234 1423
1525 755
103 1650
43 523
893 851
1987 948
1276 377
569 385
636 907
1992 1966
651 1845
853 311
431 1416
1695 1079
1491 1639
1301 150
1859 970
1019 659
1288 1034
456 1437
1232 1606
687 673
1987 1421
432 301
1795 543
785 10
429 958
1460 14
843 1649
1179 1161
1769 543
1815 1770
383 613
853 541
177 1195
1664 1893
972 1723
1162 1112
189 55
1244 996
1746 1164
1298 1442
1463 1765
1063 1551
1132 670
1944 904
725 1502
67 1689
84 520
1925 772
1223 1960
1898 526
1084 817
258 994
1182 1458
1586 518
437 1854
993 385
975 40
676 935
942 1872
1076 1459
30 567
755 1381
750 1075
992 892
1635 1892
506 628
1828 1771
1119 992
327 1213
1699 1785
1454 1688
905 211
1819 1634
1132 455
1502 1125
1274 1864
1366 148
925 1801
1330 187
422 108
1145 362
407 373
1037 1535
1967 1772
471 1989
89 1986
1218 1893
159 1843
553 1687
1891 190
935 1653
376 403
635 1417
434 1150
1716 40
1747 1485
1726 288
470 1095
1456 1824
1803 1079
599 843
1592 1441
1767 442
442 236
1210 1530
1194 1056
142 72
1877 1676
459 1402
1012 710
236 1286
1512 826
157 171
988 420
1479 608
1494 518
1210 1375
319 588
365 1793
911 1438
537 1474
365 1127
1595 718
716 640
1875 86
684 660
1088 943
1763 309
645 473
125 1292
663 1051
543 1972
1214 850
1553 1323
23 442
1620 1961
1868 91
1260 1515
1262 1948
1405 1162
12 176
313 1794
910 51
1553 375
1632 1637
305 558
1724 907
782 933
726 767
1705 62
672 1428
388 1078
1482 1156
221 791
1911 1900
69 138
1153 219
495 429
1109 1742
733 924
1677 914
1824 1789
1464 799
696 1858
661 976
417 1011
469 1013
1772 1022
154 747
1671 1466
287 551
1761 1013
1809 856
1572 1889
39 1521
3 1024
1473 1511
888 573
1564 1463
1673 1585
1971 664
1978 543
1029 1049
601 574
1438 1130
580 742
179 1162
738 391
1056 455
78 824
1232 902
1096 661
406 279
599 1145
1328 1155
1258 1501
959 1444
1328 1540
604 1666
1228 1468
1486 1612
721 1034
694 710
465 1413
148 27
1793 1917
1854 1544
346 1741
905 1601
145 1357
372 1812
1609 480
349 1909
628 1057
635 1548
1250 1574
956 421
914 1410
1841 1846
1844 113
704 134
1036 150
1278 1650
1681 762
226 1224
1504 844
952 563
1789 856
761 1453
1551 4
1087 236
750 1880
1571 1951
559 154
1637 960
1598 304
1715 11
392 1024
1070 352
735 1640
1870 698
1840 905
1221 138
1833 565
62 1749
634 689
148 1832
270 1627
308 1258
896 442
1905 298
1533 828
39 722
1534 174
1056 171
1491 825
1885 603
1171 1018
1978 578
1486 640
283 1664
842 1278
1773 1576
771 214
236 792
441 1090
1796 1639
182 1120
1954 1904
516 1001
1680 1290
1306 527
330 1947
440 250
1849 790
189 548
1021 293
132 513
1716 1544
1524 1655
1303 1170
1073 713
671 1196
647 1907
969 7
1413 851
1026 1267
1454 1522
828 1808
1621 61
1690 1061
1881 1204
185 166
430 951
392 471
1800 1930
75 773
1092 1146
1452 1876
1774 440
216 1481
384 1187
1195 1986
154 1131
1523 558
28 256
510 1984
646 678
54 846
764 1741
509 541
1299 802
408 1261
196 999
887 1954
492 969
943 1873
586 1636
206 1529
1533 1485
485 65
257 1645
701 1253
144 492
243 212
910 1902
1277 663
1802 821
1435 458
1876 1409
866 1107
183 846
352 420
1690 895
677 485
1125 1046
339 1634
1385 1265
808 1671
1860 1804
1300 763
1614 615
1461 1539
448 852
1373 593
380 1628
976 1696
142 187
1958 175
1083 291
1833 1524
1232 991
360 156
1190 964
1848 174
804 843
497 1790
1404 1052
1871 1380
297 1610
689 1499
357 313
49 1244
1526 850
651 1128
336 92
745 591
1465 1467
1289 910
798 1956
1695 326
911 617
1562 1437
735 311
1317 505
1339 1202
134 689
1153 674
1919 862
1161 1046
156 330
1254 490
868 1628
1657 1333
1885 338
1843 603
1091 1747
1479 616
670 1782
1175 412
1753 1069
583 1217
1846 755
16 827
1 1777
1193 1298
237 1859
496 163
1646 683
891 54
1840 2000
1979 1652
8 1684
956 549
1212 689
1307 1863
1868 267
1505 176
1996 1034
124 105
486 1283
969 331
701 673
725 344
1030 378
376 462
1570 976
1336 309
1847 501
1314 432
29 1431
909 1152
1068 1983
1475 275
938 539
906 1482
1508 1281
1673 1736
58 1182
460 182
1012 1649
184 1135
1947 93
503 1076
188 357
1007 1359
1934 1162
1719 1264
1989 952
305 797
1861 1091
282 1498
298 1945
1829 527
1994 1718
1259 1251
493 532
1591 468
1618 1748
673 148
237 1943
1836 314
1969 1707
1856 305
430 24
1331 1156
1478 1943
311 223
506 605
1117 946
47 1438
1860 1852
1877 1264
991 184
1793 1259
485 1025
1620 1228
1662 1317
699 159
1110 1713
1347 493
1407 1830
1446 731
1916 142
1686 367
395 1875
72 486
1033 1297
1296 802
1899 462
1765 1962
1342 748
1567 1439
1232 465
1889 1363
1316 1246
762 965
1101 1569
1076 50
1204 475
717 257
1715 424
1495 700
90 1491
697 1074
1556 1850
1593 825
769 1795
519 120
983 104
164 826
1815 410
1066 1004
1800 64
1787 1849
1327 1489
261 1204
1974 834
379 1684
1372 572
1347 313
121 1234
313 824
220 312
1297 1073
563 155
1902 813
1124 109
615 276
1873 1407
1926 235
348 1641
465 1692
615 1034
797 1117
1781 123
611 1610
1524 1290
287 1226
1491 1695
1868 498
869 1552
1225 226
855 1440
263 1946
791 1493
521 307
1055 1693
272 391
806 929
634 725
1228 968
749 34
1604 678
1502 1018
811 1630
351 484
285 1177
952 1577
1562 1209
1356 709
766 680
1216 228
1775 649
1110 1038
1707 1369
1637 1014
1495 1057
1053 54
527 1760
1067 1257
1313 504
862 1914
1869 1017
844 412
1341 726
1123 1318
833 860
1645 1217
488 408
1306 1370
1691 929
1983 1809
81 1853
262 19
828 1308
847 1163
1008 1783
152 1927
253 1366
807 1746
1894 568
560 169
1099 316
961 1351
1814 1449
473 901
1428 1557
970 1965
265 423
1025 1575
1642 1634
1078 1131
579 1266
458 1754
323 299
1494 958
508 787
1254 1251
1413 1411
1800 1320
772 932
1042 1524
1108 1566
1285 532
689 3
1287 1994
1837 1393
128 1083
1735 471
1439 1773
76 451
1174 1425
299 1666
1922 1594
153 1760
590 1255
594 1663
834 1445
1438 198
1523 249
707 302
410 36
1050 797
1334 1173
1883 814
1051 1985
1360 839
1595 1213
458 720
628 1346
546 120
566 986
1184 1962
1172 1636
242 695
1197 391
1203 1041
1755 416
183 1678
614 464
899 1835
619 1908
698 1906
1132 1561
1475 1034
1003 595
694 1608
1236 366
844 1737
421 711
1684 438
1045 112
1454 11
396 792
1697 1987
273 114
1750 765
689 1823
584 1853
1077 598
1756 551
1721 745
1851 1805
1363 1335
1743 636
508 1939
35 729
464 1416
1236 47
1776 450
680 275
1167 1128
1667 1657
409 197
477 278
1914 1226
1272 1626
1623 821
250 1740
187 727
1634 1067
1763 277
1662 1998
1965 285
490 1210
580 634
434 329
599 1978
1355 1616
1546 1493
1489 234
677 299
12 1692
265 459
1273 319
1929 1385
281 61
1682 1200
1109 1031
1123 330
871 1317
1613 1932
1095 1603
995 1863
266 1709
187 1279
722 920
1262 851
1849 1275
1956 1335
313 954
1758 946
1762 435
1192 699
1042 12
1975 513
906 455
1323 1821
1368 1537
896 60
1952 358
1405 446
1304 1994
1978 1538
662 738
1011 47
1102 1071
421 1461
542 1060
186 665
1978 1735
198 665
734 311
1477 1727
1214 810
1613 1300
1636 1563
1587 393
901 238
1262 384
904 748
1790 1968
1218 504
1725 1457
1266 1835
779 1527
1379 1233
1058 310
1923 959
340 1422
423 1340
1252 1242
426 1398
890 1103
331 816
1689 122
642 1274
837 479
1372 1359
610 470
586 1638
935 1919
1471 1499
319 818
1456 669
1885 898
639 1975
255 262
1966 1738
1269 1845
1960 492
903 385
1024 743
901 450
812 1425
569 1267
1672 518
232 916
627 1845
505 148
646 1792
1923 652
1556 1995
1220 778
322 893
1706 1082
542 285
1467 1923
1040 1245
1173 637
216 378
493 1162
776 597
1417 1470
1301 527
1403 996
1623 877
1012 655
1032 1861
1457 610
1808 1075
1292 1733
977 1094
1467 621
698 1928
1872 479
1899 1269
350 1103
1699 1228
1442 905
1 566
297 1029
250 911
532 248
1535 1518
939 1030
1142 924
85 1431
408 1621
1009 173
66 756
1224 1804
213 1759
1496 1959
1240 1225
76 1527
749 460
651 1916
1520 1895
576 217
1179 248
959 150
910 1879
1746 1041
1948 1668
1407 1091
1994 1275
560 717
672 1198
457 511
1991 580
1723 339
156 823
527 105
409 401
744 863
316 958
1535 24
1654 1513
926 1023
1432 38
755 1280
370 758
1769 1916
849 897
489 824
1926 357
296 1423
1329 1997
244 821
1228 1294
735 1076
964 1411
924 162
489 639
1845 1475
1860 1589
571 1046
1512 881
1052 861
201 836
1867 934
1840 691
116 1403
1874 768
46 936
1860 1062
1512 193
1857 1718
1822 1097
252 945
79 115
1144 1723
92 106
363 959
100 554
1085 1609
141 746
1222 1018
682 396
297 473
1879 629
1106 976
832 1362
241 1422
1775 589
1667 237
1130 740
246 1024
1166 1199
1804 1452
499 895
64 7
1913 408
654 557
873 687
456 1332
735 1665
690 1837
1221 49
1820 1430
1612 1988
686 523
16 342
860 1636
642 1220
1981 711
144 1118
1435 428
657 1586
946 1582
1542 1245
166 23
369 1064
1172 295
710 107
755 939
111 1877
780 1976
1952 1835
1741 1609
1358 778
160 1088
1203 1971
1413 544
724 1752
34 1073
826 553
756 1875
1257 1949
132 998
1510 1865
1689 1643
1797 598
1237 1748
1745 801
609 1212
1459 167
1952 1200
446 874
863 283
843 729
542 1477
744 1173
1684 1881
1194 26
716 1053
36 659
1304 470
1363 1398
864 1053
438 63
1528 857
1406 1466
879 1029
1642 1782
1374 1154
534 530
1551 773
310 1647
1340 1398
926 1729
979 1116
1242 190
478 712
251 1039
1038 1971
1332 1828
917 276
1205 42
407 370
528 42
1227 1193
560 1460
1264 1852
386 934
35 833
1418 324
1865 92
1758 1027
820 1247
1056 1468
310 178
484 912
1388 1805
823 481
1804 524
657 1989
990 594
1686 1690
765 1967
1031 966
1580 714
1185 1786
1391 197
1254 594
418 1012
111 1898
1246 1572
783 1241
1891 1465
1620 1378
1735 1846
769 974
1218 242
40 860
302 541
1089 111
1843 831
1325 1286
847 1044
858 511
771 256
503 1887
1952 80
530 1133
77 842
394 1303
1127 1906
881 232
978 1131
940 859
563 1554
1318 1623
1488 1379
962 1208
796 199
1964 1970
372 1432
1239 1277
1103 861
534 445
153 1259
307 489
552 496
1005 1721
1387 1217
1429 1618
1621 317
850 632
1167 461
1488 1647
1095 1581
938 614
1407 403
1624 1411
663 825
706 1917
1023 1141
1547 597
918 1278
148 1026
1901 1915
519 1995
490 795
1780 752
1281 603
1246 1616
926 52
49 614
243 14
1226 1381
1872 982
337 930
1956 293
1210 1628
1268 831
1926 463
120 1630
977 8
1038 71
364 526
1267 150
241 1067
62 1998
460 386
407 1004
323 777
1566 966
1596 521
1764 729
665 998
320 689
650 523
1006 1465
515 992
1322 1700
307 729
247 811
208 1374
1896 1039
1498 1309
1879 676
1146 546
1214 374
543 224
867 1768
1466 703
562 1724
1905 1368
639 842
1899 30
1701 1948
1992 193
631 1719
1173 1672
1991 258
813 791
1268 1910
1325 1398
59 149
785 705
547 349
1438 1460
191 1796
343 766
1073 461
1285 1249
543 1267
1633 1586
1128 357
1137 1713
1981 986
722 25
795 1013
815 1166
1890 1397
154 1635
1615 1826
1452 345
1674 529
1953 265
1231 1125
1594 520
229 1167
1257 267
461 1632
372 297
558 1564
489 967
1345 593
1301 1959
627 682
474 188
1712 520
1103 1075
846 147
1121 622
1958 1383
1389 1436
1865 707
1981 1629
828 1024
901 1842
939 1516
552 324
438 1207
825 1078
1395 1050
312 56
859 1169
337 1044
1019 1831
1250 459
1804 867
259 1162
1603 741
1239 960
779 185
1109 823
138 521
321 1068
1006 1057
1060 1714
1126 381
987 815
710 1383
956 33
786 877
1368 310
132 1399
734 181
194 1155
45 513
234 755
235 1269
1738 1877
971 1095
494 777
1228 1222
334 721
1391 1573
530 1769
1509 207
1265 1271
1347 1886
196 974
1336 533
1533 1201
1684 1650
1528 1213
1154 1800
1475 1639
1056 491
241 952
300 1408
1218 1030
542 163
1550 6
1525 124
5 1410
735 666
1406 192
559 872
1192 1298
242 1404
533 1714
1177 984
1934 504
939 122
1952 170
1694 1605
1926 482
1474 1048
837 468
793 1340
304 1119
4 1378
1254 279
1059 1467
385 1952
1014 874
1747 751
824 1192
1815 1280
1301 23
940 704
1959 195
3 59
1383 615
945 826
1411 1242
1050 1061
38 129
88 996
1691 1630
1939 1452
147 66
841 1195
1187 1225
1056 1628
1329 738
1241 758
1633 455
1992 1298
767 151
258 77
1504 1295
931 1205
1282 1403
1981 567
163 135
342 1523
1628 1137
736 138
79 82
1352 241
1027 553
1616 1028
786 1892
1861 1758
1530 1104
629 581
1345 1962
2000 605
523 560
1685 6
1250 1545
924 755
820 1609
1405 1753
1600 469
1358 2
818 1679
30 1764
1160 465
1028 1414
1513 1225
1140 150
827 222
1255 1595
1042 1825
1102 1763
574 844
1192 1231
1096 1121
1488 1384
1965 1888
465 955
467 148
1650 1542
292 1251
241 1582
34 85
1496 790
1338 65
1276 1144
563 1962
1942 261
1522 1422
661 915
211 556
1156 1535
1674 1864
1010 1349
1755 1573
134 1991
350 1056
1796 1861
1982 1238
464 1282
1157 825
1502 1161
1489 797
1917 1624
254 801
1805 1891
1081 1078
1362 269
366 92
38 1681
1393 1828
1787 1782
1336 1749
1311 1690
1177 1893
1722 988
1886 1289
1464 1120
456 271
1665 231
1004 1820
1427 864
1131 1309
1558 1237
747 1321
747 1499
1171 530
654 376
1297 310
209 1183
301 1846
1616 685
1305 281
1411 105
102 82
310 1418
1684 765
609 1351
634 593
854 1200
684 1045
953 1992
635 1378
1094 284
1559 1145
415 265
903 1956
1518 1806
180 1498
800 91
1327 1976
665 1414
344 222
1493 1016
108 1012
1076 1819
884 951
638 154
1620 1599
969 654
521 1303
1418 1776
470 271
1333 611
588 829
384 1234
395 1644
281 1076
65 1776
1880 887
1382 1598
338 297
1159 1688
1616 762
1297 524
1860 1631
1499 1741
445 1009
1080 149
1237 368
1105 1127
531 364
165 609
1997 773
740 750
1540 1248
1901 1859
459 1792
1153 1695
1951 1370
1096 50
1053 410
1193 230
793 1857
1211 854
1548 1568
343 1245
1788 1328
1620 676
1696 912
578 821
280 1042
1588 881
451 561
207 1349
1762 298
985 749
776 1487
886 1702
1434 1851
76 257
212 1033
1453 866
1180 1687
1217 1977
941 1789
1669 1748
724 1844
599 1826
618 833
1015 932
1175 1928
1922 542
1491 288
48 207
422 535
896 532
441 1767
1989 1406
855 832
750 249
1651 795
67 439
26 1270
6 1358
1785 721
1962 129
132 1888
1309 1820
1592 1506
1998 447
1519 1702
602 323
219 1349
1295 310
1204 1085
1940 1138
980 1793
1983 1950
945 1983
357 104
1852 1748
1625 284
1619 1064
85 286
1315 1085
1358 1607
1015 1493
1839 1212
203 140
1593 355
64 1622
355 1239
611 777
1541 1541 1540 1540 1540 1540 1540 1540 1540 1540 1540 1540 1540 1540 1540 1541 1541 1540 1541 1540 1543 1541 1541 1540 1540 1540 1540 1540 1540 1540 1541 1541 1540 1540 1540 1540 1541 1540 1540 1540 1541 1540 1541 1540 1540 1540 1540 1540 1540 1540 1540 1540 1542 1540 1540 1541 1540 1541 1540 1540 1540 1540 1540 1540 1540 1540 1541 1540 1540 1543 1540 1543 1541 1541 1544 1540 1540 1540 1540 1540 1541 1540 1540 1540 1540 1540 1540 1540 1541 1540 1540 1540 1540 1540 1543 1540 1540 1540 1540 1542 1541 1540 1540 1540 1540 1540 1540 1540 1540 1540 1540 1540 1542 1540 1540 1540 1541 1540 1540 1540 1540 1540 1540 1540 1540 1541 1541 1540 1540 1540 1540 1540 1542 1540 1541 1541 1541 1540 1540 1541 1540 1540 1540 1540 1540 1542 1540 1540 1540 1540 1540 1541 1541 1540 1541 1540 1540 1540 1540 1541 1541 1540 1540 1540 1540 1543 1540 1541 1541 1540 1540 1540 1540 1540 1540 1540 1540 1540 1540 1540 1540 1540 1540 1540 1541 1540 1540 1540 1544 1540 1540 1540 1540 1541 1540 1540 1540 1540 1540 1541 1543 1540 1540 1540 1540 1540 1540 1540 1542 1540 1542 1540 1540 1541 1540 1541 1540 1541 1540 1540 1541 1540 1540 1540 1540 1540 1541 1540 1541 1540 1540 1540 1540 1540 1540 1540 1540 1541 1540 1544 1540 1540 1540 1540 1541 1542 1540 1540 1540 1540 1540 1540 1540 1540 1540 1540 1540 1540 1540 1540 1541 1540 1540 1540 1540 1540 1540 1540 1540 1540 1541 1540 1540 1540 1540 1541 1540 1542 1540 1540 1540 1540 1540 1540 1540 1546 1540 1540 1541 1541 1541 1540 1540 1540 1540 1543 1540 1540 1549 1540 1540 1541 1540 1542 1540 1540 1540 1540 1540 1540 1540 1540 1540 1540 1540 1540 1540 1540 1540 1540 1540 1545 1545 1540 1541 1540 1540 1541 1541 1540 1540 1541 1541 1540 1540 1541 1540 1540 1540 1540 1540 1540 1540 1540 1541 1540 1541 1540 1542 1540 1540 1540 1540 1541 1540 1545 1540 1541 1541 1540 1540 1540 1542 1540 1540 1541 1540 1540 1540 1540 1541 1540 1540 1540 1540 1540 1540 1540 1540 1540 1540 1541 1540 1540 1540 1540 1541 1540 1540 1540 1540 1540 1540 1541 1545 1540 1540 1541 1540 1540 1540 1541 1540 1540 1541 1540 1540 1540 1540 1540 1540 1540 1540 1540 1543 1540 1543 1540 1540 1540 1540 1540 1540 1541 1540 1541 1541 1540 1541 1540 1553 1540 1540 1540 1540 1540 1540 1540 1540 1540 1540 1540 1541 1540 1540 1540 1540 1540 1540 1540 1540 1542 1541 1540 1540 1540 1540 1540 1540 1540 1540 1540 1543 1540 1540 1540 1540 1540 1540 1540 1540 1541 1540 1540 1540 1540 1541 1541 1540 1540 1540 1540 1540 1540 1540 1542 1540 1541 1540 1540 1541 1540 1540 1540 1540 1540 1540 1540 1540 1541 1540 1540 1544 1540 1540 1540 1541 1540 1540 1540 1540 1540 1540 1541 1543 1540 1540 1540 1540 1540 1541 1540 1540 1540 1544 1540 1540 1540 1540 1540 1540 1540 1540 1540 1540 1541 1540 1541 1543 1540 1540 1540 1540 1540 1540 1540 1540 1543 1540 1540 1545 1540 1540 1541 1541 1541 1540 1540 1540 1540 1540 1544 1540 1540 1540 1540 1540 1540 1540 1541 1540 1540 1541 1540 1550 1540 1541 1540 1541 1541 1540 1541 1540 1540 1540 1540 1542 1540 1543 1541 1540 1540 1540 1540 1540 1540 1540 1540 1540 1540 1540 1546 1540 1542 1540 1540 1540 1540 1540 1540 1540 1541 1541 1540 1540 1541 1540 1540 1540 1540 1540 1540 1540 1541 1542 1541 1540 1541 1540 1540 1544 1542 1543 1540 1540 1540 1541 1540 1540 1540 1540 1540 1540 1541 1541 1540 1540 1542 1540 1542 1540 1540 1540 1540 1540 1540 1540 1540 1540 1540 1540 1540 1540 1541 1540 1540 1543 1542 1542 1540 1542 1540 1540 1542 1540 1540 1540 1540 1542 1540 1540 1540 1540 1540 1541 1540 1540 1541 1540 1543 1540 1540 1542 1540 1540 1540 1540 1540 1540 1540 1542 1541 1540 1540 1542 1541 1540 1541 1543 1540 1540 1540 1540 1540 1540 1540 1540 1541 1540 1541 1540 1540 1540 1542 1540 1540 1540 1540 1540 1540 1545 1541 1540 1540 1540 1540 1540 1540 1541 1540 1540 1542 1540 1540 1540 1540 1540 1542 1540 1540 1542 1540 1542 1541 1540 1540 1540 1540 1540 1542 1540 1540 1540 1540 1540 1540 1540 1541 1540 1540 1540 1540 1545 1540 1541 1540 1540 1540 1540 1541 1540 1540 1540 1541 1544 1540 1540 1541 1543 1541 1540 1540 1540 1541 1540 1540 1540 1541 1540 1540 1540 1540 1541 1540 1540 1540 1540 1540 1540 1540 1540 1540 1540 1540 1540 1540 1540 1540 1540 1540 1540 1540 1540 1540 1540 1540 1540 1540 1540 1540 1540 1540 1540 1540 1540 1541 1540 1541 1540 1540 1540 1540 1540 1540 1541 1541 1540 1540 1540 1540 1540 1540 1540 1540 1540 1540 1540 1540 1540 1540 1540 1541 1541 1540 1540 1540 1540 1540 1540 1540 1541 1540 1540 1540 1541 1541 1540 1540 1540 1541 1540 1544 1540 1540 1540 1540 1540 1540 1540 1541 1540 1540 1540 1541 1540 1540 1540 1540 1540 1542 1540 1540 1540 1540 1540 1540 1542 1541 1540 1540 1540 1540 1540 1540 1540 1541 1540 1542 1542 1540 1541 1542 1540 1540 1540 1540 1540 1541 1540 1540 1540 1540 1540 1540 1540 1540 1540 1540 1540 1540 1540 1540 1543 1540 1540 1540 1540 1540 1540 1540 1540 1540 1540 1540 1542 1540 1541 1540 1540 1540 1540 1540 1540 1540 1540 1540 1540 1540 1543 1540 1541 1540 1541 1540 1541 1540 1540 1540 1540 1540 1540 1540 1540 1540 1541 1540 1541 1541 1541 1540 1540 1542 1540 1540 1540 1540 1540 1544 1540 1540 1540 1543 1540 1540 1540 1540 1540 1541 1540 1540 1540 1540 1540 1540 1541 1541 1540 1540 1540 1540 1540 1540 1540 1540 1541 1540 1540 1540 1540 1541 1540 1540 1540 1540 1540 1540 1540 1540 1540 1542 1540 1540 1541 1540 1540 1540 1540 1540 1540 1540 1540 1540 1540 1540 1541 1540 1540 1540 1540 1540 1540 1540 1540 1540 1543 1540 1540 1540 1540 1540 1540 1540 1540 1540 1540 1540 1540 1540 1540 1540 1540 1541 1540 1540 1540 1541 1540 1540 1540 1540 1540 1541 1542 1540 1540 1540 1543 1540 1540 1544 1540 1540 1540 1540 1540 1540 1541 1541 1540 1540 1541 1540 1541 1542 1541 1541 1540 1540 1541 1540 1540 1543 1541 1540 1540 1540 1540 1540 1540 1540 1540 1540 1540 1540 1540 1542 1540 1540 1541 1540 1540 1544 1540 1540 1540 1543 1541 1540 1541 1540 1540 1540 1541 1540 1540 1540 1540 1540 1540 1540 1540 1540 1541 1540 1541 1540 1540 1540 1541 1541 1540 1540 1540 1540 1540 1542 1540 1540 1540 1541 1540 1540 1541 1540 1541 1540 1540 1540 1540 1540 1540 1540 1540 1540 1540 1541 1540 1540 1540 1540 1541 1540 1540 1540 1540 1540 1540 1540 1540 1540 1540 1540 1540 1540 1551 1540 1540 1540 1541 1540 1540 1540 1540 1540 1540 1540 1540 1540 1543 1540 1541 1540 1540 1540 1540 1540 1540 1540 1540 1543 1540 1540 1541 1540 1540 1540 1549 1540 1540 1540 1540 1540 1540 1540 1540 1541 1540 1541 1540 1541 1540 1540 1541 1540 1540 1540 1540 1540 1540 1541 1540 1540 1540 1540 1540 1540 1540 1541 1540 1541 1541 1540 1540 1540 1540 1540 1541 1540 1540 1540 1540 1542 1541 1540 1540 1541 1540 1540 1540 1540 1540 1540 1540 1540 1540 1540 1540 1541 1540 1542 1540 1540 1540 1540 1540 1540 1540 1540 1540 1540 1541 1542 1540 1540 1540 1540 1541 1540 1540 1540 1540 1540 1540 1540 1541 1540 1540 1541 1540 1540 1540 1540 1540 1540 1541 1540 1540 1542 1540 1541 1540 1540 1540 1542 1540 1542 1540 1540 1540 1541 1541 1540 1540 1540 1541 1540 1541 1540 1540 1540 1540 1541 1541 1540 1541 1542 1542 1540 1541 1540 1540 1540 1540 1541 1540 1541 1540 1540 1540 1541 1540 1541 1540 1540 1540 1540 1541 1540 1540 1541 1542 1540 1540 1540 1540 1540 1540 1541 1541 1540 1540 1540 1540 1540 1542 1552 1541 1540 1540 1541 1540 1540 1540 1542 1540 1540 1540 1540 1541 1540 1540 1540 1540 1540 1540 1540 1540 1540 1540 1540 1540 1540 1541 1540 1540 1544 1541 1542 1540 1540 1541 1545 1540 1540 1540 1543 1540 1540 1540 1540 1540 1541 1540 1540 1540 1540 1540 1540 1541 1540 1541 1540 1540 1540 1540 1541 1541 1540 1540 1541 1542 1540 1542 1541 1540 1540 1540 1540 1540 1540 1540 1540 1540 1540 1540 1540 1541 1540 1540 1541 1542 1540 1540 1541 1540 1540 1540 1542 1542 1540 1540 1540 1541 1541 1542 1540 1540 1540 1541 1540 1540 1540 1540 1540 1540 1540 1540 1540 1540 1540 1540 1544 1540 1541 1540 1540 1540 1540 1540 1540 1540 1540 1545 1540 1540 1542 1540 1540 1541 1540 1540 1540 1540 1540 1541 1540 1540 1541 1540 1540 1540 1540 1541 1540 1540 1543 1541 1540 1540 1540 1543 1540 1540 1541 1542 1540 1540 1540 1540 1540 1540 1540 1540 1541 1541 1540 1540 1541 1540 1540 1541 1540 1540 1540 1542 1542 1540 1540 1541 1540 1541 1540 1541 1540 1540 1540 1540 1540 1540 1540 1540 1540 1540 1540 1542 1540 1542 1540 1540 1540 1540 1541 1540 1540 1540 1540 1540 1540 1540 1540 1540 1540 1540 1540 1540 1540 1540 1541 1540 1540 1540 1541 1540 1546 1540 1540 1540 1542 1540 1540 1540 1540 1540 1540 1540 1540 1540 1541 1541 1540 1541 1540 1541 1540 1540 1543 1540 1540 1540 1540 1540 1540 1540 1540 1540 1540 1540 1540 1540 1540 1540 1540 1540 1540 1540 1540 1542 1540 1540 1540 1540 1540 1540 1540 1540 1540 1540 1540 1540 1541 1540 1540 1540 1541 1540 1540 1540 1540 1540 1540 1541 1540 1540 1540 1542 1540 1540 1540 1543 1540 1540 1544 1540 1543 1540 1540 1540 1541 1540 1540 1541 1541 1541 1542 1540 1540 1541 1540 1541 1541 1540 1540 1540 1540 1540 1540 1540 1540 1540 1540 1540 1543 1540 1540 1540 1543 1541 1540 1540 1540 1541 1540 1540 1540 1540 1540 1540 1541 1540 1540 1540 1540 1540 1540 1540 1540 1540 1540 1540 1540 1540 1540 1542 1541 1540 1542 1540 1540 1540 1540 1541 1540 1540 1540 1540 1540 1540 1542 1540 1540 1540 1541 1540 1540 1540 1540 1540 1540 1540 1540 1540 1540 1541 1540 1542 1540 1541 1540 1540 1540 1540 1542 1540 1540 1541 1540 1540 1540 1540 1540 1540 1540 1540 1543 1540 1540 1540 1541 1540 1540 1541 1541 1540 1541 1540 1540 1540 1540 1540 1540 1540 1540 1543 1540 1540 1540 1540 1540 1540 1540 1540 1540 1540 1540 1540 1540 1541 1540 1540 1540 1540 1540 1544 1540 1546 1542 1540 1541 1540 1541 1540 1540 1540 1540 1540 1540 1543 1540 1540 1540 1540 1540 1540 1540 1540 1540 1541 1540 1540 1540 1540 1540 1540 1540 1540 1540 1540 1540 1541 1540 1540 1541 1540 1540 1540 1540 1540 1541 1540 1540 1541 1540 1540 1540 1540 1540 1540 1540 1541 1540 1541 1540 1540 1540 1540 1540 1540 1543 1540 1540 1540 1540 1540 1541 1540 1540 1540 1540 1542 1542 1540 1540 1540 1540 1541 1540 1541 1540 1540 1540 1540 1540 1540 1544 1540 1540 1540 1541 1540 1543 1540 1540 1544 1540 1540 1543 1540 1540 1540 1540 1540 1540 1540 1540 1541 1542 1540 1540 1540 1540 1540 1540 1541 1540 1540 1540 1540 1540 1540 1540
