2000 4000
769 1675
733 1899
1813 1890
1178 1235
1510 331
1734 1453
329 1028
1352 1448
1296 776
1429 1163
1524 10
1732 1188
1127 1157
481 87
395 680
770 878
1201 1845
510 789
212 305
732 1796
1970 851
742 714
836 567
1260 1414
1093 1483
1826 1937
464 1362
1807 1818
1499 79
856 397
1757 992
707 512
116 1733
1578 841
470 903
1527 751
1220 416
1112 1244
937 927
1307 228
364 661
1373 465
712 654
1521 1415
1172 378
1251 132
611 19
24 30
861 111
1407 1730
1117 586
1478 707
1796 644
498 1830
703 1309
1939 832
1490 193
1176 188
363 793
769 535
1280 1740
1822 350
1691 457
1784 695
1902 1386
1183 487
1209 474
1590 33
1669 1010
1879 1273
1204 1142
353 1062
1406 681
1827 301
393 1773
1870 635
1505 506
741 1827
752 1559
304 1444
22 638
78 1846
1244 163
1831 1537
1904 1959
478 1883
615 2000
1642 462
443 930
1204 1909
313 314
322 1330
776 1300
288 81
908 303
1741 1557
924 598
817 1922
1779 555
1500 1164
1255 436
67 1806
441 906
917 185
388 315
1023 58
771 1354
370 1185
1677 104
453 640
328 378
198 271
887 296
1673 1722
1402 284
518 1074
1435 562
428 1565
662 1828
1621 974
634 1999
532 1801
1527 586
500 1798
1453 433
360 288
1285 122
959 1611
961 238
1285 1684
578 1358
326 1602
886 1242
238 391
940 546
1139 1684
1752 850
1321 1054
466 1191
967 1801
1518 1465
1685 779
667 748
1129 1459
712 1544
1490 1695
1938 148
129 621
1602 243
1042 173
366 362
1471 94
205 208
1064 521
925 1154
646 1014
245 1566
907 74
1018 1462
1709 824
1574 1018
1779 913
720 286
1220 722
1794 711
967 899
1541 174
855 1757
469 418
1607 1716
1503 401
17 745
1214 1901
820 609
1255 1447
163 1231
1872 157
411 883
304 1548
959 198
433 562
1383 585
1732 809
1007 587
1615 477
323 983
943 1971
1962 1882
368 1598
1420 594
119 24
1309 1237
1078 1000
1881 1119
1969 1802
79 1855
256 1228
1055 201
1215 1461
1901 223
1960 1034
804 1807
1278 8
887 1870
495 1749
1787 1171
142 358
1400 880
140 1736
796 28
1324 925
482 403
729 38
822 1222
1984 1948
631 1300
1331 1105
413 781
27 140
26 878
903 882
62 1710
1237 696
358 1348
1277 399
402 1955
629 1262
8 849
1393 509
1044 1000
637 154
1407 853
152 1793
1761 1101
1196 1430
1860 1846
1234 868
1712 91
733 276
1720 1015
1239 1450
1984 589
102 436
1470 916
1484 395
1431 943
1034 684
1289 146
640 1379
902 1939
1364 449
1940 1113
1736 1930
1624 976
1999 1200
236 1404
556 84
419 1599
1849 375
553 1793
34 1505
903 1972
1259 1394
282 582
1438 1685
313 1218
588 419
1707 707
1268 1695
1375 689
1965 51
234 708
923 944
1148 1343
160 1517
1249 931
477 421
1809 252
404 1476
72 1727
83 1897
67 1325
672 812
575 579
92 1064
1373 360
763 226
37 695
316 1626
383 16
1335 832
1358 809
928 746
814 1308
1330 1086
1695 647
1474 614
524 168
1798 1519
1855 1714
1713 349
1244 231
410 423
367 630
1810 1241
228 457
1624 604
426 241
1641 1784
1696 1692
1364 692
1116 1557
931 910
838 87
1512 1823
1580 369
1240 1668
272 1246
917 1746
457 1840
173 936
605 1260
1340 764
1519 1683
1497 1737
701 476
1284 681
949 1470
1503 157
1207 1271
429 1950
1554 1696
1374 706
1165 1898
1931 1168
542 1133
1805 427
1667 1659
991 1398
1195 1002
695 1612
1325 1806
213 454
596 196
183 530
292 1473
685 1665
11 1624
1899 333
950 339
247 1941
1441 1810
1490 1108
834 1159
1988 217
1207 96
1158 1267
1118 79
1582 417
1657 310
996 485
359 704
1503 942
206 2
1111 352
1945 542
1709 378
487 1304
617 31
1135 219
1603 916
850 750
1199 646
802 1391
644 1497
1710 987
1909 1386
1380 1037
1784 550
1723 1741
985 819
1682 965
946 117
1045 750
1451 411
982 667
148 904
757 595
1382 279
1043 1088
1969 731
1758 303
678 185
602 1325
1069 471
1603 1970
652 986
1531 1447
816 541
1935 877
517 531
1556 1644
974 1507
1049 1193
1715 1939
1179 322
1679 544
1763 1003
1215 978
1531 1943
1728 825
602 342
783 1632
990 199
560 1526
1509 149
755 529
151 717
1691 1393
1362 670
1373 778
543 1790
1509 957
1611 1985
1834 892
171 1810
859 435
1215 329
1056 918
813 1780
260 990
1102 662
157 357
1652 1430
1396 1685
1030 1839
348 1020
773 1460
750 1546
172 1101
387 1135
727 1009
349 56
1103 1812
621 1602
1423 1245
1369 951
1345 734
109 1988
980 808
408 567
239 160
548 1090
726 1461
1407 1109
540 1201
1304 1183
1854 735
1060 1211
1787 1053
801 763
1136 1119
58 757
1756 652
851 1470
1655 929
179 1408
1234 789
635 887
1542 1199
625 1407
556 1486
1638 506
1967 887
1834 1076
52 1047
728 1854
985 1647
1315 414
113 440
280 1747
481 1452
280 1973
878 1699
399 1291
1672 1311
1189 919
1312 307
417 1557
541 1977
919 515
40 1042
805 1862
354 187
100 1117
507 197
699 422
1236 1193
468 335
480 590
1944 1661
1501 873
691 1892
341 167
1502 824
851 949
1617 411
1746 709
1753 1888
121 1672
1482 483
1824 1667
557 706
1815 1824
16 1281
784 1976
330 1484
950 1569
1830 1673
513 1375
780 1522
1566 1587
869 249
1527 1966
375 725
255 551
1815 121
645 1235
385 208
523 608
779 341
1036 1815
1214 1071
1194 1749
1303 619
124 704
136 578
867 981
280 758
1158 1934
1801 889
1403 1216
258 954
400 1248
655 1817
525 139
831 1058
1681 1998
1486 708
1697 1613
1888 1109
1318 1932
1677 1602
1796 1686
156 1861
854 876
671 1120
577 1607
408 187
1827 662
422 1569
326 1114
253 1077
1028 1190
223 1829
1918 1047
978 1401
953 1429
1170 1787
1536 257
1579 1483
43 663
665 1448
1652 1540
9 741
1276 741
122 1139
1250 1271
450 1228
1424 1
170 1263
1773 1501
1268 647
1478 512
1529 783
861 1148
994 1906
874 1271
790 40
1732 510
1259 285
835 1899
1768 1671
1008 771
1832 35
602 1774
1334 1839
1132 1894
836 561
166 852
464 1880
1542 1634
1487 1428
1125 1372
1726 556
1599 873
294 1450
733 783
952 200
1705 989
1903 919
46 1788
248 1714
29 458
1612 705
333 1423
125 204
1701 1746
969 884
1476 1852
1608 1722
39 1771
1446 782
842 545
1598 950
299 1716
1958 339
1756 1308
45 850
1761 698
506 923
80 1500
1737 565
1692 1032
269 908
1018 317
628 273
1658 229
793 1394
204 923
1545 1745
687 1013
1007 1100
1592 1318
1276 753
617 925
299 1706
135 800
1420 1384
187 567
1190 1383
1329 1547
1600 457
1615 1464
1295 426
1854 1467
563 1618
220 832
818 1609
1333 1159
1190 1890
948 1993
1617 580
1136 1171
1647 574
144 376
703 1841
1295 1766
535 1134
1912 1596
104 1367
658 1186
1764 118
91 651
1896 178
840 568
1244 1486
395 1702
1580 1299
299 161
1631 1833
1194 276
1068 1405
1646 106
170 359
881 172
807 119
731 1740
410 1021
385 300
112 673
683 792
276 254
1033 905
1939 566
1036 1346
1555 291
485 624
679 1822
865 898
1385 130
1359 1952
1242 1964
1998 97
1210 1950
1014 1199
1446 448
1530 501
1599 393
1654 327
1079 352
273 460
605 1901
1327 496
740 188
278 1294
4 448
315 1979
224 481
1940 1892
441 14
975 430
1479 1578
475 462
1516 1302
1658 828
1903 1818
489 1516
177 159
1517 788
656 1043
1721 1317
1890 1383
873 612
1066 347
789 305
301 127
1206 850
1223 650
1586 1247
851 812
564 1282
441 145
432 1213
904 1782
491 1315
442 780
553 62
190 1994
216 64
35 28
489 1302
1870 1967
154 1076
1116 293
287 1592
1707 602
1054 1400
593 681
1012 1390
13 757
831 857
1842 1671
1105 247
19 128
1027 252
378 1037
1894 1854
573 273
1121 1145
844 1982
172 1938
583 780
140 989
869 970
688 1077
1578 1372
830 22
945 748
269 1007
1881 1723
151 381
1254 1892
567 561
1936 648
1227 431
1051 1902
1485 394
1585 1937
388 1264
830 1963
1662 415
229 1102
157 821
1004 570
1931 1733
1619 1050
85 785
295 1024
1529 1436
802 833
66 643
1980 339
1122 337
970 1127
544 736
1060 427
1530 580
1370 1201
461 143
1605 1623
459 1261
1436 1479
132 1694
1916 175
759 81
1604 119
306 490
524 1448
1491 578
989 1110
1506 1161
1853 1481
408 836
744 193
171 1635
1401 1975
609 1968
228 1575
147 1132
49 328
184 234
253 688
43 1947
546 1424
607 340
98 1270
1779 1288
1314 1626
1390 867
596 547
1171 1571
1954 309
120 1671
1864 1031
103 1313
170 220
42 737
818 572
881 924
177 1081
237 1277
1678 1780
1239 1881
359 1516
1833 1567
682 860
1312 365
1847 1926
278 353
768 679
586 1844
511 1542
898 1250
1423 1899
1836 26
86 888
1429 868
756 1686
1757 253
908 290
728 1032
1159 69
181 1460
1284 1422
169 1160
1975 978
885 454
796 512
1159 164
1634 1032
511 1199
1713 1352
109 145
1379 47
379 268
609 464
1228 1095
915 554
1563 1959
1096 1142
73 1094
1764 546
425 1485
52 551
580 315
1564 133
557 326
1180 1259
1327 1728
1766 1013
1298 967
1110 444
767 1282
1335 1009
1554 915
691 1254
532 966
629 345
1184 1474
1940 1708
1599 74
1180 1129
1262 345
423 1333
94 1534
1649 172
689 1248
1006 1811
1121 1976
1774 1
1989 463
1945 726
207 1607
743 677
1849 1695
385 1120
1801 1298
973 607
257 1848
224 1271
506 1659
1533 1951
1308 953
132 1803
1880 1362
1856 979
1027 1660
59 1031
1139 1928
695 1355
1547 13
1643 1736
887 1992
298 452
869 499
393 873
1582 1843
2 1650
1086 1366
1176 1924
339 1404
1475 1704
1588 591
1173 277
755 1114
1671 1001
837 964
1590 72
249 959
832 339
794 377
1879 754
626 270
1866 162
249 318
1240 1489
526 852
1391 1632
225 1844
61 219
572 928
970 1190
324 1041
1941 800
1599 1773
992 1493
221 942
1673 615
893 529
556 708
1796 756
1338 161
371 1012
43 930
859 1150
1530 836
872 8
1380 1309
81 664
320 1928
359 124
1449 1618
626 1584
1444 551
895 804
1534 364
1492 1674
15 1555
810 468
1803 1675
1326 1504
1688 510
400 513
176 1977
1055 1496
27 201
255 1368
61 668
1650 299
1477 474
550 1097
1368 1811
1973 1747
346 1700
917 1701
1251 1803
1387 641
513 1248
523 1939
1763 1831
1453 1781
176 541
254 765
1441 1241
1786 1416
1725 1342
593 644
541 1906
747 911
1804 580
1141 1361
519 1305
1904 1438
1200 261
10 451
1293 1821
980 1405
1024 747
1734 1009
914 985
734 1121
157 143
382 1433
293 1364
1048 1224
1029 1263
994 18
744 1217
375 638
1836 878
315 965
650 844
1258 1175
1718 1490
1180 1166
1864 168
411 1518
459 785
974 597
131 1023
693 1898
1645 408
45 1664
1322 835
1142 145
1400 994
265 918
737 119
1761 1409
934 997
1103 1875
603 290
1380 984
120 1204
616 703
559 867
702 71
1916 1266
1725 38
1190 585
1324 31
1504 674
826 921
20 1211
1083 1317
126 1519
763 1020
1797 521
1028 585
286 216
697 972
531 1956
587 717
1277 1464
1309 223
1604 617
1346 1081
104 1387
1666 1487
1863 1016
1713 1219
789 1964
1981 332
1237 76
1595 5
1906 53
1744 468
1857 1637
560 1650
1089 1369
1167 862
1717 1037
921 1541
666 1360
228 1298
1145 734
1147 1879
515 1189
730 1494
922 1824
1984 855
1546 385
1031 345
181 1145
1789 558
381 1500
1311 717
1511 903
731 653
273 636
150 1010
1754 1854
145 764
353 1092
220 1831
230 1885
401 157
667 972
143 518
303 412
1644 1316
1734 1781
1674 1515
194 454
262 1212
966 520
1045 231
784 1500
1349 1015
1226 68
885 194
448 782
1207 1250
652 156
346 1152
1628 761
423 775
1634 310
926 825
1715 1626
782 4
1520 377
1845 1370
129 269
1095 1896
1004 554
1358 581
1563 915
1343 531
1774 1026
1356 1488
294 1119
1167 1204
107 1372
1524 451
586 1326
1505 923
165 1006
1717 1038
947 704
509 242
945 667
711 1554
1221 1117
554 417
1403 990
806 615
1604 925
1635 1691
890 1815
100 243
1439 1142
1555 1190
350 225
1270 191
204 1505
379 929
38 545
1567 1004
189 1968
351 943
511 1014
961 1346
1627 1437
732 578
714 739
883 513
1065 74
1407 549
229 51
1213 687
774 1943
941 1284
192 937
1091 292
1638 1055
1550 16
930 1147
1441 265
60 1057
902 1865
786 392
1155 83
1485 716
739 370
1137 1116
1432 309
1170 415
243 1715
1369 1282
234 376
810 255
766 67
229 1043
1356 26
796 68
1819 886
1872 409
424 449
65 423
1913 512
124 1884
1028 1383
1740 1855
1021 1585
1905 1199
1130 989
1769 1534
1337 1269
1842 1355
343 491
1912 404
783 1516
975 1337
1662 1170
860 1297
868 1520
610 28
1367 1986
1171 1958
1878 1363
1360 614
1026 1529
1241 1382
1411 365
840 417
592 1578
1943 1255
287 221
1059 1331
325 1101
1338 1538
1726 645
827 1854
1680 320
478 954
369 1487
1877 1713
1972 1
745 540
206 37
1895 1297
1509 1876
1273 782
1991 358
669 202
62 775
1064 1523
839 1826
1316 1524
441 1630
1086 322
71 1689
764 1096
901 458
1561 923
946 1633
339 236
1531 1002
1963 324
108 411
645 1957
1872 1503
1108 5
1450 1723
1716 207
640 843
1872 357
1723 1239
956 413
661 349
211 1799
374 1823
483 678
1769 125
27 1638
1458 1537
1814 1737
1604 1917
847 1965
1869 38
1061 1727
981 604
1967 533
703 1724
1166 1259
622 1228
95 1595
1274 1129
633 1070
1301 1687
871 900
1928 1038
1561 1220
85 459
1414 1540
1172 638
1331 1762
1881 537
1586 1314
1201 745
1679 736
1666 1428
1569 699
1089 538
815 1789
1286 918
1535 497
514 416
381 1954
1378 801
58 595
497 620
815 1017
851 850
1405 234
1522 442
892 135
1651 455
1394 705
1644 444
876 627
1354 1816
1425 1428
232 330
684 1960
1047 616
1775 901
177 1873
294 537
298 1089
27 200
1831 1235
70 1590
1904 1563
790 1506
1178 1003
856 1479
393 1421
495 1730
671 22
1693 151
1954 1432
273 1094
682 25
1392 758
701 1444
418 1898
1283 355
1158 1895
387 1216
291 15
826 1541
602 289
1322 1273
1285 420
862 885
1430 1540
906 14
471 772
1955 1488
1918 1430
938 668
1117 488
514 677
137 1150
426 1855
633 1079
1530 711
381 717
1091 295
108 1617
1591 263
746 1663
1314 605
1063 1853
479 942
1418 1615
1884 947
1402 1558
928 1663
596 1863
1141 1095
1917 617
1933 1234
1435 322
1139 168
891 687
1825 1412
1532 328
1258 961
784 1997
1985 959
1476 1200
154 284
1658 1885
1578 927
1195 589
990 1123
1403 714
1636 1796
1129 797
934 248
1079 1111
1774 1056
1694 1803
1828 1368
57 42
532 1129
432 446
1219 963
1780 1072
1591 719
1836 1676
1832 1590
330 321
374 1774
732 485
232 1993
1493 144
794 448
1406 1283
137 1315
223 1910
1463 661
818 1349
531 861
1964 1234
493 656
415 1053
1652 1205
863 756
1672 1054
74 1515
1096 1340
1214 380
1440 1020
736 1933
1214 1714
968 1737
629 528
623 777
588 1290
121 1321
1180 235
841 1421
1670 1526
475 1798
274 1303
730 74
843 1379
397 830
32 430
1514 837
734 1705
1602 382
1072 1678
1985 1111
534 1475
85 1753
990 767
938 1934
548 133
1821 75
1154 1218
428 825
97 384
1948 676
32 486
327 1274
863 1796
1208 1967
1943 668
420 1701
508 1440
904 335
1208 1155
651 623
1461 1945
608 972
96 1436
1716 577
250 1231
92 521
293 1185
1770 933
1533 974
814 1876
1042 1674
1359 944
1567 842
529 472
1029 343
1352 1594
520 1953
338 1706
314 1465
1928 1518
76 1769
513 935
113 1354
11 472
218 439
384 416
335 523
1204 1051
1892 589
673 1040
205 438
1210 257
1471 1534
696 134
114 1104
1326 82
94 364
171 1106
727 146
1381 1905
1615 1972
1902 1909
758 1639
647 910
1939 407
1001 1768
176 1499
136 902
1586 1626
545 1214
297 467
599 1466
1225 1613
143 1979
1575 165
498 1673
1266 175
1985 1594
1995 206
907 446
443 1859
1433 1754
392 1783
73 790
301 1100
1247 1715
531 1148
172 924
1681 148
959 1931
1347 818
871 1995
1659 1257
994 53
50 570
1140 1405
535 1993
236 1335
72 115
1054 765
1929 1997
597 1507
1595 898
949 1970
1800 336
1384 594
1852 654
1630 1663
427 1211
282 1004
475 216
1817 1616
1061 193
1236 973
1313 1738
1052 1769
1857 686
738 49
1636 732
1183 971
1868 1372
1192 1459
1596 1228
543 1443
1749 809
1807 1294
621 1677
1847 939
92 1797
1295 414
1363 1331
450 256
1948 189
1974 221
1319 940
1554 1596
1644 796
601 86
1730 1194
1023 443
1514 964
1637 1350
834 869
294 1881
1785 1803
1659 465
609 1270
658 694
247 1144
75 1293
394 425
1901 934
1414 473
1703 278
1615 854
1788 1472
686 1682
1345 1145
14 91
1357 1793
1944 1750
599 130
960 1189
1901 997
9 1968
875 431
1981 114
1577 139
668 977
987 1636
285 264
36 1143
1682 1112
537 1119
1618 1357
1154 1317
128 1405
283 1726
743 1301
579 1426
1287 1025
475 784
383 1632
444 534
1398 1434
1878 1179
566 407
1480 715
875 1300
432 456
912 1033
853 549
637 1127
442 583
99 1700
1851 314
645 376
1809 1660
953 1756
936 1272
1421 1479
1811 443
291 1862
1262 1022
125 1619
6 530
363 1516
291 1361
1165 195
193 21
1236 1376
1174 969
1798 825
1816 771
1714 1901
1215 1401
1753 1922
380 1507
967 889
427 182
1753 817
772 44
1948 13
1338 502
819 1086
1091 1146
572 1866
144 1123
1629 1406
537 1723
1467 9
1802 522
1368 551
464 1315
116 1431
1932 1736
7 470
1252 1760
1092 1062
369 1299
940 877
1212 443
1305 1650
1211 1243
1040 404
1649 1951
1026 1988
367 1792
1723 1168
51 662
469 1165
580 1794
662 1029
1757 946
802 1800
1118 898
1592 942
114 63
524 1546
176 164
197 574
369 880
1053 1170
1129 235
400 1375
1270 820
224 1225
1350 1414
1155 1455
64 62
214 1907
1412 1908
280 1639
1097 1987
1543 1633
391 1413
1467 1047
1945 321
1829 1910
911 541
111 509
1464 399
2000 806
1856 1018
1650 895
817 1888
785 1313
279 1526
1868 1902
1078 1044
91 441
1298 1178
1085 47
693 418
504 1012
1961 106
600 788
1638 140
989 694
350 1913
76 1052
1101 598
536 432
20 427
1212 1859
1721 1759
1554 283
1907 730
1903 515
906 1567
955 1507
1955 862
1014 1542
1994 988
83 1577
1906 1400
1446 4
1872 821
79 45
1592 479
1841 879
1868 1776
892 1941
1477 1209
963 1713
230 361
1259 1129
1130 366
991 1892
948 232
1458 1451
1588 1216
459 710
486 1882
1193 1811
1120 1822
1413 944
1186 1805
767 1089
582 1818
491 1629
1747 758
59 1026
573 1094
1898 469
803 802
622 450
89 1749
354 1218
1895 1267
1243 20
1765 588
992 1937
528 345
785 1593
40 962
1063 21
973 1993
1974 507
224 1743
1963 34
95 13
896 794
541 1499
24 807
1182 11
153 463
184 708
678 993
1506 247
68 848
1770 65
191 609
154 1834
1514 388
1556 1316
1736 732
872 1066
810 397
1305 1835
101 1780
685 1589
1411 1312
1083 496
102 603
293 1882
1035 508
1286 1327
1479 592
319 1840
1358 1992
1600 319
535 232
1230 576
1554 1692
1894 1500
238 211
1015 1905
145 659
1801 285
1830 1608
868 1964
1490 1595
936 958
1319 1142
1878 141
46 1097
653 1721
592 1421
1203 1534
1539 724
1895 1934
956 781
775 987
511 1634
332 1104
1533 1649
713 1302
548 1357
1501 690
1731 504
1820 1654
1283 602
1739 1387
951 538
275 1118
1161 1510
1193 607
1860 932
1947 930
1355 1000
295 373
1183 429
96 1631
544 1933
1243 427
1994 1435
900 679
1790 1083
1743 479
1323 1443
947 124
1124 1725
1311 588
15 1361
987 62
1584 270
1706 1773
386 1469
632 958
1601 225
1617 1451
1968 581
866 1013
854 1752
548 1564
922 1815
220 437
1418 761
1217 1842
1322 1594
697 608
884 1323
1992 189
1356 1955
1630 565
982 748
374 975
1012 1731
66 1583
856 275
1494 1384
617 1324
1214 934
1160 1434
1756 1876
190 1435
1470 1970
1603 851
1771 893
72 1061
1352 1322
1225 1339
1574 317
743 514
221 1592
539 311
1895 613
1857 502
1620 633
231 1682
858 1152
264 779
1765 1311
1612 1066
748 1628
1469 1735
565 1131
1088 928
1778 1896
264 1685
777 1320
313 860
1057 1192
725 1172
490 1778
1264 828
223 686
731 672
1497 593
1633 1311
958 1399
142 1229
1426 575
1169 1021
1673 821
1395 205
500 126
493 1088
1891 980
1915 1577
109 783
1743 1573
1877 963
1778 290
387 219
1843 858
759 334
1110 1780
719 263
715 967
1710 775
665 218
1491 1106
1552 1804
1225 1697
931 367
213 234
1832 33
1945 1133
278 11
112 999
1840 741
238 1258
666 1474
1484 542
312 1766
1416 882
1506 1665
1164 1587
262 1217
806 77
634 1476
1162 764
261 1999
1243 1060
1871 1838
334 1449
346 1154
1278 850
62 410
1145 1976
1952 484
129 94
354 1295
863 1686
1203 1471
1009 1377
981 1772
490 501
705 793
1524 1588
30 1580
344 54
1595 1108
261 1476
1061 903
212 700
473 258
1546 168
1992 809
1712 14
829 965
1019 1419
1488 796
1805 658
1851 313
55 270
501 1778
1088 656
175 211
375 1172
313 510
1031 155
1523 952
1303 492
936 1388
1698 697
1327 1790
418 1066
1126 1766
916 1141
1859 1811
1164 1566
1025 465
804 1650
714 1448
1820 840
499 1116
1366 322
854 1755
408 561
582 1087
1778 1406
848 662
1102 502
1152 101
405 1382
1056 776
1543 477
1598 217
1800 49
532 520
1329 1076
1125 107
1903 1189
753 612
268 929
1675 232
581 809
1251 1080
70 1956
275 1649
821 1503
1596 972
734 1976
413 90
439 105
480 1715
1757 117
1663 1767
1997 242
1468 367
533 375
57 1942
496 1728
817 1109
1410 752
690 1965
1004 1557
716 394
1324 1604
240 1380
284 1611
927 165
179 23
1658 1264
1128 578
1379 1085
39 893
1999 630
137 1048
1683 500
1945 740
733 1867
935 22
18 437
1578 1421
1973 758
6 1045
547 1297
120 1768
1014 1102
1794 1804
741 301
992 502
810 846
1981 1104
503 1947
837 1667
1294 1703
1074 1240
296 323
180 97
1363 1151
744 1063
249 1047
1119 1450
265 1007
59 998
1030 1334
898 312
1710 410
341 833
235 1166
998 1864
1271 1900
145 1096
373 1846
939 1926
1272 958
64 410
1143 1618
155 305
657 1343
822 1051
1280 672
928 1948
1917 1324
1312 140
9 1310
1339 915
1935 546
163 1306
1229 1575
1162 752
673 404
1887 1981
1772 406
1523 200
711 1804
1358 189
597 380
838 224
976 1627
271 701
150 1669
1571 1958
132 1057
610 35
706 80
678 969
114 332
1937 456
937 1528
566 1079
651 141
833 450
1339 803
1868 1452
1550 383
402 1356
1618 1397
941 1422
327 1433
236 1315
1217 1355
1414 1637
1036 1824
1156 1651
961 211
412 385
1773 690
1283 289
1276 258
289 1707
1888 1922
140 201
1437 1444
1383 542
389 309
34 1500
363 1394
1381 971
397 586
250 1226
1298 889
415 1787
1598 1164
672 1740
302 835
1415 801
1382 1810
467 628
1823 131
1922 1109
1392 73
1507 286
47 640
1439 618
1090 146
631 776
1661 1750
1085 1954
1564 1344
325 355
808 1891
1856 1462
1694 1080
846 255
1278 768
1006 927
297 1656
1055 140
911 456
1378 1036
161 1450
770 62
1078 1105
1972 1511
742 739
822 723
306 1271
1328 1124
189 581
1118 364
149 957
1032 1554
686 1309
1155 139
286 1318
1358 1555
41 1843
324 1402
1439 145
331 1223
7 759
1890 1028
1564 1168
673 1226
395 1857
1251 984
1699 1836
400 883
1305 585
633 1374
1295 1137
1136 1881
1224 801
410 775
783 1988
87 1743
885 834
242 1748
267 1938
419 393
1163 995
1210 1090
283 376
1676 182
573 467
285 1438
1853 250
1940 1393
793 351
1915 525
604 867
1414 1857
1227 875
281 879
1979 461
1176 740
1162 1887
34 923
697 1229
100 1861
300 827
1976 249
1195 1795
1850 3
402 1488
1279 36
1632 802
1640 384
1195 676
1665 1874
169 1434
80 557
17 1052
837 1898
1250 874
1367 209
938 272
1775 458
410 1333
1231 1481
654 1662
626 1743
494 1938
893 410
1329 13
1900 920
1000 663
1080 372
715 1584
1543 364
403 1153
1121 1345
648 50
1361 1862
1814 1475
817 983
1050 125
1151 74
1917 31
1339 1310
1811 1942
51 1599
1389 1766
958 516
1930 251
416 1640
1188 1688
543 884
803 1391
1830 917
1703 11
1448 1546
1877 314
417 1004
796 727
769 232
1530 1804
870 324
1693 381
457 319
500 6
1603 1420
1232 935
861 657
1330 1274
1518 1717
1053 1662
1126 940
1567 1658
235 278
1322 1611
264 88
924 833
887 1763
756 732
295 492
171 1181
142 136
1113 26
1389 312
1973 1920
1491 1128
913 1356
1245 591
1149 1689
69 1563
863 1636
1025 920
798 222
1724 616
647 212
1710 1333
505 1138
514 431
973 1728
1424 1469
311 978
433 1734
213 527
1070 1620
1863 1887
1918 249
1242 1819
838 1743
430 1962
1195 855
259 211
1596 1698
891 1013
1190 343
1977 1499
364 1203
305 1581
93 277
1261 785
85 1268
894 1424
38 754
1366 1330
1731 214
1507 543
479 221
1610 927
1962 1729
1813 1759
1724 627
846 551
1255 1531
841 592
1968 1358
1991 1635
1334 1419
1862 1555
1876 953
1784 201
982 945
695 206
1680 864
1795 1622
974 380
1810 279
1218 1317
1654 686
923 1451
245 1500
1394 351
1530 1293
85 1652
1146 171
697 1596
1619 780
267 594
631 1296
945 482
1955 1385
66 413
1044 1495
1346 203
197 1511
946 1202
1326 674
316 985
1990 859
1445 1106
234 1486
241 1610
881 598
1929 738
231 1112
534 1704
444 1704
703 1587
657 1148
311 1042
968 238
77 2000
1349 1347
444 1475
29 901
1552 406
760 175
1188 751
307 1560
414 354
1737 1498
73 1463
1717 1928
1107 1383
98 976
1648 1000
502 1493
933 65
282 1818
916 851
1214 248
767 951
1686 1636
1272 1897
1341 650
214 504
1732 1688
63 663
628 460
1832 1292
1434 866
959 284
454 731
1221 488
1655 366
142 902
563 1728
1793 1286
348 1440
810 1368
1496 1831
767 1369
316 590
1874 685
1812 1965
834 164
226 1020
1798 1739
1184 666
1041 1402
122 1684
225 1257
1249 910
250 1481
1440 763
1483 981
1639 1973
235 1332
621 846
1576 399
1126 312
1567 96
6 183
693 1165
958 1289
1309 1910
288 1373
562 1173
475 547
928 1767
570 1103
357 821
558 497
321 1336
259 192
1851 1723
1528 192
1436 1578
1841 358
203 642
414 1598
97 318
1628 413
1283 1707
87 224
1136 1723
1617 1458
421 1820
91 906
1729 430
1789 714
1396 1552
1712 906
421 122
1579 1093
1838 1672
1595 1233
5 1490
727 1377
551 810
848 899
1161 1896
1037 1709
1106 1919
176 816
216 720
1337 1659
361 1885
1718 1595
855 589
1628 1418
588 1412
1292 33
422 1016
1438 264
838 481
1084 1762
15 805
403 1466
1067 1175
1798 126
1889 1738
533 1172
1743 481
787 325
1515 907
477 1633
506 34
715 244
857 1058
1557 665
1515 1268
159 1702
565 468
338 1871
1681 1782
570 1875
147 1478
1997 899
1196 1652
1836 179
590 1626
1520 1234
144 1700
924 158
105 1513
1908 1825
848 1655
721 1479
968 1498
684 385
1832 1322
1001 1454
746 1767
1398 1700
552 676
1051 1386
768 409
1448 750
2 37
1293 1837
1561 722
161 1539
1210 1828
1063 1610
1562 788
727 1170
1742 196
108 571
131 1512
1333 987
1821 1837
807 737
1869 545
1474 1218
278 1003
705 351
624 996
159 65
20 1060
723 809
900 1995
471 477
938 1246
340 1236
1761 34
1574 1856
1672 1321
1026 109
183 1045
184 1486
1110 1072
160 788
1106 731
185 993
1831 1032
1095 289
1179 682
1693 12
1477 19
184 333
1629 681
265 587
150 1016
1409 698
46 1472
347 872
892 800
1742 596
68 899
783 1026
1755 1615
905 964
1368 846
908 880
982 421
1636 756
550 1641
460 467
1548 1687
1041 870
121 805
583 1522
1935 940
1058 330
1078 1906
1066 1756
1255 774
1609 1347
467 1094
905 912
593 98
216 1318
710 1261
880 269
466 1657
1749 1730
935 759
1466 1205
289 1182
1501 393
1065 907
798 687
1126 1359
352 1522
1069 337
1084 1331
643 1583
968 593
1245 1588
1177 839
997 248
1102 51
664 1353
338 197
1492 74
649 392
203 1526
958 531
1180 735
920 1799
1148 1419
849 768
242 111
1530 1794
52 1368
1785 722
842 38
1650 915
1175 961
886 1339
444 1669
129 1677
758 1314
466 310
1357 1449
1710 423
360 778
1655 730
7 935
1 894
440 1354
484 1359
1151 1878
176 1894
1916 1618
1587 1310
764 1319
1723 684
41 632
1203 1132
1054 121
1680 396
1550 1281
580 711
396 864
1774 1432
1728 840
590 424
1978 1004
1277 855
438 1395
841 1436
836 187
1696 728
1375 1248
925 31
628 1948
1089 951
923 1736
840 133
1113 1708
948 769
882 1786
1785 216
1990 435
1080 1477
1444 1548
210 330
944 723
1323 543
1596 1229
784 118
8 768
7 1232
819 322
222 1013
1642 762
1540 1196
1455 1897
362 1655
1548 977
1330 501
380 1159
1656 1532
903 530
574 985
468 120
1080 132
749 311
1428 331
493 1043
1689 702
228 1229
1539 1338
1745 1075
984 240
1856 1910
1360 1474
1816 113
1796 82
814 953
687 222
503 43
1903 103
1299 30
1024 492
1604 31
179 528
676 1624
686 1910
1200 634
202 429
1942 854
895 299
671 1005
116 943
222 891
1782 148
1690 143
930 503
506 204
1093 481
1437 976
1856 317
1281 937
646 1542
1205 1430
104 708
354 1118
184 556
1889 1313
1501 419
1758 508
1421 1436
1123 1700
374 359
61 977
819 1366
1131 259
1880 496
1581 599
770 26
1182 1660
1454 120
952 1625
647 1849
633 1720
163 957
49 336
1173 320
1841 1348
637 1157
1263 220
1957 376
1697 983
1115 1167
316 1314
800 589
498 1608
39 529
764 831
1959 1516
316 1247
797 659
401 1872
1200 77
835 1223
1748 111
1449 1397
1558 870
354 1811
1843 632
1157 217
826 174
1726 376
1254 1416
1554 728
341 765
1616 655
533 725
809 189
1203 720
1104 562
1445 1276
270 138
797 584
713 1516
208 1120
1410 1162
181 773
292 1151
1923 243
381 1687
80 397
969 227
1506 1144
634 261
460 636
928 331
1932 600
1639 1747
163 423
294 10
1593 88
1012 214
964 388
955 974
1144 812
175 1172
266 1372
1248 883
201 1906
607 1236
471 44
1289 1210
283 645
1546 10
1203 94
76 391
1299 526
1208 608
636 1094
1803 1977
1083 1728
1431 1971
285 779
226 1440
468 523
1299 168
1783 40
1895 939
331 250
1501 1599
286 744
818 457
1861 1923
467 991
40 311
1919 171
1925 11
1988 1516
1328 1342
573 628
190 818
585 1890
966 1953
342 213
353 366
1536 1044
1989 153
620 1535
1097 600
618 165
397 824
1029 491
1852 712
592 700
377 918
972 111
1376 1049
1500 1587
608 1698
1194 1134
1069 1122
956 275
1965 1499
595 1182
909 1473
60 1863
1283 1153
1631 1567
50 1605
196 547
1066 1019
275 898
465 1129
1633 1762
1508 576
876 794
1375 883
767 538
1781 433
540 1370
418 1165
250 1587
1214 997
842 1869
224 300
1853 1231
21 1762
925 1917
1352 1323
589 676
1772 182
1239 1119
1324 574
1300 1296
1360 1184
1478 1449
1063 193
1991 1691
1438 779
995 1231
775 46
800 1707
321 210
101 858
1242 73
34 204
1610 1855
357 1503
1742 547
1900 628
384 1330
86 895
52 810
47 843
1880 670
1466 875
469 427
796 726
1674 1065
1303 1891
1887 1016
1779 1245
1912 1329
865 452
1991 343
1341 1982
623 341
1462 1574
1384 1702
320 1038
947 1681
112 581
287 942
418 1164
686 1829
689 513
333 1146
1420 1702
1013 798
514 911
630 1468
1290 616
751 586
1494 1907
1106 1181
461 1690
245 1587
1244 1682
1492 1913
1803 1080
1448 168
1178 1763
300 1505
1897 1114
70 25
281 1348
1517 1562
1800 328
1673 1608
328 336
1646 1961
1690 1979
1558 1041
1175 211
237 1252
1848 1536
1647 1173
1957 1726
1329 19
356 1791
890 922
816 1977
1518 1038
1230 287
1310 1467
728 1692
565 968
293 1137
477 1013
972 1273
138 1337
1022 528
96 594
256 833
752 97
1940 25
1133 726
1258 211
1678 1967
1445 1412
1679 1933
13 19
1356 1385
413 1742
1721 1813
858 346
1599 690
433 795
1281 383
1848 681
774 1531
1563 400
217 368
294 1239
226 348
34 286
1278 409
1897 525
947 359
786 1783
880 290
928 1630
238 1175
1465 1851
1737 37
1967 635
1849 1268
1582 632
577 777
397 1963
348 763
691 991
1665 1589
725 638
1479 841
1462 317
543 1124
1406 1300
896 627
273 467
674 82
443 432
1078 1495
1950 202
1308 1876
1267 1934
1976 683
1197 1531
833 1228
1119 1741
556 234
1612 1553
1478 1218
229 662
1369 538
1522 1341
1930 1932
288 1706
1545 1075
1638 201
356 847
1517 1254
663 1436
1791 847
1836 1443
1447 774
1031 998
554 1557
438 1572
1937 502
546 877
912 115
1766 1309
305 1150
1838 338
446 536
1828 146
1337 621
614 666
1378 1224
336 628
354 558
754 344
1348 879
518 1240
1294 11
462 762
915 78
1512 1023
420 333
377 1056
334 1419
1254 991
1828 1090
1609 1349
1304 404
1139 1285
751 811
790 1622
1659 13
1295 1947
803 1632
334 1019
1795 790
693 469
355 787
331 1161
494 1165
845 1243
1785 1220
1164 245
1718 1108
1417 61
1105 1084
1723 1119
1433 1274
1748 509
526 166
1400 121
23 1408
27 1055
1687 151
1739 641
1829 1466
665 439
524 750
23 1030
1589 1874
1211 1275
865 298
1094 460
560 1670
607 1704
680 1484
877 333
1313 58
203 1081
622 833
1315 1016
955 597
924 1101
1734 795
345 1022
970 499
849 1278
1282 951
948 535
69 1904
167 765
754 669
1181 1919
511 646
916 949
1289 1090
1272 1300
811 1527
795 1453
1970 916
1611 1594
1359 941
476 198
1346 642
53 437
1508 1230
1539 1538
1988 1529
1074 1489
542 726
709 1701
540 1845
1182 58
170 1179
1424 1119
29 1775
423 62
52 846
1667 1257
17 76
799 511
838 589
1236 767
145 1236
789 1520
908 114
1036 922
262 443
1226 899
160 1562
378 824
1437 1388
1184 614
779 869
624 112
1812 969
1906 18
944 391
217 277
565 1057
1292 1590
904 1681
712 916
1798 1683
1576 1464
1371 1132
79 1664
730 1012
1293 1174
1015 1381
1625 1523
1714 997
1624 1878
1127 1828
1500 1566
812 731
1439 764
305 700
197 1838
1404 1335
558 1535
1767 1630
218 1122
358 879
1969 522
881 1101
258 1039
1786 1641
1130 694
1916 782
842 635
1966 605
1067 1665
778 288
1290 703
405 1059
704 1884
1678 1110
1300 1982
1333 658
1404 832
434 258
54 754
168 351
178 1095
1245 1755
1882 32
443 220
398 589
1829 1309
805 1555
1073 177
832 236
733 254
103 919
1556 813
1251 1694
689 400
983 1328
1 1469
1687 1693
108 1079
1913 1822
1582 41
1971 116
1828 110
420 1648
1864 59
1286 1056
1199 1974
470 1972
1140 1068
1843 630
578 301
1297 682
1393 1113
1648 1078
1965 158
1626 1247
601 1198
1298 1243
934 1714
1089 1282
349 1463
1447 1290
287 479
1235 1496
1188 510
864 993
799 703
83 800
1844 1601
755 326
844 1341
811 586
413 647
690 873
178 148
870 1402
1968 1992
1796 1588
745 1845
1143 1279
323 99
689 883
1863 1742
873 419
99 983
476 271
465 1269
498 1722
191 310
1776 1452
910 1931
1630 1332
455 320
1906 437
269 564
1068 1807
1740 812
1125 816
162 572
999 721
274 619
377 1286
1023 1823
721 112
524 552
425 716
262 1811
1096 1899
103 1189
759 1232
1962 750
1315 1462
1044 1648
279 1320
1191 310
409 8
1754 1894
1953 532
1188 918
528 1262
1185 329
1676 1772
760 1916
55 626
169 866
1124 1342
1490 1530
695 2
1343 861
1259 235
500 1519
115 1033
932 1846
529 1771
825 1565
657 531
1228 763
1399 1288
1532 297
1388 1272
1909 1659
1986 608
1565 926
1473 1042
1828 1289
366 198
128 644
141 195
1216 199
622 1971
200 1625
277 562
83 525
244 1480
1957 283
1864 248
783 1574
243 1861
1022 629
1064 1797
720 1950
254 1867
1947 1546
342 527
1602 129
144 1398
1741 1881
695 549
174 921
737 24
436 603
544 999
1540 1205
628 636
1461 542
421 1654
1679 1041
975 1774
1237 134
1835 519
1623 762
77 615
1593 1643
309 286
1941 135
359 1884
1216 990
1443 884
1837 75
1280 812
1986 104
1371 147
108 1458
523 1744
558 607
1781 795
891 832
480 1586
958 1388
480 1920
1167 541
351 363
795 1578
281 1841
555 1288
160 1794
1469 894
180 1998
62 1333
829 315
1559 1162
1804 1606
1403 199
966 542
1487 1425
233 3
955 380
279 1441
1611 1352
501 306
1643 88
1040 153
256 1616
770 1699
306 1778
372 483
1693 717
529 1564
292 1146
977 1417
1706 840
642 1081
1717 320
402 1385
1603 1470
979 1312
1584 55
18 142
1261 85
1339 78
954 1883
366 1574
1179 1195
1468 1792
1392 63
627 794
814 1756
1340 1142
1706 568
1754 735
240 1598
1979 963
1634 1014
1936 50
1269 1025
1167 1088
590 1715
1732 117
1513 1100
552 1108
475 1362
1560 1411
1170 156
1204 1386
771 440
1267 1550
1577 1767
1071 1204
1120 300
299 804
1687 717
300 208
18 53
1398 1123
1000 1495
1799 1900
1753 1109
1465 313
1520 1964
1002 683
1789 1017
750 168
227 823
1382 1441
559 1306
1009 131
891 798
1060 1402
281 358
1538 161
1959 69
757 1182
42 1942
135 1051
393 690
1133 1461
1219 1877
1439 1340
163 559
248 1901
331 238
470 1511
1450 537
898 856
1301 514
1596 608
530 1045
631 590
133 676
1873 1073
1195 1624
744 21
581 1992
1223 302
185 210
538 1282
1976 1771
1142 764
159 154
1260 1966
52 630
237 1760
537 1136
1675 535
1937 330
137 1719
600 1930
1724 1290
622 256
348 365
705 363
745 1370
139 250
1875 1058
1816 440
735 1894
1057 1459
1400 1672
1871 197
1202 117
849 409
813 1396
677 1301
401 227
493 1223
1499 816
1758 1035
1439 1096
48 241
195 651
1364 424
1794 1929
178 1406
1105 1762
1577 1897
1350 1857
1634 646
81 1353
944 81
741 32
1867 276
1529 109
86 847
819 1330
650 1982
1873 764
30 369
1096 1319
874 1207
1216 896
198 701
1304 1999
1943 1447
1685 285
1732 1580
224 831
1576 1277
1602 474
1694 1083
843 1085
364 1471
598 172
1833 96
1725 1328
1518 320
873 1773
1166 1129
905 167
896 876
373 1860
1718 5
489 713
1280 731
307 1727
269 290
932 373
1150 1840
130 1466
670 464
1811 1212
1997 738
915 709
116 1019
15 1859
1813 1548
1191 1657
1792 1045
581 1316
644 98
771 279
561 1719
685 1624
110 543
690 419
1065 1492
1307 1392
753 1445
1215 1975
103 515
584 659
1087 1097
561 187
691 1071
1219 1393
1995 679
323 1881
17 1769
1559 1410
1708 1393
346 101
1415 1884
573 460
1176 437
1317 289
1712 441
1385 1488
1396 406
1734 179
1417 668
1698 972
1558 324
145 1319
896 1742
1696 1032
1942 422
1498 565
1736 600
1660 252
1662 77
675 405
926 428
760 1266
1476 1999
1496 1537
1000 280
1537 1235
1345 1976
1974 1742
284 1985
318 1047
682 371
1728 1790
1884 1779
82 1504
1262 1537
1445 691
411 1458
307 1411
1196 1205
1126 1389
1904 1542
26 1244
871 679
709 917
620 558
191 820
300 1925
1934 1703
771 113
279 1241
1756 712
789 868
1320 1024
607 1376
1577 1155
76 25
949 1603
255 1948
1719 1048
1319 1439
630 1792
856 1118
146 1210
104 999
1936 205
1702 594
227 1174
105 1100
1590 1045
493 1780
123 677
1202 1757
74 1674
1493 1937
1802 678
1985 1322
1918 1902
312 1276
592 1436
1451 108
1273 1147
495 1194
1127 1391
1787 1662
760 272
115 905
158 1812
426 1610
1918 318
1785 1561
1168 1733
553 152
151 1600
1153 482
995 1429
218 1382
1752 1206
1710 64
1008 14
365 1560
1482 372
1081 1872
64 423
1005 22
1721 1793
1651 1842
1177 1826
267 494
518 1489
162 986
385 953
63 1307
522 571
1987 1087
1757 1946
675 1059
335 1744
1764 784
848 1226
1495 1648
1547 19
1769 381
490 688
359 44
388 837
126 1683
1684 1838
636 573
1850 233
283 1690
1576 227
648 1295
241 1855
1320 623
64 407
533 638
434 473
455 1156
437 994
1319 1340
1754 708
720 1318
1666 1425
438 1491
1822 1975
712 1396
1809 1027
1085 640
961 125
401 821
207 577
386 104
98 1497
809 1968
867 327
901 1207
1753 1236
54 1978
1335 339
232 579
1840 1600
329 370
1956 25
1115 862
389 294
1859 262
1492 1515
986 156
1999 60
1357 1397
1923 100
747 456
548 514
86 1198
1160 866
1169 1585
49 717 3 108 398 173 386 388 59 3 20 182 564 516 378 11 290 121 564 343 27 119 103 15 552 86 749 428 4 4 250 37 164 418 428 3 717 17 101 17 311 7 4 11 486 3 5 24 832 120 393 53 121 27 482 361 7 328 4 177 19 72 67 72 3 3 304 327 622 552 3 297 68 760 971 290 504 602 486 16 708 4 717 1 46 3 478 299 58 14 516 757 9 286 1 439 502 14 155 67 61 3 5 114 74 3 543 773 126 123 513 63 10 91 301 4 5 320 15 9 289 4 26 5 476 5 32 15 346 3 4 738 33 319 485 80 3 483 717 749 103 80 363 57 200 5 3 309 77 202 181 32 351 705 8 161 270 202 4 277 16 197 138 97 6 7 585 33 4 39 15 669 360 4 30 319 399 305 103 502 3 730 173 618 1026 1 121 4 53 17 159 3 27 3 103 381 52 224 37 753 749 272 297 418 31 717 4 69 1 337 42 3 307 520 1 258 196 109 3 39 264 93 100 478 525 867 987 54 393 3 685 343 3 618 520 6 293 42 278 776 23 513 67 516 378 1 533 13 358 543 274 332 8 134 53 333 13 6 4 1 483 26 3 923 45 1 605 3 12 482 224 26 420 27 382 134 8 20 5 100 12 8 62 160 923 258 264 565 301 12 378 3 43 286 21 1 3 10 235 69 31 498 871 106 3 29 798 1 201 170 17 48 17 17 708 27 238 358 45 101 337 5 155 9 672 759 535 832 56 337 345 91 219 110 4 832 3 52 6 47 585 307 133 27 9 61 185 867 360 518 535 16 3 113 672 208 270 12 5 565 3 449 535 286 798 449 212 196 4 56 393 3 25 44 35 62 29 153 3 19 181 582 11 37 69 1 3 983 1 1 469 4 478 4 344 104 12 246 290 864 270 9 10 348 8 116 13 121 388 72 773 1 13 113 31 37 130 509 478 10 11 4 72 3 4 23 343 388 272 3 6 44 5 6 3 3 121 31 109 10 516 20 26 57 1 44 1 108 3 333 3 10 6 3 67 15 45 4 46 420 363 3 351 126 527 170 420 4 509 280 11 122 6 349 308 224 30 3 264 27 478 10 3 472 13 37 365 39 130 29 133 21 641 605 57 379 7 275 409 5 29 12 4 520 1 418 54 870 513 13 7 498 864 25 5 1 6 368 3 559 757 3 4 33 717 7 307 9 101 173 5 559 35 57 343 44 286 7 1 295 319 196 117 4 17 101 381 33 154 17 53 34 32 130 25 618 16 7 138 8 121 8 1 1 120 13 121 213 1 199 4 197 420 44 346 267 4 28 346 967 53 8 20 203 187 36 45 212 245 27 16 93 14 824 328 381 19 669 3 273 3 301 3 695 3 1 47 74 159 428 1 1 5 5 504 4 250 7 27 7 346 333 33 13 1 482 74 420 9 212 66 311 20 483 435 420 418 35 1 5 122 297 3 14 62 7 440 120 1 77 103 161 36 109 336 641 5 75 203 1 360 393 10 708 109 5 4 19 28 126 119 85 348 4 8 245 25 1026 586 344 227 392 14 297 273 100 93 8 864 478 399 4 509 808 717 319 74 421 4 3 224 3 4 5 535 16 498 618 618 46 967 109 130 6 516 4 181 1 3 258 63 4 470 17 35 196 23 706 18 452 85 10 134 484 475 4 15 323 6 4 31 6 25 27 295 900 15 4 18 33 36 4 44 27 759 10 328 100 386 30 7 3 867 200 585 305 7 388 343 86 10 11 3 12 72 66 33 565 923 20 13 108 126 320 46 4 672 277 25 565 1 15 535 74 5 382 203 93 12 485 12 753 753 235 378 504 15 3 53 53 36 85 7 74 3 319 98 66 5 159 270 520 1 153 388 4 481 399 708 12 281 6 333 97 498 121 983 478 15 213 93 17 5 77 1 53 208 327 388 131 240 7 154 112 245 382 281 61 3 392 5 15 10 104 10 4 695 25 409 9 586 185 478 585 6 74 101 86 12 12 669 505 864 117 3 93 435 4 334 828 93 485 101 49 235 74 1 382 327 586 4 80 280 309 301 516 760 12 5 576 15 301 1 1 602 240 618 29 5 3 4 828 418 669 250 388 6 900 3 4 576 25 3 13 386 345 3 26 7 101 515 264 4 469 4 5 5 343 240 1 7 753 74 3 19 13 77 345 160 6 42 1 168 983 708 559 334 120 987 409 366 74 47 19 44 447 19 4 809 3 695 4 155 776 44 161 72 1 808 37 399 12 1026 121 98 13 13 4 63 5 9 13 357 130 119 6 45 11 23 202 1 520 93 7 405 176 3 238 110 867 3 9 4 21 527 126 332 187 133 178 4 706 301 297 870 828 153 101 7 348 9 17 641 5 173 1 358 3 47 476 239 290 31 289 749 29 564 281 8 343 297 3 27 757 760 185 43 626 3 20 14 110 399 368 3 705 8 5 16 738 297 1 379 74 5 5 14 641 7 5 3 3 712 420 305 200 14 1 1 74 669 393 199 91 74 15 1 398 98 110 16 685 447 759 15 43 39 382 286 69 484 3 57 21 543 48 418 28 520 808 5 3 196 348 3 286 43 2 4 626 1 200 3 533 484 3 7 5 4 10 80 61 10 203 717 67 418 4 97 4 345 4 98 378 509 520 15 374 3 31 9 35 8 987 42 4 15 357 469 520 15 328 365 5 56 75 1 13 5 187 170 564 47 57 245 33 13 3 7 483 295 5 286 239 33 131 585 752 349 5 343 26 132 13 4 37 64 203 168 4 39 1 498 12 531 327 6 333 54 267 543 386 1 25 729 47 319 1 286 368 5 93 343 685 16 26 27 864 576 585 738 293 1 399 12 1 778 42 520 3 46 9 39 399 1 30 4 440 527 159 585 345 7 535 344 44 290 388 3 85 11 7 301 515 4 29 1 25 5 4 1 164 971 20 113 66 392 334 4 66 25 130 27 365 3 138 67 74 100 59 212 798 8 27 122 6 203 258 200 33 289 160 117 250 304 4 379 21 564 5 74 521 72 178 6 338 799 16 602 200 77 21 5 34 484 297 66 12 66 25 1 160 708 10 64 9 98 53 472 5 378 126 80 3 1 5 114 53 7 295 3 543 565 1 864 47 23 12 5 776 405 5 187 824 9 239 122 345 48 521 753 67 447 535 31 116 98 57 26 289 4 9 37 6 626 227 154 103 421 4 798 3 469 25 6 505 19 7 110 824 93 515 219 49 8 346 1 8 98 33 4 201 535 4 17 93 447 923 200 867 5 1 117 106 44 108 12 33 98 286 773 504 5 9 717 1 1 773 564 3 196 238 360 290 17 3 59 212 49 240 286 3 4 5 57 483 349 498 93 516 543 3 712 344 4 618 8 9 368 398 28 760 12 452 5 729 14 120 319 378 478 1 270 4 418 533 19 267 77 345 280 4 74 983 760 130 277 101 5 25 7 20 753 3 1 8 36 3 126 967 12 3 22 286 7 13 729 16 16 33 4 7 30 1 3 33 564 106 1 11 1 116 1 706 378 6 130 9 4 798 4 277 622 33 388 378 439 1 4 1 9 32 1 238 54 290 717 93 712 4 7 311 3 482 3 27 378 16 273 164 3 264 299 160 398 74 1 196 478 45 525 346 240 250 1 1 4 275 66 23 160 2 531 1 112 336 773 98 476 20 1 565 5 245 753 27 447 7 227 900 439 753 30 7 3 10 25 749 100 37 17 3 299 6 122 3 44 5 22 235 67 33 1 11 449 3 170 399 778 332 3 31 900 486 273 8 778 1 202 8 9 289 275 760 343 730 346 110 4 104 309 685 5 4 923 10 181 13 3 363 3 706 181 738 440 706 531 74 86 57 618 824 20 57 1 213 301 447 153 72 1 516 168 13 27 4 101 398 3 21 35 275 286 4 21 62 297 379 3 57 520 13 374 5 50 273 120 8 122 85 286 381 478 4 3 618 100 513 57 3 1 131 98 475 112 74 5 870 35 293 421 74 357 320 212 48 900 9 290 3 101 730 478 44 4 504 1 29 25 110 5 309 4 17 4 505 31 3 3 379 208 212 32 967 565 10 757 5 3 832 334 3 738 967 75 304 9 1 332 5 26 202 35 58 828 10 336 8 93 11 971 518 4 828 3 15 31 5 100 275 729 164 439 705 3 86 971 52 178 45 12 64 311 525 295 25 7 13 440 3 17 109 543 475 23 238 25 1 26 25 67 378 176 4 1 197 134 504 17 435 52 270 399 273 199 74 168 80 7 126 286 37 3 5 3 1 176 98 8 187 3 399 1 475 4 305 717 509 219 3 13 239 5 622 405 121 452 3 239 100 1 364 518 1 717 30 250 358 15 28 1 98 67 1 90 7 1 101 323 273 374 273 4 4 101 120 12 605 13 447 485 7 12 3 196 1 4 245 1 272 22 472 559 201 9 552 62 9 622 297 3 3 12 25 202 3 435 53 3 240 4 280 100 1 4 484 319 150 363 7 91 77 1 245 160 114 14 126 351 3 3 53 343 17 586 1 323 502 483 504
