2000 4000
401 1377
1192 1157
1533 1990
1173 1995
1839 996
819 837
918 1835
1967 653
1330 4
1866 413
247 196
1890 614
278 757
972 383
209 1963
1010 386
1595 1989
1619 1644
1863 414
1579 696
1401 1146
1838 1915
1173 1561
1447 707
1499 1622
1884 290
724 1877
1210 347
310 678
663 1305
839 232
73 1967
139 1095
1316 1917
685 1688
895 1091
209 1574
656 33
1857 844
636 963
155 1562
1585 838
1681 277
836 1813
889 1089
1010 81
1501 1550
852 1580
1522 1661
454 1411
620 1389
1795 1686
643 1011
497 132
720 1000
1900 794
1733 199
1442 692
993 975
1704 1702
261 17
1298 1217
1027 1388
1794 32
908 1055
664 747
8 559
1306 1698
1336 1094
762 1356
1723 1465
939 1388
1833 1982
185 531
825 1176
963 487
1784 1717
1265 1543
1936 1526
896 824
48 1627
1337 1257
805 355
1707 782
1224 126
1112 101
1641 746
1028 685
257 596
968 117
1173 911
1917 135
1791 1492
1868 783
1557 269
1212 1950
1925 1946
1322 1197
1954 774
859 1683
1439 197
478 157
1959 1014
7 1771
1580 224
755 1642
38 1278
1480 520
1178 1805
1498 454
1513 780
845 1781
1048 613
1124 1742
61 1109
109 1994
627 1167
788 314
1647 568
1215 786
52 613
303 821
662 1692
635 97
1943 888
1048 544
1811 1126
1552 937
1991 760
908 1983
80 370
1710 702
1575 64
244 698
1396 159
1449 672
669 696
726 436
1144 114
1970 739
1241 1111
23 647
1018 1072
783 96
489 1945
1391 663
1866 687
1732 1063
1515 738
296 627
288 1414
731 988
1172 64
842 1713
581 1296
74 216
371 1899
1096 289
1480 1771
6 1135
1757 466
220 1434
1918 1740
1232 1193
947 876
763 170
1641 35
1488 1127
234 1984
1001 1216
1835 543
1065 1656
540 563
166 100
1657 1489
245 1819
955 200
329 1194
740 1166
1029 1113
78 485
1993 138
1228 796
46 1852
895 1353
691 747
1201 1585
1003 320
906 475
374 1980
1692 826
556 346
1935 285
489 1397
621 497
1404 823
1838 1697
1974 380
304 711
944 935
569 448
795 617
1920 426
1573 1631
1959 1271
563 124
354 1457
365 1030
1968 980
392 1855
1653 1614
904 1726
721 817
1594 470
1987 1867
754 1836
1666 1297
341 1278
1444 137
1862 735
529 293
1777 880
443 1253
675 1871
399 612
74 1572
1510 1579
1615 54
532 1545
1749 215
787 326
614 1084
738 1243
972 166
249 1428
480 1984
358 602
395 493
1948 1623
1178 1328
1343 762
1489 1494
482 1980
709 28
212 1547
1997 149
1692 1329
148 1412
1485 1541
1226 227
1781 1893
1709 454
1433 1222
1971 117
994 1215
1085 1443
843 69
443 1168
526 265
619 1479
1629 1939
263 814
1924 441
1578 437
537 207
241 1211
1520 306
234 1881
1720 1363
1236 1060
99 78
1356 1800
214 626
1931 1351
1146 1369
1708 826
936 1434
1170 1051
1582 858
1122 333
452 735
283 270
1186 165
1986 1598
1611 416
1108 936
149 1213
1482 1007
1750 521
1429 1265
1248 73
866 1163
1152 1731
1124 307
462 249
1137 1079
1680 332
441 1198
573 17
252 723
541 269
1655 338
1921 875
1385 988
1367 1146
306 193
1603 1967
272 242
830 1399
933 832
1285 1347
753 1194
1300 190
1984 736
20 1849
947 1458
957 557
845 944
1101 220
1349 1472
1470 1458
1610 1914
1204 306
1285 434
172 1549
954 1779
1421 600
1899 1910
1583 1748
230 719
335 87
1000 1940
1075 1198
160 1216
816 1382
1445 633
1826 554
93 35
1879 1963
662 313
1825 1582
1142 1837
657 53
1115 1502
1758 1685
1610 1156
1869 1232
184 1652
1550 1987
47 436
1546 1010
164 1858
481 726
1072 1567
1732 1784
483 999
806 1918
127 434
1460 1833
113 366
1775 964
1069 622
202 1897
1432 1263
1065 1272
1565 259
795 1598
1663 49
20 836
1062 1148
567 954
605 945
1120 630
472 411
1706 1002
124 1172
1364 1600
1857 1839
1785 1947
159 791
1084 1053
693 273
490 1535
840 1525
1682 256
898 70
738 945
1013 942
1116 1774
1655 1895
550 1588
319 345
643 989
1764 1657
1087 1463
952 1683
746 1843
1393 1927
491 981
1021 737
373 1215
469 432
844 229
1439 1969
1615 48
278 990
1098 341
683 854
1133 1978
1090 48
1919 1150
208 1523
1755 1475
759 19
346 897
1495 603
115 503
416 114
327 959
1620 1326
416 1140
586 1051
580 1877
219 8
1609 739
1560 1460
857 1982
1696 1124
254 1817
270 1002
1225 910
997 699
408 22
1418 710
538 547
12 255
679 1488
246 1501
1901 1221
62 1536
1465 640
1807 1967
210 623
1420 941
636 1321
824 1520
883 633
1075 746
1459 1384
1800 1004
508 1840
1046 782
500 344
771 27
96 716
189 467
507 1919
524 580
1577 76
1524 942
1619 443
1228 926
1933 1607
963 1751
1493 173
1117 1092
1112 902
1603 1367
512 1989
343 1511
600 1314
1807 1050
318 253
1228 1577
1110 1694
1946 1789
254 1346
629 318
1568 375
134 1783
30 1811
1837 93
78 739
1301 1007
1678 1798
888 1065
372 985
170 924
188 1875
1650 1108
1091 710
1238 5
739 728
191 296
1888 479
1510 1186
1027 535
391 1091
1370 1436
1350 940
345 50
1128 1044
587 1219
246 397
1962 884
528 866
1246 1488
803 234
1480 798
1717 404
819 499
106 1458
1948 416
1527 1420
105 1386
1739 259
1913 315
67 340
1633 948
361 1532
309 1644
130 1657
225 1573
1279 42
1526 296
759 413
1629 86
604 1102
710 594
29 992
756 454
735 1683
320 1236
960 391
987 518
611 1605
1985 1174
1022 923
311 1849
56 116
1895 429
1894 893
1044 336
1300 1517
1011 233
1179 302
840 1864
1273 874
917 384
298 519
731 1320
1451 145
1599 1199
1457 655
1494 1240
1866 785
1678 251
89 1328
680 1600
1454 1013
1490 1209
220 450
849 750
661 540
253 1307
1419 1631
19 1622
957 959
1266 1577
1749 1350
1003 459
1188 1871
764 741
1313 1065
1338 378
799 1592
1074 540
1558 439
89 432
1028 687
1926 566
939 1920
214 1088
1613 439
1532 602
1428 72
490 305
427 1518
1729 646
612 1378
660 661
216 1078
946 1981
823 827
579 716
18 1209
326 1317
1169 153
655 1784
63 1386
1286 180
1473 385
1723 1023
1969 181
1207 977
1873 1279
296 352
672 710
739 1884
1716 138
1887 1876
1572 79
149 12
92 1608
1055 367
933 537
475 920
136 1846
393 1683
1432 974
1374 420
605 1465
1428 717
1205 609
468 227
136 1453
748 165
1949 435
358 1089
807 1668
1470 919
1016 1682
1872 1775
1094 1577
1467 487
1926 1566
938 1043
1620 1710
688 1504
1844 1139
1746 1654
1909 111
1159 608
1746 1771
51 798
715 1284
1696 778
596 1542
1589 793
61 1384
669 1254
687 32
400 1262
1574 1792
286 1314
1808 1628
342 1177
1588 127
1414 1636
824 362
1422 1891
1204 1592
1318 1235
885 752
654 258
798 1727
715 201
419 908
1561 1508
3 228
1467 988
1108 1093
649 1286
1014 369
898 1140
1825 1768
827 1785
1392 1132
952 1905
1419 1176
1492 1047
410 1718
1886 1162
1344 641
128 1672
1376 788
1205 1653
1061 1743
19 472
254 1588
326 440
1282 1339
1634 614
1023 1212
1887 24
532 856
34 711
1185 1061
671 1885
1257 287
1681 1957
1005 1519
328 884
677 1278
1898 689
61 1477
980 1947
1684 1812
1716 1287
127 925
118 1166
1497 508
782 1734
475 435
1874 805
1247 712
98 356
1617 1022
1178 427
613 1550
1444 1886
1498 1432
1322 877
1775 553
1780 830
1045 1825
1685 320
488 1307
1339 622
677 936
1907 1534
1297 816
1995 1507
940 1113
1519 584
891 637
1824 854
1682 498
1942 604
920 1700
547 1401
267 694
926 454
559 41
567 1492
205 972
1893 380
809 1095
1212 1713
1065 1068
813 1610
141 764
1841 224
284 1052
1649 399
1061 1691
232 1021
1937 523
1960 640
451 1220
632 943
1395 1805
25 961
1235 1578
1810 128
486 1803
86 196
723 57
1605 1364
1123 1801
751 609
559 1837
282 1423
1472 403
1695 1945
1923 1298
967 238
1887 1177
1054 1800
1903 9
1915 982
1926 800
355 851
826 1115
1726 1767
63 1389
87 431
1100 169
1063 567
1088 1750
646 349
861 923
1186 864
524 1002
472 468
690 455
544 1159
894 1571
490 974
111 1225
154 1405
1638 76
677 260
634 291
429 1196
1335 1962
206 208
507 1120
452 1612
187 25
1677 774
97 1786
246 1667
230 1689
740 1779
1341 1382
113 61
1822 638
294 784
1595 605
975 833
179 1132
1468 1555
744 587
1512 1739
893 1329
1180 847
923 1588
1915 876
864 1434
1950 1733
721 366
1917 589
968 1669
1892 1581
526 899
1961 794
332 533
738 86
693 645
79 1220
1523 1539
1859 1881
915 786
797 1055
430 382
1763 845
1698 808
1234 1028
481 1934
1744 1970
1033 1246
544 1284
1828 1904
620 1765
564 1744
1461 550
421 1703
514 1451
1457 826
306 1125
876 1610
1471 488
1536 700
1020 1351
169 8
810 893
803 1490
803 1335
653 231
634 846
1312 500
935 1920
724 1770
704 753
1041 1593
762 1586
1913 1342
827 1472
983 1662
1506 642
45 64
213 1816
286 1416
368 768
1809 1023
710 1698
1795 103
1010 1113
1511 1181
1818 513
13 697
853 655
432 1346
895 318
1336 1756
1047 517
1988 1521
668 171
392 1644
1716 1582
214 983
356 1759
56 1665
656 722
650 1050
359 1241
988 97
1490 1914
1092 1169
1205 1820
1074 137
759 1023
1090 1992
131 1668
595 53
1424 735
1028 1935
1855 117
1160 105
1105 100
1440 1375
1381 368
1007 889
562 416
146 1952
1974 674
860 1602
1208 1522
1079 1902
1202 1165
1346 1228
1291 153
1869 276
504 1902
1083 22
1464 1417
1922 1597
1068 831
753 13
1344 862
175 1591
15 1179
1367 272
25 976
1807 1274
311 519
1370 725
1844 179
1969 920
1709 1322
85 1905
1935 1007
123 46
617 688
1920 1769
963 1217
1259 1821
674 232
469 1331
167 609
509 765
227 1765
1774 849
958 813
1535 585
954 222
1887 1642
1154 199
267 1847
762 457
982 1931
671 1605
1196 363
789 159
779 1155
695 835
1609 1473
513 1259
44 1855
902 1236
188 934
181 1150
1528 934
823 1128
600 1585
602 1871
1480 1862
1080 806
1956 501
607 1217
1522 177
540 438
1986 1741
493 1486
1700 1182
265 304
1895 222
514 723
1867 606
1228 1850
294 865
234 1301
1549 822
1434 1977
1064 1888
524 1496
578 1254
420 336
1643 223
1765 826
12 1566
531 1879
1544 413
881 873
342 590
1348 1621
299 606
539 1934
653 528
1715 215
1684 406
405 1126
191 1518
1646 1994
1738 1462
1901 471
1035 341
2000 1259
463 95
1180 1551
1381 1876
1869 131
1518 1407
1414 303
1916 1440
863 339
583 1065
895 1591
1403 1416
921 1425
650 321
615 368
606 1824
153 553
9 1012
1093 1245
542 908
740 1457
1917 484
1880 1932
942 1324
1865 1136
1782 91
1897 1123
1361 1032
1501 394
1582 299
1360 1589
1850 224
1548 208
388 289
703 833
1172 1677
65 119
932 616
818 890
924 189
1375 1841
1195 1143
356 1446
1584 1116
698 158
848 714
950 1679
1314 1350
1152 973
855 1787
5 1690
1998 1859
1373 226
575 1686
237 196
1561 828
99 1533
1999 1735
1742 1802
1180 725
99 277
1158 1646
1290 1583
822 166
795 934
1978 546
309 1378
989 516
1034 1995
1364 1515
878 1154
960 1538
822 1954
1342 779
47 1717
725 612
849 1070
1689 1479
1864 473
665 1201
719 386
952 1810
890 280
1165 1156
240 765
523 771
1483 1748
477 158
622 636
374 790
1221 788
1201 876
1523 798
1051 126
1045 262
58 1221
1023 1794
1105 1560
954 1527
1490 874
1215 1023
472 645
727 725
1355 1482
1190 794
1848 930
534 1185
198 1497
1438 1652
1705 1358
1389 723
233 1122
1082 1576
1593 768
1773 1194
1603 592
900 1708
149 271
160 1517
484 144
729 536
1672 1424
1568 652
1670 1237
432 314
1129 1657
552 125
433 562
664 1380
337 501
1429 1515
162 1742
1077 1762
1506 1195
1663 1644
1997 201
1705 447
105 1446
1237 1801
1271 183
429 706
1239 279
723 1239
326 81
1457 787
1853 1627
445 1002
428 327
383 1944
88 932
123 1215
504 1792
807 1444
1068 1811
849 1659
488 522
200 1870
1845 945
691 943
1867 943
120 585
1807 295
1002 492
644 424
1698 1987
704 539
1268 683
295 1242
787 878
971 1231
331 528
558 1991
1175 28
661 903
1584 738
1983 718
1470 198
1177 95
960 1545
455 1463
896 10
1523 1
1191 700
1427 178
43 862
409 388
1214 1408
1185 1680
7 1690
1375 1097
1308 1798
790 453
1679 416
256 1865
128 131
1438 1302
1793 933
429 1792
168 1382
737 814
1903 1455
45 78
40 1778
1361 1340
589 1706
82 1675
278 1049
863 84
143 1749
55 228
104 948
1092 773
1055 1955
1154 1262
1492 855
1830 650
1449 1768
21 202
1843 502
600 1690
243 933
470 61
1682 1274
290 493
1635 801
1309 538
783 674
454 296
1591 843
580 982
422 1334
1038 891
1522 857
1833 282
1123 1001
1270 1207
1783 816
1112 871
564 1555
1537 738
1351 1803
570 1571
535 1351
1165 779
1150 1278
856 1730
1563 188
1962 1361
417 1064
1032 1093
1925 550
1791 115
1100 972
1439 1117
1127 1342
1453 1375
1774 276
219 1306
1830 463
618 606
110 1974
1926 1243
1308 1833
474 616
479 817
967 931
1125 1038
1553 1100
1654 1932
1621 340
1254 511
597 1355
1184 1088
1276 1326
1945 469
908 755
291 1478
1199 1129
824 107
905 990
1245 334
492 1810
976 853
914 475
1992 1895
1856 978
1724 1697
133 438
108 457
1322 556
1376 62
261 896
528 877
1072 1088
222 833
470 1719
641 815
1452 1794
1 1489
1699 1701
628 681
1365 1892
1493 1251
1287 1640
1211 125
1882 1213
857 1881
7 1804
959 1452
1206 90
1221 814
358 1228
63 1307
346 591
787 1624
1527 731
1097 1960
1265 589
791 1314
828 1502
1254 1526
806 1018
266 1379
253 947
541 1943
1860 504
1086 1652
1342 1697
630 462
336 1285
839 861
1217 1336
695 640
1229 200
97 740
565 1718
452 1124
1079 1496
1590 323
1177 1683
407 677
1587 349
1040 1978
846 909
1249 1528
984 764
866 1153
283 64
571 813
1128 1014
614 379
1703 14
35 1605
1753 1441
1510 1326
1657 502
940 462
919 443
241 1594
96 952
285 901
1815 415
54 892
345 889
349 835
93 828
692 23
237 1625
1405 1993
1518 456
1685 1074
771 1676
1122 262
1013 1803
1752 1346
974 1679
1368 1069
468 66
872 108
893 1402
1004 1403
1914 842
49 148
302 1273
1621 1280
953 1047
1244 983
1766 3
470 1612
761 888
1033 143
993 15
834 1463
1939 1091
1386 964
373 1644
1158 214
576 266
1859 1567
662 348
1780 1599
838 600
704 807
976 268
965 154
1159 1219
1866 1035
1737 357
28 1027
157 776
1149 989
1576 914
1859 813
593 1865
95 373
755 1496
988 1189
450 181
1966 295
513 788
701 343
1847 358
373 280
145 1621
1712 1313
1872 371
234 350
147 156
489 106
1115 116
1758 1867
1495 681
214 1536
326 1502
217 1368
1329 465
1055 609
499 468
970 851
1751 850
1070 1015
706 109
317 20
1464 460
1115 1292
292 1834
1127 901
649 1755
800 359
1901 424
1184 296
1665 856
1888 610
791 1596
503 1809
1525 307
1183 317
1630 1975
849 593
1537 847
763 529
240 195
15 943
1102 1454
1834 1406
67 625
1873 1912
1648 1046
1295 84
712 350
610 290
898 671
1581 928
1910 1135
1723 327
1244 236
1935 954
875 553
990 1469
1721 216
1100 657
704 1897
1273 1283
1252 554
322 1735
466 1589
88 113
192 149
1396 53
124 1266
1409 293
679 267
1476 450
1576 626
1725 1118
246 471
331 507
885 994
1396 35
1170 242
1515 931
50 1647
39 1704
1409 902
1257 1723
1117 1218
23 1852
311 31
607 1949
1380 1081
2000 1017
1372 485
1622 767
1296 755
1026 358
298 1067
684 1098
803 1362
569 1782
1571 1899
426 1763
1126 1393
959 1902
1394 1903
1303 1702
50 7
815 233
1178 538
296 1833
965 1708
1965 252
2 876
827 1201
249 1919
17 434
857 545
1199 204
1488 1366
133 1533
1585 699
113 658
175 1673
242 1889
1646 843
25 1136
410 1270
101 1818
708 82
729 951
768 1326
517 1347
150 324
31 223
1190 1292
209 1608
1635 1455
1415 325
766 398
1948 1813
1397 1063
593 1670
666 1908
75 917
527 1806
1374 978
1011 377
384 693
374 119
311 1366
1136 1944
935 1112
1494 350
445 1433
354 1226
239 858
1217 226
1442 897
451 1957
720 502
1530 879
1489 1865
1186 428
957 1806
1134 1296
1823 1704
1140 284
1529 1570
152 945
817 92
1903 1254
1448 161
908 280
40 916
480 1094
1438 771
1268 1793
1039 1058
1517 1607
1475 809
940 558
444 628
578 971
919 301
325 1133
1198 1181
80 909
1114 1598
471 1753
1896 1020
908 1808
634 1610
886 325
1515 477
845 1906
789 871
1529 1998
684 299
168 1417
1388 1428
1406 512
1606 1836
223 999
843 1137
1084 483
775 1449
170 969
1818 1191
1756 730
1748 1085
949 1344
255 180
611 1914
1559 301
1731 1709
1240 585
1016 379
1704 629
340 202
812 796
1199 45
98 704
133 1452
1938 522
815 477
1530 433
818 1547
141 1404
1106 34
1481 466
440 348
1535 1499
331 1741
1089 90
249 1914
542 1926
196 1244
1875 1317
1910 1176
584 1010
1973 360
1527 355
377 412
1510 1232
70 1774
1072 684
538 1600
682 768
182 220
692 706
1534 1328
953 1559
1533 374
526 1570
1334 1843
1165 451
1253 1079
1999 1906
448 557
329 1056
991 1565
1958 667
506 1360
1365 657
333 1086
151 1275
563 188
57 1439
1846 273
1931 106
338 315
164 195
1702 655
15 740
1948 945
1543 299
1001 1959
1946 28
1792 1718
1894 752
1146 261
858 1554
1772 610
1640 562
1272 1024
1606 1801
530 651
808 533
162 1341
1948 753
826 1647
152 1149
1622 1094
1678 241
878 1298
627 1215
1840 57
1694 1327
987 187
1881 865
1967 751
191 1176
1563 145
1771 274
1009 575
647 928
1476 1843
150 695
1761 1528
469 62
999 1279
1398 813
1456 850
1468 31
273 114
361 1604
1411 1611
364 778
543 997
838 217
1960 903
582 608
287 1943
1119 1553
770 954
240 1867
708 1831
89 1358
1658 995
1972 1802
880 1957
11 1228
979 262
1916 1912
1341 1081
1745 1958
1207 37
1775 532
1684 1731
1708 405
1529 1490
46 1614
606 1804
563 1827
1245 1579
1945 1541
1590 1082
651 1520
1443 1463
1143 1591
836 898
8 1722
1935 350
1338 246
625 809
700 1610
1669 1434
759 1709
1325 1983
206 986
1595 989
1849 1696
188 1316
1626 103
328 638
211 1431
1023 823
743 1572
1546 174
953 1761
1518 1025
350 1779
745 916
1758 20
1337 1107
725 434
357 737
526 703
1673 1952
621 1158
1764 1976
1436 787
93 983
1661 629
423 83
515 1350
738 160
1984 1889
1676 555
1942 1022
1212 1307
510 1575
1256 1551
593 1388
1720 1951
19 273
250 709
477 1389
10 1064
1614 743
1018 419
321 1766
1908 1524
160 760
679 1558
1935 1779
37 1887
1416 222
667 1491
555 120
1029 1185
1056 862
784 346
218 1184
1118 1955
1985 1419
5 1210
37 87
1140 1735
1404 484
1901 1314
1552 1397
1601 845
310 1697
599 1979
456 137
1473 1294
1442 1533
345 1309
444 1787
49 566
297 476
1878 128
1025 320
1588 1647
98 1131
1555 982
275 1444
509 1347
767 1870
224 1957
1875 1194
1725 33
352 426
1684 1098
380 126
850 112
16 1242
1153 1105
26 657
1481 1139
773 1422
21 1204
1200 443
624 598
1341 1380
440 1759
835 372
1236 1229
1579 1658
344 1829
1439 279
1164 294
928 1794
414 1195
207 1911
554 401
237 145
971 1464
1817 767
429 1431
810 1118
611 1165
728 45
1057 1675
1058 890
1054 656
1073 65
1318 1644
734 38
1177 1162
60 675
440 610
262 38
82 1665
1546 238
1706 387
129 135
1509 1975
318 1771
853 1121
1592 1367
1699 1686
625 1624
1664 1465
1126 496
316 101
532 53
1963 184
795 1457
1655 1545
921 1542
183 42
1515 910
1609 1651
1296 68
1232 624
1761 1819
1716 971
197 968
532 1776
38 937
323 1675
402 534
1782 44
825 182
243 1369
949 772
1207 831
1299 1623
258 1512
1265 1989
28 1103
935 329
1280 1267
1667 1467
517 1673
1258 1245
1010 217
1462 326
1715 1770
1352 853
226 1114
993 1586
640 1042
803 964
1520 548
385 796
1963 988
965 741
1766 932
44 1927
1345 1645
1304 136
1088 338
1879 485
1425 1344
866 1111
68 564
1587 1751
1482 530
291 571
555 1536
1985 1260
1742 1972
768 1855
1820 1650
1652 192
868 171
1603 673
1537 441
872 476
1104 623
627 1087
355 1401
1601 1937
1259 1075
1085 444
1850 1805
280 304
670 1458
630 823
1159 1487
30 743
1959 338
200 160
353 462
495 42
1618 67
1581 617
1756 1778
1443 687
594 1312
831 467
634 1511
1342 1008
1605 1197
1316 1098
1965 1244
593 1976
263 302
1841 1762
2000 85
308 346
1719 856
454 236
1326 731
1473 366
1747 1478
441 918
1361 706
1899 568
1926 1203
764 1250
1949 6
390 1394
1756 1845
1854 1966
721 211
1260 1168
1278 820
1816 946
566 1583
1028 727
1294 1671
1322 1502
1983 243
1650 683
603 1425
1019 1829
125 60
1138 1881
1685 263
1343 1777
842 660
1966 1527
941 1603
1745 892
1740 1636
1317 2
769 1916
1637 448
792 932
471 16
1294 634
1675 375
415 511
1193 1882
124 1582
1709 844
1697 754
1345 838
1665 1802
767 1505
1606 801
140 334
464 960
1258 586
787 974
860 709
1733 1560
436 966
362 406
206 861
1006 666
370 87
584 1372
865 780
73 1182
970 1746
784 1025
93 1687
66 239
444 1083
1171 1315
135 1390
1060 145
35 1171
1964 1757
1332 886
1114 1575
1223 1102
498 620
1602 442
1983 897
1269 447
1805 1575
1971 879
250 1160
1479 1196
412 738
629 765
187 962
595 811
280 823
157 1815
299 1934
1992 1998
1259 1119
306 272
1470 942
1399 60
1503 1075
1319 1078
1226 1597
648 639
49 69
1440 1325
730 866
1226 426
1974 1198
1443 1930
1167 1778
1022 1539
789 1595
1430 707
123 1278
1208 152
473 1090
235 1511
482 1591
1576 1851
316 616
1312 122
1326 1041
880 1459
922 1939
1794 1044
1272 1232
1673 1359
733 1530
729 1362
493 1430
522 626
497 135
272 1034
448 142
1117 279
51 312
1849 1282
1013 143
1782 791
271 1820
1353 114
303 174
1353 1050
617 495
993 867
499 853
1066 611
1552 751
409 281
840 567
195 1182
1343 517
1262 1611
438 1271
117 979
1654 675
870 1353
270 821
1059 1430
1275 928
28 180
980 446
472 871
1778 1583
573 1779
106 285
736 658
1436 770
1789 1459
1288 1390
1965 588
1300 731
822 1939
1503 570
355 673
567 1932
1813 1390
1430 416
797 1715
956 1091
1889 332
522 701
1651 1639
84 1120
489 936
1321 1721
1580 1799
77 1400
635 1906
1883 110
1533 1941
1129 1517
29 1730
932 708
1700 69
360 70
1048 1624
565 1464
1724 665
1377 484
306 1333
1179 988
89 1329
1753 393
103 1089
814 1770
549 666
1059 116
970 639
665 1849
1923 1886
1714 532
1857 384
19 779
1622 1595
1162 600
1185 772
511 43
874 1399
464 1564
1404 1304
387 1559
478 500
399 1629
1329 412
347 1149
46 541
522 1437
299 1929
144 948
1018 926
1367 319
325 1134
1625 132
1704 1680
1271 67
1111 555
950 1234
1737 1341
1133 394
1237 90
419 1310
1790 400
82 903
1396 1746
1074 1711
838 746
1150 109
496 1808
930 216
1781 1467
1719 1454
47 1311
653 1982
1197 209
957 529
570 127
1783 747
1434 1991
1189 821
953 849
1622 1982
319 251
212 1540
482 619
686 494
1689 1917
675 616
1798 181
401 1628
1126 425
1970 95
1829 1185
1216 1524
1081 1075
4 1230
1711 1874
812 383
69 872
1437 1049
602 518
832 1038
1426 1954
1163 472
147 1466
1067 1323
1648 616
1791 59
1862 678
1546 1174
868 964
1146 1986
245 528
1526 986
1053 442
108 207
871 271
60 664
146 1722
291 1736
1381 1010
1509 139
1134 656
869 29
1764 430
137 705
1707 340
54 1071
1551 1586
1119 1669
1970 379
1156 426
526 1364
131 428
664 46
1153 1668
1004 781
1856 64
1453 654
1413 1132
865 764
1923 1025
960 282
715 1714
881 554
1826 212
1454 783
1484 1117
931 1123
1987 1926
227 1993
1902 900
311 1236
1467 1978
894 173
660 101
1369 1933
1910 1938
1175 404
1354 1519
1789 1341
1445 1016
785 1495
896 1275
1053 753
1561 351
1508 1861
461 1279
1473 723
1330 738
1221 268
1031 1395
789 1781
552 1339
1374 263
1674 1916
838 970
557 1636
142 124
436 1113
1872 1243
1895 191
870 577
248 703
981 878
1 1299
1438 21
1846 801
357 632
282 37
315 68
1274 1912
1006 1542
973 767
1942 564
1240 428
1823 1303
1306 1685
873 1722
1831 551
1255 1706
1269 418
811 1575
625 679
1781 1565
1675 1208
1869 588
381 87
1380 1502
1527 1299
1649 1807
90 1320
1267 529
406 218
1721 570
1212 795
1879 1148
2000 1447
815 297
21 310
6 178
1693 128
1802 1346
1499 512
194 519
562 872
287 1041
912 27
768 1726
1464 984
47 200
141 559
229 1429
871 1648
385 671
1768 787
57 1759
1369 1596
995 1460
1103 1376
1478 365
1190 837
217 1391
1298 1037
593 1846
129 497
1448 1410
1277 598
799 724
818 1415
356 63
678 1928
1356 828
760 1884
1715 962
1309 518
483 962
183 1773
487 1923
1360 486
766 1060
574 777
9 1669
385 381
958 347
474 1864
957 1281
458 540
1147 379
306 1026
778 1594
1491 1868
1886 1713
1234 1645
1383 778
881 733
398 996
506 527
589 1981
294 1642
1850 955
1182 966
996 601
649 1318
1981 231
677 117
182 910
1947 670
1055 924
1798 274
1735 719
109 1841
1227 1701
445 1287
1173 899
1616 760
724 80
520 1099
198 662
689 1918
225 38
1835 1373
823 1600
1738 1946
733 791
462 164
238 1778
878 1218
813 929
1564 778
1095 1935
1359 71
80 216
1488 655
924 1348
360 1686
1295 231
313 735
1352 834
1506 1085
832 37
592 438
1085 710
108 791
1466 312
91 607
1133 174
1585 5
376 829
1248 1408
841 1
1307 1123
151 1390
1560 1118
129 104
588 170
745 247
252 1613
1569 575
852 364
1614 1518
968 1580
1531 1377
1977 1794
652 1732
1728 355
668 816
1054 1410
693 906
1860 613
498 543
1914 40
549 1312
1578 1554
927 41
1197 1417
1202 253
847 618
1379 1632
1175 1380
1025 816
330 348
697 563
434 734
734 807
1704 1179
458 1796
967 1412
1728 221
1442 1808
548 68
361 1392
939 819
83 1524
142 1570
1743 1593
344 1845
838 1789
529 1773
727 1453
1471 162
86 10
1545 1702
659 1762
413 1267
1354 1215
426 1608
1864 573
210 224
1096 1639
868 1256
40 1444
629 428
901 1350
1778 749
48 1260
1363 667
1824 1817
674 483
552 194
496 1723
1628 1352
1098 224
994 1481
849 660
361 601
862 1423
297 453
497 412
1525 1305
1284 956
1371 854
279 818
771 1011
1900 1781
596 1929
1535 1059
720 401
1319 1692
548 950
1103 1670
548 342
891 1736
6 811
579 1403
748 775
577 897
1333 799
1959 1404
397 1861
1153 843
555 436
1090 1476
838 1147
1154 1225
962 1946
1401 1010
571 1634
85 263
1092 798
805 1932
295 1430
1030 492
1059 96
1276 1253
1685 1993
1547 1550
283 1711
1330 1593
555 915
631 1521
1763 1322
1767 1926
1711 546
1622 1706
1187 965
1466 112
70 704
956 540
390 834
1565 750
1874 13
669 1893
523 117
850 14
515 1643
1540 1348
1516 725
1758 1303
1 1922
1169 1231
240 1533
1077 1357
284 1387
468 195
429 412
1860 1023
415 1776
587 1028
227 94
616 1088
1774 1243
829 648
479 564
403 789
1160 807
431 158
730 34
1842 1999
1029 46
866 1600
166 1983
1483 718
1203 1892
732 1030
709 549
1054 45
1513 1713
139 1057
409 1604
1282 1576
1240 907
883 1049
1389 561
837 769
1223 1135
1489 519
1385 606
1402 412
1602 215
1627 1572
1601 1880
510 1152
168 648
1863 1241
1499 741
852 77
1264 1442
176 560
1447 1498
1508 1538
13 1960
1314 1561
942 1333
1314 1590
1196 1787
1584 1536
651 1950
1387 1685
416 1249
1009 561
509 1809
440 112
1161 1653
1156 1814
962 1951
981 978
1997 140
1426 1507
1072 853
216 1912
1554 186
234 1585
1252 556
1223 1908
1158 1369
408 1450
295 988
1008 640
587 617
1517 1315
1140 1150
105 617
1331 255
353 558
1194 1299
1349 1848
580 659
1549 1300
1285 963
465 1508
754 1533
443 1474
1487 211
744 803
1159 853
1288 1501
242 1113
1629 1308
1224 1596
1592 265
470 696
1656 1991
1786 777
877 1052
663 1444
1029 727
1885 1151
1514 1007
24 1958
418 1155
494 1766
1417 1770
1232 374
1328 620
296 1790
533 834
1033 1076
1438 549
76 1158
1304 449
1032 705
1291 80
511 1581
146 1882
884 803
1766 1079
1556 792
803 301
387 1460
3 457
427 225
447 1225
1297 1626
1373 1797
837 314
48 1529
980 82
1283 1255
452 305
74 1395
1793 465
1916 1976
1223 227
1920 1407
1469 1569
1915 1784
734 1129
1941 353
551 921
1394 1650
41 736
1376 331
1187 978
408 1011
357 1703
1023 428
1754 1872
354 1815
15 1289
889 379
590 574
746 1545
986 730
637 1503
574 1375
1664 697
704 809
192 1265
1023 1806
1951 23
847 211
1293 969
1149 1843
1080 944
1339 403
342 701
1044 1705
663 523
1674 964
286 1246
731 1854
502 93
618 359
863 1442
1631 59
249 1106
1760 1870
230 129
1016 1386
1512 736
130 386
911 1133
353 1990
1105 82
1599 614
1110 166
912 1080
303 11
1857 495
17 958
371 275
848 640
1291 1687
1988 335
1077 821
1076 1028
235 1471
1959 1468
1098 1870
688 1211
351 1026
1175 1876
869 1517
505 896
773 932
1080 896
1839 697
1311 1898
1537 830
15 1315
1423 1128
759 1426
1720 869
1369 825
1828 1411
495 967
582 1074
391 1769
328 1103
110 882
864 1245
1905 1368
1529 986
1247 1218
1772 1905
1292 566
723 1439
193 776
1594 479
943 1548
1072 972
316 322
1224 281
253 593
737 1871
266 1088
416 1072
752 1301
334 1111
830 418
585 654
1805 569
786 1755
1102 1616
1144 398
1690 1585
402 1837
396 1305
1623 1333
1877 1751
1888 670
734 1334
547 661
1264 1187
249 1545
1890 967
1021 1227
1434 699
1101 334
1825 1352
1011 1423
836 1254
1340 1537
1043 1398
586 944
238 1401
1728 1384
1796 136
1142 1288
578 793
144 124
1171 988
739 799
603 1394
151 645
943 1746
572 713
471 432
1562 1688
820 1118
1080 1073
915 1811
1520 447
1137 249
1238 929
819 1880
742 1187
249 960
1636 888
1450 1406
55 762
172 330
368 15
654 881
59 76
661 907
1374 1496
1503 1455
1087 1741
1345 568
1786 115
870 297
480 690
140 457
1082 1533
516 1154
315 1303
947 1300
422 30
1451 649
1925 781
1722 1107
1699 1155
1113 807
904 1493
815 502
1916 246
335 1157
440 1692
737 744
975 708
1831 1310
1702 1744
1587 1679
1475 998
641 573
1177 1989
1819 83
107 797
1808 245
1388 582
426 353
1388 1922
1355 1540
1863 1186
976 811
108 1144
1107 1087
1199 1069
639 1068
524 946
311 244
1143 36
882 525
136 1101
1957 131
419 1973
587 1099
1283 334
135 1508
861 464
1357 389
5 1261
758 134
1042 382
1927 1673
330 925
1612 914
400 166
237 1223
120 1627
807 1291
1155 841
71 76
449 361
858 1543
1168 1853
460 308
1641 397
821 1255
20 102
283 210
1191 1131
928 810
1137 1530
1930 151
1197 1562
1427 1638
1785 1779
603 1229
876 51
26 873
1964 590
1881 91
1845 1916
205 65
436 1108
1611 72
452 1384
875 1477
1978 39
1405 257
1516 806
1038 615
1256 1552
1202 1888
400 1060
773 891
505 1279
750 1413
1813 1827
232 1042
548 900
1958 90
705 1251
567 1156
114 1754
1055 1344
1368 247
198 1535
1505 1355
245 1760
1152 1149
253 107
850 993
1130 1238
1234 728
1474 949
757 1456
239 1605
1500 1161
1234 1599
698 1247
1692 885
1464 1702
1735 1660
1463 1264
1160 140
163 1588
1572 1381
1270 75
152 766
939 574
29 406
533 1940
1182 955
1015 1225
1470 1259
179 878
1690 364
126 1336
1950 1667
451 428
243 1572
955 1895
1531 921
9 407
62 434
1357 630
1051 922
1387 453
21 1767
1372 447
1419 774
249 1109
1479 1255
159 900
1855 1718
1717 42
537 630
1649 997
1674 795
1017 239
1230 1474
1417 1160
271 780
408 1012
2000 56
1727 310
1602 859
467 1716
1327 1648
206 118
758 477
485 1549
57 190
1081 1373
163 951
941 970
1076 887
376 147
278 713
772 591
699 441
1313 1538
1074 1959
808 1952
1444 687
527 1026
746 1078
221 1323
462 1764
1151 358
1812 811
1485 1542
1970 1425
308 1718
645 755
1532 1371
842 493
1936 756
1376 1052
122 186
1643 750
1821 10
1008 439
514 1163
1563 360
63 1298
638 861
1970 1693
144 1635
1215 297
535 703
1287 117
1756 1183
1641 1633
24 1587
323 1612
1014 753
279 1975
1008 1523
1457 473
1037 1470
904 18
1766 1371
1839 1841
1823 520
1136 1878
376 319
1972 376
601 852
1847 1909
1615 1149
1066 612
780 1687
216 1891
655 197
1812 360
1370 1798
167 937
649 301
77 37
658 770
660 1227
722 1804
543 1254
822 1572
1917 827
1269 1293
796 1460
1748 1550
832 1051
10 707
1467 578
1586 113
1504 263
381 1684
1913 203
1524 454
66 1036
544 384
17 1386
1123 1286
384 1332
948 1040
1317 720
338 13
1131 1444
1630 1816
191 1325
862 270
1934 1859
499 1058
968 1023
999 648
52 122
521 1393
1635 1880
200 218
767 692
1764 353
1956 271
1852 1849
828 1497
192 613
52 1331
1332 680
1540 107
1207 1764
126 812
1288 594
1775 1996
1743 908
1189 495
1632 1621
1037 1729
1616 1642
389 476
1707 1002
478 1916
1231 1183
1416 1900
305 365
1691 1222
1213 1796
1541 203
485 64
1968 1856
1874 1097
425 1999
1775 1412
230 1400
1973 394
1289 1700
910 392
96 714
581 1968
1209 855
1066 1858
367 1197
1981 1814
1124 712
1557 1676
1174 1167
350 94
926 1668
790 44
472 651
1949 1401
74 547
1283 589
508 1246
1800 1042
77 1122
1282 749
213 370
1276 1193
1836 1476
696 992
800 78
1484 1896
335 962
1914 966
950 1025
1364 885
744 285
286 1961
1385 546
443 1718
66 1901
1845 454
737 1470
30 756
604 1162
1633 1912
895 306
1650 1265
592 1419
1185 455
1556 91
973 129
1953 472
1145 351
594 1161
797 977
955 1917
853 871
1747 739
1868 483
1485 1574
1354 715
390 1316
1099 1494
366 1638
1678 1485
879 373
1662 1807
1994 1538
1694 1251
1170 231
1334 1140
95 1138
368 1973
531 1853
1492 119
1057 889
504 1188
1388 1533
426 1798
808 52
138 882
1146 1262
169 881
690 1123
1882 182
275 1396
889 1215
1932 1455
913 1954
1965 131
1693 1461
1794 738
1751 159
1893 1951
1538 1119
1214 654
768 500
1383 1525
694 905
309 1692
558 1821
384 524
1999 1149
1147 633
792 102
1233 668
1824 924
1317 420
994 539
1490 607
1081 1335
612 754
1654 1941
1363 783
437 1882
1145 461
274 56
1869 495
1492 1554
1122 677
1138 1130
1341 1238
1085 910
36 1943
32 300
1799 1012
1618 592
507 212
1284 656
180 69
558 744
307 639
90 1778
1885 1612
1861 732
2 985
732 1883
1791 1109
1190 970
292 1841
1435 137
607 1678
704 605
1781 1385
999 213
1164 828
204 274
468 416
1409 1163
1614 1426
1045 1126
1692 660
1734 1955
167 766
369 1618
1453 660
105 1007
374 1850
1872 633
644 1796
1221 1376
1518 1224
1421 1890
524 160
1692 1746
491 33
744 1199
1538 1452
1105 1712
950 388
1532 1750
1725 997
1328 902
125 802
1822 1446
1678 1992
647 1289
1382 1496
350 614
514 481
599 395
263 275
981 293
1842 1827
1697 274
328 1303
1972 1617
1311 750
941 1109
1788 638
1183 190
479 1191
260 619
240 899
1278 1688
1569 1783
163 356
220 1375
1121 528
1436 574
1368 330
818 1110
422 1123
1953 1093
1551 1836
686 1623
1527 415
187 1251
177 341
1710 1607
1668 1018
960 1493
403 1131
557 72
1921 118
276 866
363 1317
1843 875
1582 1828
1829 1336
749 1990
1548 1462
1033 1339
1179 1479
1098 100
288 1104
1189 737
1419 1453
495 628
1269 1205
1802 641
973 867
936 1062
1200 1144
1984 1029
701 1218
1157 37
525 403
916 452
234 1843
1911 186
911 404
115 569
1237 551
759 1581
1968 1672
1889 719
829 571
1902 673
1176 471
80 1066
1313 443
894 727
1744 602
642 1087
156 1192
1876 1692
742 1761
1211 1008
153 1485
1356 1137
1348 1620
300 596
407 1669
1604 1894
754 1610
1786 81
1748 1220
1265 434
1120 1648
636 914
94 735
187 1514
1467 865
1605 853
1382 637
1394 1646
1715 111
1778 1171
129 822
1250 1857
1384 468
1819 1475
576 955
1808 130
1249 1854
1615 1517
1494 1591
253 618
1764 1448
116 1382
1955 976
7 1314
673 1407
974 194
827 1508
1919 101
79 865
411 1694
1418 1245
563 337
401 1061
1005 344
1836 1633
1233 405
720 1463
782 165
716 370
132 1248
1684 1705
487 90
997 823
449 1068
376 1672
1056 196
786 687
423 266
655 86
1493 898
1738 712
1008 1516
1088 815
43 1536
297 1583
1766 1523
121 638
112 756
421 1643
244 1356
1448 622
1310 458
1840 1136
774 1674
1991 383
1652 1846
1259 1321
1899 323
1654 17
636 322
1236 1939
1910 143
581 1042
19 1132
549 576
545 200
355 1005
1644 1250
772 65
1806 1538
568 749
451 1689
23 901
825 1343
326 1471
958 1134
260 1343
1302 864
1902 1963
1137 238
133 425
1171 1845
1552 29
1887 612
1660 354
1343 1348
179 349
1740 1110
289 486
849 868
726 560
1686 1944
538 1023
1103 1825
545 1499
1567 680
1984 457
815 880
1840 1720
919 1051
1814 501
1365 761
1100 880
1108 1604
910 137
380 1188
1622 945
59 9
507 58
1959 536
5 947
1016 1804
868 846
1207 729
1204 1931
908 83
855 862
124 913
1282 447
1263 248
901 1878
11 1652
1163 578
1193 542
520 1003
811 4
446 1064
313 694
1500 1867
206 572
771 936
1968 1803
1744 1245
1660 1500
1372 1282
1289 86
1687 417
8 401
923 1239
991 1768
672 1141
810 465
1290 1357
121 1666
594 1582
951 1509
690 1041
1611 1106
1518 1452
280 1170
1125 456
389 1763
1300 1206
1292 1716
416 337
1503 1243
1973 151
1547 346
658 525
1904 1442
266 1277
669 43
815 126
929 1960
978 1832
71 1722
141 1918
1109 1212
1829 1595
785 1044
1789 396
1405 129
1073 1712
1437 1541
1206 1176
173 376
1702 900
716 311
1867 1569
1044 895
945 1108
1264 424
1346 1295
1261 1089
300 1348
1304 53
104 1148
1048 1464
1542 416
380 1976
1998 1845
1309 1639
1179 1056
1894 1324
1515 377
589 827
531 172
1181 1797
1412 903
176 1572
64 1340
264 1024
1351 1054
675 1382
1939 1019
329 1240
906 805
324 1071
1384 622
1898 913
1215 1279
68 1752
630 692
381 894
1478 883
1723 1963
1875 1219
39 1887
682 157
1656 374
1544 1482
805 1902
1396 286
1561 927
190 1324
1742 352
1833 185
1619 453
1236 351
966 942
1359 717
345 1570
778 1424
1563 1714
1046 1362
1490 740
901 838
398 1712
973 322
597 1636
1388 1036
1032 731
378 190
7 894
1537 1358
575 1059
1590 305
1284 659
1464 1663
800 122
878 1932
1832 264
958 1937
47 299
752 428
82 1656
945 771
1172 507
401 881
1563 1977
459 505
164 1903
1851 1700
418 985
1979 671
414 149
1860 1119
1035 919
486 1738
1779 462
1299 1349
1275 1255
764 3
1813 1212
339 769
867 976
193 583
748 1101
250 95
536 148
631 161
93 316
1773 376
16 795
851 1752
1557 133
1006 1058
452 204
860 548
43 758
1421 1672
590 887
1039 184
1882 1003
1067 1851
1428 1281
744 959
587 1400
1996 1642
213 1441
1117 1516
162 236
1788 430
1001 943
1308 1914
1213 284
1582 643
261 1370
155 804
430 1924
672 1195
934 194
779 1504
797 1763
27 1167
363 636
1144 1402
122 1141
1022 1730
1240 945
1361 852
1577 1206
934 321
395 1020
1662 1447
1440 338
1842 1513
1146 731
647 442
454 1552
1486 1274
776 630
854 492
976 471
1627 1220
701 251
317 1308
1593 761
805 204
1190 793
961 892
1587 1652
1565 1286
1229 341
1062 276
777 1780
610 1296
1183 284
1201 1389
1989 601
461 358
62 1629
1909 1071
770 1921
416 1435
464 442
899 1924
1777 176
690 1347
140 1832
702 998
1831 1907
1017 1670
1848 1246
732 1868
327 240
1091 804
667 901
1048 108
802 106
676 580
1897 565
1637 1452
614 970
938 869
392 620
78 1493
1461 1964
1640 1258
1173 1659
1162 925
1371 1553
308 1357
815 1735
21 1392
1678 2000
1286 1933
82 524
995 1031
878 1256
676 1322
706 457
682 182
887 614
1928 891
817 180
1433 733
558 1167
47 1577
1990 1356
1597 581
1212 563
739 1795
236 895
440 1671
1695 1114
1419 849
1402 178
986 618
779 186 1811 2000 389 1205 389 2000 1616 779 1412 2000 1205 186 779 1205 779 1205 1412 779 1616 1616 389 587 186 2000 1412 587 587 1412 186 1811 587 1205 587 2000 1412 1000 1000 779 1616 1205 1205 1811 389 1616 1412 779 1811 389 186 2000 1205 186 1811 1000 186 1000 1811 587 779 1000 186 1412 1412 1000 1205 389 2000 1205 1412 1412 1000 1412 1811 1412 1616 1412 1412 587 1000 779 1811 1000 1000 779 186 779 1205 1000 779 1616 1000 389 587 186 1000 1205 1412 1412 1000 779 186 1616 587 779 1000 1811 1616 587 186 186 779 1205 1811 587 1616 779 1811 1412 186 2000 1616 1412 779 1412 389 389 1616 2000 1412 2000 1616 186 1616 1205 1205 779 389 2000 1412 1412 587 1000 2000 2000 186 1205 2000 186 2000 779 779 1811 1616 186 2000 186 587 779 186 1000 389 587 2000 1412 1000 587 2000 1000 587 1412 186 1412 1616 1412 1811 1616 587 2000 779 1811 1205 1616 1412 1811 389 1616 1000 1000 1811 2000 2000 389 587 1000 186 587 1811 1811 2000 1205 389 389 1412 186 1811 186 1616 1811 1616 2000 389 1000 186 779 389 1000 2000 1205 389 779 186 1811 1811 587 779 1811 1205 1616 1000 186 1616 389 389 1000 2000 1205 1000 587 779 1412 1811 186 1811 1000 389 587 1205 587 389 186 1000 1000 2000 389 1811 2000 2000 1811 779 1616 1000 2000 1205 1811 186 1000 1616 1205 1205 1412 1412 779 1205 1412 1412 186 186 1616 1412 1412 1205 2000 779 587 2000 1811 389 389 389 1616 1000 779 1205 1000 1811 389 1811 1811 1811 1000 1412 1205 389 1205 389 1811 587 186 186 186 186 1000 389 779 779 1811 389 779 1205 779 389 186 1412 1000 1412 1000 1412 389 1000 2000 1616 2000 186 1616 1205 1205 1000 1205 1811 587 389 1412 389 2000 389 186 587 389 587 1000 779 1205 1205 186 587 587 2000 1205 1616 1000 1616 389 389 1616 1000 1412 1205 186 1205 186 1616 1811 779 186 1616 1000 389 587 186 186 1412 1811 186 2000 1412 389 1811 1616 1412 1811 389 2000 587 389 587 1811 587 1000 2000 2000 779 1205 587 1000 1616 1616 1412 1811 1000 1616 1811 2000 1205 1205 779 1000 2000 1616 186 1205 1811 2000 1616 1000 1811 1412 1616 186 186 1000 2000 1000 1205 1412 2000 1205 186 186 587 389 1811 1616 2000 779 1205 1412 1616 779 1412 389 1811 1000 2000 1412 1811 2000 779 1811 587 779 587 389 1616 587 1000 1000 1000 779 1000 1000 779 779 1205 1811 186 2000 779 1616 1412 1811 186 1616 1412 186 587 389 779 389 587 389 587 1205 1205 1616 1616 587 1000 2000 1205 1000 1811 1616 779 587 1000 587 1811 1205 1205 1616 1000 1412 186 1811 1616 389 389 779 1616 389 389 1000 779 1412 587 1000 1000 1811 1412 1205 2000 2000 587 1205 1811 1412 1412 1616 1616 2000 587 1811 1811 1000 1412 389 1616 389 1205 389 779 2000 1412 2000 1412 779 2000 1412 186 2000 1205 186 1811 1811 779 389 1811 389 389 186 779 1000 186 1811 1811 1000 186 1000 389 1616 2000 1412 1412 1412 1616 1412 1616 587 2000 1205 1205 2000 1205 1811 1811 1811 587 389 1616 587 1616 587 1412 1000 779 1616 1000 389 1000 587 2000 389 1412 779 1616 1000 1811 587 1616 389 1811 1811 779 389 1412 1616 1811 1811 186 587 389 389 1000 389 587 186 389 186 1616 2000 1811 2000 1412 587 389 389 2000 587 1811 779 1000 2000 186 389 2000 779 1811 1205 1412 186 389 587 186 1616 186 587 587 779 587 2000 1205 186 587 1000 1616 389 186 1412 1616 2000 1616 1412 1616 1205 1811 779 1412 1616 587 1811 1412 186 186 587 1616 186 587 779 389 2000 587 1205 1205 1811 587 779 587 2000 1205 389 186 186 2000 186 1412 1811 2000 2000 1616 389 186 587 1000 1412 1616 389 1000 1412 1000 587 2000 1000 389 1616 587 1205 389 779 1811 1811 1412 779 389 587 587 2000 389 1412 1000 1412 1205 779 1412 1412 186 186 1412 779 2000 1811 1000 1811 1811 1000 1811 2000 1000 779 1616 2000 779 1412 2000 2000 1000 389 779 1205 186 1000 186 779 1811 1412 779 1000 1000 1811 1811 779 1000 587 1205 1412 1000 186 1205 2000 1205 779 587 1616 1205 1412 1412 2000 779 1616 1205 1412 779 587 1616 587 1616 1412 1000 1616 1205 1412 1412 1000 1811 587 1616 779 389 1000 1000 1412 779 2000 186 1205 1000 389 186 779 779 1205 1616 1205 1000 587 1000 186 1205 186 389 1616 1000 1616 1205 587 1811 1811 389 389 186 1205 1000 1616 779 1412 779 587 779 1811 1000 2000 2000 1000 779 186 1000 587 1616 1412 2000 779 389 1000 1412 1412 587 2000 389 1616 389 186 1616 186 1811 779 1811 1205 587 587 389 1000 1205 1205 186 1205 1412 2000 587 1811 1205 1412 1412 389 1412 389 1811 587 1811 779 1616 1412 186 1000 389 1412 1616 1616 779 779 1205 779 1811 1205 1412 1616 1000 779 1000 779 1205 1000 587 1412 1412 1000 1000 1000 2000 389 389 389 1811 779 1811 1616 1412 389 1412 1412 186 186 587 587 1811 1000 1205 1616 1000 389 1000 1412 779 389 779 1000 1000 1412 1616 779 587 186 1000 1811 186 1412 389 1000 1811 186 2000 587 779 1412 1811 1616 587 2000 186 2000 1205 1205 779 186 1412 1616 389 186 186 1412 1616 1616 587 1205 1205 389 1000 1412 1412 186 186 186 1412 2000 779 587 587 1616 1616 389 1811 1000 587 1412 1811 1000 587 1412 1616 1000 2000 186 779 1811 1616 1000 1811 1811 389 587 1412 1000 389 186 1000 1000 389 1616 587 1000 2000 1616 779 779 2000 587 389 1616 389 1205 186 1412 1412 1616 587 587 1811 587 1205 1412 587 389 1616 389 1811 1616 2000 1616 389 779 1616 779 1000 1412 779 389 1205 1412 1616 2000 1205 587 1000 1811 1616 1205 2000 1412 1205 1412 2000 1000 1412 1000 1000 1205 186 1616 1616 1000 1000 1616 1205 389 1412 1616 389 1205 1000 779 1205 1412 1412 389 1205 186 1205 779 587 1205 2000 2000 2000 1811 587 1000 389 1616 779 1205 587 1205 1616 1811 779 1000 186 1616 1616 587 1205 587 1412 779 1000 779 1412 1412 779 1412 779 1412 1205 1412 587 1000 587 1811 1000 1000 587 1000 779 1000 2000 2000 1811 587 1205 1000 779 186 1811 1205 2000 1616 1000 587 389 1811 186 1000 2000 1205 1205 1000 1000 779 1205 389 779 1205 2000 2000 1412 1205 587 186 1616 1412 1000 2000 1205 1412 1205 779 186 1412 1811 2000 779 1811 587 389 2000 1000 1205 779 186 1412 2000 1205 1205 1000 2000 587 186 2000 1205 1811 1205 2000 1811 587 1616 587 2000 2000 1000 1412 389 1000 587 2000 1616 1412 1811 1616 1000 1811 1205 2000 1000 587 1616 1811 1811 1616 587 1811 1412 389 1616 1811 1616 2000 2000 2000 779 1811 779 1000 1000 186 1000 389 186 587 1205 1000 389 1616 1000 1205 389 2000 1205 779 389 2000 1412 2000 1811 389 779 1616 1616 2000 587 1000 389 1000 389 1000 1811 1811 1000 1205 1616 2000 2000 1412 1205 1205 587 1412 2000 1000 389 1000 587 389 1811 1616 389 1000 1616 1811 779 186 186 2000 1811 1412 1811 779 1811 1205 1412 587 1000 1000 186 1412 2000 186 1205 389 1811 779 1616 1412 587 1412 1205 1000 1616 587 1811 587 1412 587 389 389 1000 587 2000 1000 186 2000 389 1616 1616 1616 1811 587 779 779 1000 1616 1205 1616 186 1412 1811 1616 1412 2000 1000 186 1000 1205 1412 1811 1412 587 587 2000 1205 1205 389 779 1205 389 1616 1412 1616 1412 1205 587 1616 587 2000 1616 1205 779 389 1616 186 1205 389 1811 2000 1205 389 186 587 186 2000 1616 2000 1412 1205 587 587 186 779 779 389 1412 389 186 2000 1811 1616 186 1000 186 186 587 389 779 186 2000 2000 779 779 389 1616 779 587 1811 1811 186 779 587 1616 186 389 779 186 1811 1205 1616 1616 1412 587 587 1811 1205 2000 1000 587 779 1811 2000 1412 1616 389 1811 389 2000 1205 389 1205 186 779 1412 1412 1205 186 1811 186 1205 389 1412 1205 1205 779 2000 1616 1616 779 1205 587 1000 1000 1616 186 1811 389 1616 1811 1811 1205 1412 2000 186 1412 2000 779 1000 1616 1811 186 779 1616 186 1811 1616 1616 1616 2000 389 2000 2000 1412 779 186 1412 389 1412 1811 1616 1205 389 1412 2000 1811 1616 1616 1811 1811 1205 389 779 587 389 587 389 1616 1205 2000 779 1412 1811 779 1000 389 1412 1000 389 1205 1412 1000 1205 2000 1616 389 779 1000 389 186 1412 779 779 186 1205 1811 1811 1811 1412 1205 779 2000 186 1412 2000 779 389 1811 1811 587 389 1000 1811 1412 1616 389 2000 587 779 186 1811 389 1616 389 1000 587 1616 389 1616 1205 587 1205 779 1000 1811 1205 1205 1811 587 1811 1616 1000 186 1000 1412 1616 1000 186 389 1616 1205 779 1616 1412 779 389 2000 1412 389 389 1205 2000 186 779 1616 1616 389 2000 587 389 1000 1000 389 186 2000 186 779 186 587 186 1000 1205 1412 1205 587 1205 2000 1205 1811 1205 2000 186 1000 1205 1811 587 186 389 2000 1616 186 587 2000 186 389 587 587 1205 779 1811 1000 1205 389 587 186 2000 1412 1000 1000 2000 587 186 587 389 1811 186 1616 587 389 389 1205 2000 779 587 1000 186 1811 1811 1811 1000 779 587 1205 2000 2000 1412 587 779 389 1205 1205 779 1205 1412 779 779 1000 1000 1811 186 186 779 1000 1616 186 389 1000 1811 1616 1616 1616 186 2000 587 779 1616 186 1205 1000 186 389 1811 1412 587 2000 1811 389 1616 1205 1205 1000 1205 389 1000 1000 1811 1205 779 186 1000 1000 2000 2000 1205 1811 1412 587 1205 2000 1412 1616 587 779 2000 186 1616 186 1616 1205 779 587 779 1205 186 779 389 1811 389 389 1412 1205 1811 1412 1811 587 779 1616 587 389 2000 779 389 1811 1000 186 1412 1811 587 1205 587 1205 1616 587 587 389 1616 1000 779 2000 587 389 587 587 587 779 2000 389 779 2000 587 1412 1811 186 1205 1412 389 587 1000 1616 587 1811 389 1000 1205 1205 186 389 1811 587 389 779 186 1205 1616 1412 1205 1412 779 779 587 587 186 2000 1616 389 1811 2000 186 587 2000 1412 779 1412 389 389 1412 2000 779 186 2000 186 1000 186 779 1205 1205 1811 186 2000 1000 1412 1000 1205 1412 186 1205 1205 587 1000 1616 587 1412 1205 1000 389 779 587 1616 186 2000 587 389 1205 1616 1000 587 1811 1000 1412 1811 1616 1412 1000 2000 186 1616 779 779 779 779 1616 1412 779 2000 779 1205 1000
