2000 4000
1657 1908
589 714
1657 81
1966 685
1424 1950
1025 1214
1129 1109
1861 392
1553 1609
1337 1901
1335 1920
92 762
1716 1541
1502 1875
207 984
1668 766
363 2
1194 739
338 258
1973 1367
650 853
902 304
1063 683
1054 1541
631 1059
945 1714
532 1891
364 673
1563 33
473 1664
718 220
577 87
832 355
553 115
560 1720
844 1182
175 659
50 1696
1762 373
1337 165
369 1670
824 1992
1862 1803
1837 1466
1896 546
721 587
410 615
1923 449
373 430
448 1392
1509 234
1344 153
1215 1306
287 580
1557 1185
1963 585
919 66
1658 1729
1654 500
962 1043
672 420
1690 1328
410 1933
957 150
1713 282
475 1173
171 1069
1483 1734
942 1869
349 1792
1627 1401
1151 1479
1813 1199
856 1525
1885 1955
1416 1134
346 1920
18 685
193 830
1503 1355
1211 217
1571 140
1572 1074
1814 785
198 296
1236 1326
1855 1735
1753 1129
678 898
151 1521
1217 654
1842 1432
1909 1120
1722 835
1542 332
1803 252
225 814
993 767
8 1278
990 1468
733 1869
742 547
214 43
1179 1514
1657 340
20 905
994 492
1396 281
1377 1896
7 281
32 255
25 573
918 1237
670 408
427 1039
1089 11
605 1556
792 177
747 1921
1231 419
568 898
564 923
255 1554
1848 241
1686 1582
330 373
1683 1992
1388 497
1685 520
1680 220
192 1598
212 1695
450 328
1829 1810
737 1825
909 186
536 556
1199 1222
119 1940
623 817
297 456
107 1435
1575 1478
323 1954
1590 1702
1725 660
145 957
600 416
1683 621
1749 341
1954 244
989 1038
1668 1264
1584 1969
483 1579
401 114
1342 1467
156 1608
861 213
1589 531
369 409
1135 1249
557 525
1575 182
1053 375
1757 1054
1818 631
1959 1123
1055 1464
1924 1725
662 1321
1972 898
282 300
487 1821
336 88
1744 1169
83 642
92 821
660 229
278 1131
1060 860
1249 759
1114 1686
116 903
1549 1897
621 679
262 430
855 1619
1966 272
1465 485
1028 1187
351 1407
1124 1274
1791 158
1459 1029
837 1349
1976 11
1153 1680
170 1957
1683 1889
852 619
526 1382
1285 413
280 269
1937 1181
422 359
1074 1592
1142 1807
1692 1005
720 1065
1580 239
516 501
826 1151
56 554
576 1613
74 1719
801 90
1773 1562
1415 315
1164 385
1526 1248
103 1841
1654 875
805 229
1299 1685
358 428
210 1936
1672 728
1892 516
1741 1067
756 91
1724 32
1605 95
1613 1911
1250 1615
22 563
1056 1654
853 1470
873 1502
1876 717
1455 227
352 501
1942 762
521 1060
175 1026
923 1724
1785 885
339 488
1731 725
1972 1662
767 1206
1019 617
1811 1772
469 651
1694 1938
1415 882
470 35
903 941
1837 939
588 1675
1614 285
66 1828
1908 1443
540 1839
226 177
587 1974
1142 696
322 1006
1886 1350
326 769
1416 1184
1297 1600
1594 132
900 1709
1589 1326
383 891
1273 1001
1025 519
152 1429
949 1278
38 1293
369 1932
223 278
316 1065
268 945
1050 1487
1321 305
1525 1267
696 1443
1175 1215
1690 602
1101 331
730 3
978 24
309 1204
168 876
766 1220
1599 1710
414 576
1219 646
1319 291
982 178
1383 918
760 1371
602 856
1769 1722
239 1921
1944 1857
1420 474
1671 1643
362 1812
1971 1714
981 1891
1688 1939
1087 139
1239 1971
676 1116
147 128
1722 707
1552 281
106 1809
940 1395
639 851
19 1102
783 566
1515 1624
1030 1476
1056 723
723 1602
16 966
929 124
1533 862
811 406
1440 1602
71 1998
1964 1872
1940 1504
1629 1446
8 550
1257 1623
1096 1909
1543 1799
1865 722
776 1847
6 89
704 213
1467 1865
1051 1870
1545 1516
239 1263
1669 929
946 1972
1747 962
1791 1197
1276 965
984 26
1840 1158
531 697
1634 314
1377 1112
1547 97
1165 1128
855 298
1265 1193
667 506
224 247
415 754
1974 489
460 1892
333 1439
1874 851
617 1765
1678 639
847 27
922 1308
1960 626
1569 614
145 330
1192 123
427 1844
1677 1350
703 436
952 283
1537 1858
1776 1606
164 1
1442 1288
255 159
14 483
1453 1136
716 870
902 346
975 1463
1846 1168
1476 45
126 298
299 534
186 710
628 879
1304 465
1570 1230
1093 1400
1835 1260
555 737
231 1064
383 1672
1064 1501
1441 1309
1716 1630
1764 844
537 150
1831 703
1649 744
766 1015
1457 644
1101 1031
844 555
127 875
1463 279
1962 1815
1292 382
1263 1895
1082 739
882 445
619 757
1478 820
1604 834
273 4
1569 1644
1611 376
1086 1143
18 1536
1922 801
1270 1713
532 1412
1506 525
1715 409
1892 411
1870 1743
1957 606
1283 70
666 2
736 1331
1380 1241
375 525
1508 1450
1294 691
57 1095
1731 1752
1447 683
1623 1352
861 1303
198 504
1918 676
1452 1140
1478 1015
1904 941
1244 1712
1609 1364
1847 1672
1376 1639
790 1613
1464 988
1453 89
903 599
841 950
699 961
294 1248
1760 299
1991 597
1541 1529
1719 1311
449 515
1192 540
841 316
838 336
1406 305
1937 1265
1110 1629
550 1388
778 934
1304 226
362 914
1927 496
1379 1205
472 717
771 46
484 1826
113 1582
909 1263
1453 1782
568 248
45 818
1640 1885
964 1777
1258 1799
660 64
889 675
1406 1966
1563 562
628 228
726 249
1628 831
1352 1426
4 440
1530 1838
881 631
410 1621
1998 44
1189 1935
1545 223
1404 597
1437 1293
1216 939
873 699
621 386
994 1345
325 795
1795 761
645 381
1757 736
634 192
617 1221
1582 1244
1998 458
1327 761
220 347
1905 1435
995 1225
938 1289
534 1097
165 740
827 74
1950 403
1181 1785
166 1971
1296 1287
63 1580
1601 1961
205 1162
1357 229
605 526
1609 1310
970 122
1603 1237
897 695
81 502
445 1173
1979 346
1504 67
576 1319
12 367
1626 1536
746 650
769 460
1750 1049
1112 247
1323 1297
1797 1284
804 1113
1176 763
1320 345
1058 1752
1207 353
1912 210
1896 928
190 1113
1159 1758
474 5
1092 1962
1083 1399
1065 1219
745 918
1153 1530
1990 218
1247 1177
392 488
98 366
1753 1486
1126 214
260 1611
1713 1568
142 1302
612 804
88 293
103 435
1533 701
1224 1995
1527 1909
1613 1239
1009 827
1784 635
1523 1808
1115 843
366 943
1339 169
1662 969
979 1252
1526 1976
1475 826
1722 1811
1411 596
1691 283
703 1880
692 695
1437 443
447 485
347 1475
340 1986
938 1489
1559 867
23 716
1520 24
180 1367
539 534
1486 1744
169 1585
1544 1203
1542 748
1949 1038
1283 1658
425 1631
549 1881
595 988
1516 851
461 1784
1179 736
564 1778
815 458
1134 1272
748 1749
1908 1954
1472 479
687 688
584 1734
1814 1341
1514 1606
1511 1134
1069 1787
1512 131
1131 1467
1446 648
1661 883
1714 867
1686 391
739 54
1325 1368
1641 1916
1157 1845
1277 1717
600 1072
1619 1112
1528 1916
1828 43
1429 1528
698 1548
397 1337
7 930
406 732
1307 1297
587 1289
1735 1120
947 1995
355 527
611 644
666 169
1105 1322
1805 418
404 182
885 1495
235 1711
45 137
194 622
1463 251
1082 182
1334 1384
594 1077
366 1079
1519 64
834 751
241 1589
1804 506
1639 585
898 156
1460 1464
603 260
558 153
884 387
397 1935
485 1477
1842 1525
951 573
1108 62
615 1284
1966 1934
1686 1156
695 775
13 1280
245 1708
1550 1417
749 1039
395 1459
668 998
62 924
1137 1100
845 1030
1728 1364
184 515
300 1058
1734 1766
1787 1625
905 104
759 476
1299 1759
1550 1972
805 233
801 1295
471 1945
1167 531
1114 1117
1053 911
493 58
321 662
1131 409
1240 1560
572 445
1576 1368
765 582
423 271
450 1892
1112 82
962 610
1941 1544
1760 1197
1192 698
811 1268
1095 131
1632 942
784 1173
538 1436
37 1818
1065 1039
1060 775
1120 1490
812 368
955 1245
1883 1572
1586 438
1174 1864
1639 1966
1204 1549
814 1847
147 1092
923 1914
1445 118
1325 1675
896 1102
1377 1912
1314 1524
1746 1964
227 1724
506 412
766 786
267 1720
1589 1199
1912 58
1523 1947
446 982
1855 1361
1144 317
437 500
256 1507
1892 1414
1233 232
1163 1393
1301 1817
401 457
532 1915
1607 740
1555 846
982 1969
699 1192
153 165
1075 261
1384 367
191 78
818 1979
1494 1447
1893 807
426 705
1894 945
182 740
305 1531
430 1860
264 1084
1457 1534
1339 1518
1456 185
204 1532
1618 1546
877 343
1937 710
1826 1720
1418 1442
622 527
290 1070
539 916
448 626
1011 1073
381 444
1610 1153
1575 1405
641 692
1063 1444
322 1673
227 908
74 1395
1256 1685
158 746
1518 1209
1275 225
570 702
1865 949
649 10
797 33
927 5
1584 576
1554 1362
269 1949
1492 1038
1163 735
738 332
1041 1270
654 3
1084 1615
995 1988
1796 1869
1698 1829
826 695
661 115
881 1647
555 412
20 987
1562 1633
1698 464
1688 1610
1368 517
1213 1811
667 1206
466 1020
824 312
537 832
89 1474
1941 1916
1714 1663
644 771
1495 764
1241 719
1097 1834
1356 944
1760 135
1277 1475
25 556
1165 1129
1900 475
1898 629
1523 557
610 688
763 878
858 219
483 85
1698 445
1543 1086
1702 1298
698 717
1189 1576
1281 860
1727 942
1458 1742
632 1002
1890 857
1731 1091
1565 1232
1689 1205
1169 1697
1098 1885
428 222
1157 1856
43 1874
1337 658
1902 1523
865 275
757 1416
354 121
231 1790
878 711
1797 299
1294 1384
88 279
166 1850
1664 294
1265 587
1 62
1571 632
200 1315
1143 737
1127 59
1463 448
335 729
973 348
1069 1402
1437 1468
1569 1950
1033 733
1789 1130
1811 894
1075 1486
25 1165
731 82
1998 829
220 90
212 1643
1624 785
1276 1188
242 1041
1522 597
335 110
1557 392
1841 257
474 637
700 714
1543 352
113 1572
233 1707
452 938
1290 1934
851 1475
901 629
249 1237
1694 1204
900 1889
383 1943
1074 712
265 1445
1237 202
1278 226
231 1874
1885 1688
1624 1232
1862 1253
107 1956
1252 874
491 1583
566 1746
372 344
1695 1199
1945 78
1317 898
1082 1148
64 1839
296 1610
4 161
1448 1048
1234 1688
1747 119
758 302
1872 679
808 607
1086 1475
1391 1270
768 1990
87 1384
1742 986
1658 80
1895 828
337 200
728 838
12 680
591 1197
937 1477
1367 1445
819 1580
98 752
1667 1202
437 593
675 746
226 1165
1585 1845
1990 891
1341 1170
1847 538
867 1750
1472 82
1545 1198
1506 1896
1824 1339
1207 649
473 1127
602 1365
578 1758
1431 52
825 1201
1353 1363
550 912
1244 2
502 1514
643 1983
478 212
1219 1124
755 281
1690 1836
1556 303
844 883
824 993
1275 1565
794 964
951 1495
65 512
295 356
267 702
1314 757
1619 196
255 341
861 1120
1996 1724
536 1470
1185 1825
263 1156
1039 484
1061 992
1093 1573
635 488
1897 132
761 513
766 970
1181 1814
1823 1372
1479 1284
1404 1650
88 1699
1228 1042
1543 441
1575 1280
737 38
662 1555
1447 71
502 1408
1082 287
1645 27
187 973
1064 1489
1465 1514
1925 826
646 573
145 1244
335 1786
823 1214
585 1524
1797 1381
1232 669
437 706
394 336
306 1365
1600 519
363 386
1736 1774
1179 1815
1863 1404
1946 565
1350 1119
1883 1409
647 1316
1668 1479
65 190
76 1441
1744 234
270 862
1801 1874
806 390
122 1213
1174 1752
1814 649
995 1923
772 513
386 1868
507 957
844 484
454 1572
1658 1830
96 986
3 197
286 1273
1474 626
494 1910
534 1485
656 957
901 779
330 591
890 1366
1815 658
1947 1423
605 379
1747 1291
117 615
618 738
550 385
925 1131
1563 1140
180 550
1795 840
1643 1744
1412 93
1384 1659
1665 1484
1113 798
146 789
1848 518
1304 489
120 540
781 537
1091 1270
880 795
1928 894
487 1293
1265 1370
958 679
1612 317
933 907
638 943
759 748
590 1923
1868 671
661 598
682 1486
553 503
911 1363
533 1129
220 853
598 477
469 1019
613 411
1504 663
244 585
804 1958
1708 1024
1328 748
971 1628
1437 1505
561 947
829 598
1253 1513
1822 1508
706 1794
130 897
1072 1628
680 675
1569 51
78 74
1198 881
1211 579
1710 1941
1640 126
1884 110
1419 647
1974 1040
1059 1036
1873 1738
500 344
660 384
796 1398
1982 496
836 131
1940 1989
429 191
24 1628
1985 528
1304 1953
1319 172
417 1253
618 1876
1726 1821
1886 974
1613 500
875 1998
143 456
1945 1875
137 1941
994 669
932 1243
1656 158
656 76
702 1995
1217 781
5 1625
908 1548
189 914
953 913
232 1279
1165 724
444 1575
1707 214
200 619
576 964
1759 1208
769 1321
496 1019
80 1101
814 1844
714 874
1053 1090
1500 1826
1750 1998
1138 732
967 1915
900 892
1385 1540
542 1785
1744 202
1262 1681
147 1305
141 558
1875 1612
551 259
890 1051
636 1799
417 1093
1023 1682
1405 1004
436 1404
858 495
275 1092
840 496
513 1084
678 309
1611 1928
1691 610
378 431
197 1967
1436 1110
1963 193
760 1311
464 212
1133 1292
1556 1994
345 1661
1748 639
163 1240
1099 1161
416 1632
818 171
1950 1346
107 1371
206 1313
1286 1975
1894 49
1502 386
610 1704
1909 907
1672 1872
1229 28
733 726
292 452
678 502
472 1994
1835 1277
1591 1967
910 1409
1345 888
214 329
652 638
478 1603
1028 1642
17 1151
1601 59
20 651
683 258
768 213
68 1440
1661 717
509 1287
658 378
518 1222
1108 298
1845 1321
1843 723
1485 1865
1895 150
1963 307
1816 122
1464 1854
744 747
864 1260
1737 256
1548 747
1454 1036
1613 1157
1124 1007
684 1459
1208 492
515 1737
531 1087
111 1288
1165 289
1727 1532
1835 972
1089 1440
425 1684
722 1230
504 229
63 1789
597 76
1901 1973
534 917
835 256
919 1398
885 251
346 916
1910 43
726 101
1329 1483
1002 1346
1228 1915
27 1516
1310 423
748 520
1172 1811
186 880
448 1274
339 1588
1463 317
800 83
134 1307
1626 442
1367 972
1790 1141
210 531
1732 1526
935 1010
60 393
1586 711
960 480
244 1287
87 1169
696 1635
676 281
1764 949
1623 269
398 643
1540 78
440 301
1705 421
486 1878
1044 1630
1077 1319
494 100
1856 1246
1532 788
1735 795
758 1547
1359 1928
177 980
1177 1090
997 580
693 739
379 246
423 791
1735 839
1586 321
723 599
1588 696
851 1209
639 1633
254 833
451 86
1230 690
1844 376
1066 1531
970 1124
1099 868
537 875
213 1362
1092 1077
606 263
1155 416
973 596
750 1299
1358 840
1197 1898
352 566
961 784
1082 696
1095 991
1386 785
761 212
92 1867
1191 1675
565 1487
979 378
1377 1574
1756 1336
616 1612
1048 1661
1245 1849
680 1778
1351 1730
65 897
1773 1060
1764 159
1619 501
781 1828
806 1170
1305 1663
919 1554
1709 999
1627 1830
1844 1317
1502 819
918 465
36 1227
1124 1697
1685 1743
1588 1976
452 1986
1398 1726
301 532
1995 1550
1634 640
1492 319
1916 1836
472 489
33 953
754 504
1256 1786
495 630
921 1353
596 1967
54 97
452 1718
97 527
708 1683
1952 50
1706 1276
689 989
1547 1175
20 1476
1471 1244
1726 945
676 418
231 1223
1016 1152
458 1607
614 314
1096 1062
1952 84
1878 1344
50 1649
1 1745
1777 1480
521 1589
307 396
1955 1268
437 1552
201 582
549 486
1125 896
1332 1815
593 1397
1815 1145
1429 1886
1662 1971
1389 832
1644 680
1668 1387
1531 251
1848 1138
512 1719
29 1951
700 38
853 1737
1240 759
164 255
1439 1754
472 1023
1531 1352
1734 1754
1146 69
964 666
1257 561
860 15
737 989
950 860
1247 1033
1665 1013
1874 417
1795 543
100 1997
25 921
691 332
1703 387
1918 1745
1393 875
1507 1687
515 151
1829 1515
1816 1385
1503 1047
1312 934
1132 1288
307 170
1923 397
1974 803
1919 22
811 1241
122 469
1665 22
89 1410
606 515
1916 201
925 1648
630 1511
1347 647
877 1709
1550 285
1249 1143
1944 863
179 1999
1023 1316
1966 1267
643 1091
173 46
151 1781
828 953
1229 1883
11 248
693 1310
135 1950
1329 53
922 1382
1950 754
317 178
547 946
552 29
1882 1648
1318 585
1427 1066
464 1400
1349 496
1786 8
1141 189
1161 451
205 331
1974 512
430 846
1777 671
481 1237
305 799
1343 1467
101 155
332 165
20 1908
1447 1179
199 347
1160 716
38 1567
1268 469
269 190
1980 307
225 1007
1732 1099
908 372
1789 1662
1257 969
1413 698
814 345
1723 1186
822 278
1721 1339
687 171
1038 1408
660 1623
1567 706
1038 1093
336 338
637 23
165 574
412 1693
70 1420
539 1902
762 217
1051 326
104 57
1419 472
1029 598
858 117
1999 855
1944 541
879 143
1334 123
18 1276
1403 1934
433 630
989 1092
506 1375
644 1029
172 1834
1026 987
1358 1562
1284 68
892 149
636 39
1615 291
367 1485
230 10
1547 535
308 772
763 457
398 630
1900 525
241 506
1934 1075
467 1470
263 866
120 103
1204 1197
709 1245
224 1689
1248 1649
1478 309
509 1228
1345 1338
1296 1785
1591 1027
1516 1500
360 736
903 623
68 1131
1379 364
230 19
281 1153
531 419
1299 1259
1502 608
1919 52
1386 1902
164 1636
1022 794
752 494
1756 313
384 914
1980 1476
188 254
1118 373
139 919
1096 1120
1881 1641
628 1076
762 1762
1677 1095
373 1409
266 25
1843 608
1817 1735
521 335
1380 1395
309 303
171 148
653 913
281 665
1007 563
1504 807
1173 1051
1057 1218
701 1439
1915 1274
1276 968
455 834
1628 563
337 1302
784 816
612 1820
37 414
1997 245
1927 1553
1192 1737
1069 1523
761 1731
1028 425
1107 1077
1807 359
506 491
897 1689
497 539
1414 1107
535 1839
1281 1557
178 404
1262 41
1292 141
665 68
834 846
1706 1776
1720 1876
924 645
182 1182
1365 735
1636 1324
1190 1571
1066 165
1351 1890
479 260
1511 1705
1648 213
9 633
1727 681
1076 1069
1767 911
1125 606
145 1107
863 1550
1247 205
640 935
1365 1490
233 1535
1729 148
256 55
115 173
1513 1685
1926 127
47 565
1680 1681
287 1389
1011 171
1332 1233
545 462
669 1556
266 960
1592 1743
6 758
1956 633
958 1181
1624 1210
762 1256
1430 1819
1614 741
747 1754
105 1990
595 1163
1266 341
532 462
947 896
588 1166
857 643
352 1586
447 1856
162 1657
1591 1902
1718 755
1947 915
1954 1874
1633 430
1911 361
10 1253
29 1413
1529 551
1364 304
1371 540
47 206
793 1922
578 100
1292 378
1464 1552
611 940
1238 1687
304 1244
169 1655
487 1944
324 822
200 1786
1888 1489
1862 299
274 267
265 1144
637 106
1352 828
335 679
211 1516
1490 374
820 885
176 1279
1096 105
196 1310
1502 247
1387 889
832 37
74 1004
1820 1227
280 852
1354 121
51 1331
1364 1629
536 1412
1646 385
260 1255
1809 1769
1422 792
1595 1947
899 659
1948 336
326 457
325 324
25 681
822 1445
1709 1379
681 977
1930 1660
1225 1834
1128 1377
1737 406
1865 1207
610 286
1211 1593
1908 1786
1863 725
835 1110
954 500
908 650
1134 1566
916 597
1788 1956
969 641
1389 329
1379 104
1399 455
1898 1745
1871 784
1833 1028
286 323
384 1757
1095 618
550 310
927 668
343 1268
5 1215
758 117
620 79
1673 13
597 1589
1568 164
1800 155
1106 1774
276 512
522 566
1294 1725
1912 1120
1110 560
236 503
342 290
1424 1447
695 1637
1377 1490
1991 1662
793 1559
437 341
583 271
775 800
802 169
1042 1513
783 458
269 1866
1883 1537
99 995
823 1714
757 1394
1941 193
453 1086
1382 1308
168 1294
1889 1876
1029 1925
1692 1343
38 87
1531 1734
1227 1781
1124 717
1012 1465
1335 1028
276 1543
1607 1894
1558 640
203 978
1165 169
451 1218
1777 1662
1613 868
946 1574
1566 1868
646 701
303 1378
518 1707
1911 888
853 1473
916 925
1288 61
1865 500
428 947
1336 428
1430 539
1953 1516
1138 1891
526 1051
865 903
1320 871
499 1651
631 1614
1072 1370
1587 1724
1718 544
732 996
1123 1049
1145 1502
1047 1245
278 380
1359 130
1909 88
1346 1266
1189 275
1686 1900
1719 177
232 304
743 596
1011 857
1983 1575
548 1933
250 134
362 924
1839 1437
1580 166
239 1505
296 1955
689 1
1256 1597
1537 942
1377 1863
20 897
1084 1632
697 1552
1995 511
730 1498
1395 1443
275 777
1855 876
1155 906
87 319
425 152
106 1568
1294 1015
163 1921
489 98
1889 1910
1875 752
1584 1000
1369 1717
1859 913
909 1393
742 1181
1310 334
1289 441
1582 1619
1839 172
1191 1882
273 999
1393 420
391 564
1771 528
357 1651
847 876
1808 150
1209 470
1210 1293
680 742
410 1813
1498 295
1959 952
1359 715
1085 314
1049 1644
1723 1036
1650 1227
1492 1135
1012 290
1017 1981
1149 1180
20 319
289 74
557 1427
568 1054
914 949
1839 880
1889 152
1428 1967
573 1960
1030 278
1047 1404
348 1990
1007 1219
92 1021
1013 596
1698 1255
968 780
986 107
130 1630
1095 1569
1327 645
1971 1959
463 1992
1754 1659
1724 494
1856 35
358 1288
1245 44
667 1848
1047 1983
1773 69
1505 860
1058 516
505 1099
1314 892
277 1992
24 1713
1903 217
1859 360
1496 257
374 1551
1986 1497
1896 1365
1546 548
1636 1376
1637 1011
690 570
320 450
1726 1698
1387 1810
793 1339
458 710
1816 1062
498 1720
665 333
924 1982
1746 341
1860 1932
1787 1585
1525 703
1236 129
523 845
159 1174
1676 463
652 32
900 1174
1425 1377
495 1758
1114 1310
1823 1810
606 313
1640 554
848 534
100 808
1016 503
1138 1250
317 1559
185 1906
738 1648
1961 237
1209 798
1166 1234
537 1309
350 219
1932 1205
520 718
488 1340
1134 1327
1074 1056
1514 1558
1836 829
1017 990
1202 1074
1449 162
1350 636
1373 990
744 35
599 1270
106 548
916 722
1612 1364
868 519
25 775
1728 1129
601 1413
1146 1226
1973 1841
908 40
1026 1354
363 431
392 455
932 391
1544 1333
786 1003
1000 1510
665 518
842 1056
1850 774
1537 899
906 561
735 1567
1747 1141
1668 1923
336 1970
1102 1507
1413 1484
251 1583
555 1731
796 1680
1672 46
1482 1775
325 1190
1757 1762
875 734
999 45
1637 781
1873 1605
981 1951
1898 1798
366 1417
1273 1325
1678 989
903 223
1153 541
1632 1795
1864 376
1565 761
74 1808
100 770
916 1996
1702 247
614 191
213 1930
1921 694
1253 1438
1115 146
811 1063
616 601
1345 626
1334 1127
849 601
859 1143
817 694
941 1206
455 221
612 1203
1852 708
785 234
1263 37
988 235
1030 646
401 754
1163 1234
470 1353
1658 177
545 144
1523 1006
1383 410
1880 1988
845 351
613 1361
636 848
1717 1664
1787 1186
1016 33
1076 859
304 1289
212 1336
56 1768
859 13
85 398
824 1484
1698 1835
1197 718
924 599
207 1132
744 909
1923 1339
1896 368
189 274
1030 1650
156 714
1042 1736
686 411
1481 23
117 1080
219 985
32 695
305 418
405 33
1248 449
275 1487
633 405
814 305
1418 974
281 719
1227 1953
215 1531
757 1018
876 972
1984 1134
340 1985
1107 1731
1303 1279
172 919
1675 1104
1915 129
329 892
946 941
1756 1178
81 1950
583 1490
1225 1425
1531 375
1229 511
1951 1167
1495 1570
533 665
583 158
787 1576
114 1584
525 1217
1979 1909
538 771
1812 946
1990 1490
794 1692
112 1097
1208 589
141 311
1614 1931
508 1682
330 1576
217 1778
928 1315
1224 598
305 642
100 1355
1258 1516
1198 1142
1695 1911
1424 1967
1719 1864
430 1473
1927 487
989 396
1203 1584
1464 1568
165 1697
1757 784
678 1434
1620 559
1333 330
1209 843
615 260
1746 122
1509 1959
1828 1314
1648 1575
785 1207
1410 512
1583 716
160 215
1265 688
1243 1414
276 1198
1620 1633
485 62
1797 1283
1722 551
1194 746
1490 770
921 1335
170 1910
753 402
395 1054
1728 1404
438 1905
1526 463
543 642
869 476
322 21
184 108
1143 1901
790 1311
477 1427
476 984
1516 761
1469 471
1386 1326
1483 1074
1477 363
1617 789
42 1064
734 214
1129 373
1360 1713
1450 1704
1698 15
1376 1198
1312 942
10 877
1777 1390
1152 1984
63 580
536 400
456 451
376 695
1186 1077
830 524
1089 125
1369 612
1687 162
1245 548
1593 1997
19 1531
1266 233
362 824
285 451
992 34
374 666
1221 1536
1840 549
616 161
1469 143
693 1717
843 420
1369 300
1839 222
1575 1076
372 13
126 882
876 796
225 341
540 1543
1804 722
1184 935
1268 643
484 1136
1380 77
1611 1658
1681 932
211 1477
340 377
1518 1948
1383 1949
326 1919
1091 1008
466 1622
1634 1469
1025 293
1521 961
753 741
671 651
566 1748
1829 652
1175 695
1114 466
833 581
1968 1312
253 1647
1322 1565
764 1523
1774 2000
1738 1968
1679 176
1299 1977
1342 265
64 811
471 22
1091 1712
1054 1779
1038 730
264 314
243 1488
224 1898
143 1205
1191 658
1630 363
1791 487
450 839
1914 1357
1726 475
1062 1702
715 1003
499 1588
1347 1905
1846 1390
842 710
1946 417
1578 1716
22 812
1623 356
827 269
632 1760
444 125
657 1131
286 484
574 928
1264 1457
1411 1090
1143 283
1147 531
1710 1495
1548 1836
1743 615
36 1189
1926 568
580 243
1509 1735
350 630
1111 930
1940 1685
504 1797
1352 239
253 1250
1230 1506
1300 1402
53 1830
1870 1600
661 47
278 1461
654 468
129 440
653 1208
436 518
669 1860
749 457
458 1392
34 845
1114 1733
1180 889
954 1024
453 1236
647 1826
674 802
1812 545
1458 603
400 239
299 764
804 504
855 1861
373 1890
1424 1741
1103 1511
1331 1136
391 1475
1729 87
47 383
1678 713
1692 1287
84 644
1676 1365
1277 248
1829 1320
1294 1843
910 344
1345 702
1393 1351
1992 74
1425 1980
1143 627
363 985
3 979
648 380
387 1309
585 1395
786 1662
1464 395
471 1441
1711 938
244 1404
809 374
924 1655
1709 1323
992 1375
443 607
1532 1200
1059 912
1919 864
1744 1254
113 696
1691 1690
194 602
537 667
522 1630
696 1031
1105 159
1297 1154
1478 65
324 1696
516 1456
1196 1998
1940 1929
462 627
835 337
1333 611
1046 1874
1502 1445
1291 1830
734 1941
1059 434
1381 1789
738 18
1573 499
283 297
1818 1540
181 509
1840 516
1493 106
1737 844
1385 472
1412 962
1303 1395
1929 877
695 1985
1787 1255
1661 1007
394 1639
629 1386
1384 1698
1597 1003
474 1582
1213 1171
1348 616
1171 164
1795 653
889 1430
326 1816
1477 709
815 1506
1060 1516
1562 959
636 1511
1113 1165
1934 905
447 497
537 675
288 426
577 1250
626 336
1236 354
804 656
739 1497
1456 258
1755 225
639 298
1800 376
1228 500
188 608
1959 42
1043 1740
309 35
1722 1675
239 602
134 1059
1762 1061
547 310
1861 259
1658 1587
1745 636
1327 1297
1207 802
1757 256
342 1885
718 1979
1772 1322
799 459
1934 1355
772 976
1865 274
236 664
602 1415
791 1462
1124 1257
1899 789
400 1232
734 982
1992 1346
1179 1687
1339 1775
1306 1679
756 1428
1317 895
452 1548
923 1582
1503 995
330 1759
227 1476
91 1877
1869 188
1371 1956
318 994
882 1131
657 1994
24 743
571 1170
1261 36
1218 1433
1034 700
1827 881
1394 24
147 1910
1177 272
476 1809
58 693
453 143
1341 1528
510 1019
1366 1828
1892 1465
1393 1158
1245 1394
1013 633
1325 400
954 946
562 1375
1947 799
1319 521
1336 1423
830 1325
398 1686
607 55
208 538
330 1557
1373 1340
1290 1202
1130 1620
228 1053
905 1488
1594 52
1226 347
1821 1895
1886 1554
1931 1265
1934 782
1710 997
1370 1601
1167 1649
809 1864
57 517
1265 158
278 175
227 35
1472 978
938 1606
1429 954
328 1149
1673 1616
1610 1328
1506 1481
1196 1307
918 51
1906 742
1660 1736
311 1622
45 340
1998 580
908 467
1322 14
326 445
1400 515
1155 999
1384 1865
1834 1529
1654 641
900 1158
1888 5
1106 361
1738 729
1169 1795
668 1776
320 155
676 1773
1260 660
989 964
1988 1595
1004 124
1058 560
451 104
1349 146
230 311
1084 155
984 1899
179 73
911 1179
617 1877
403 125
395 1731
249 1027
149 1027
410 344
94 1620
1828 1997
1169 1001
1919 1015
575 1674
177 562
1576 97
1804 1048
313 1799
818 1865
420 463
1496 593
1870 607
240 838
225 10
230 1903
248 1533
58 1007
720 699
1997 1805
1299 165
193 1361
1111 1097
778 1826
1049 696
1671 49
1302 482
1906 970
461 458
953 126
794 1601
105 959
633 607
1762 212
1894 1778
893 1349
1720 1724
1012 1853
1933 759
1780 1688
1188 311
1441 354
1220 1142
1135 1253
337 250
1560 1535
254 147
542 1446
230 833
298 287
146 942
1620 1901
434 1077
16 70
1437 508
851 498
1571 1657
691 1094
216 30
1593 1493
1587 872
1613 1990
729 109
1608 1547
1893 231
1248 1703
184 389
1195 1726
1672 416
1226 906
405 914
44 602
516 382
490 347
259 763
478 1065
394 559
622 1289
1730 632
1650 923
237 1100
1818 1873
1923 553
728 1093
1595 1937
1313 659
798 1845
1750 133
212 1660
337 1889
1778 225
1286 1734
28 1012
1388 345
1480 1887
1618 1655
118 1626
15 733
87 880
658 1133
732 264
1738 1742
1445 537
670 185
1348 1481
992 1691
918 1652
266 147
1184 1826
1906 9
1334 1413
1958 905
74 1901
1750 760
595 1200
781 1197
1029 1649
1553 1099
560 732
1678 962
1373 1673
1821 1385
559 1206
430 1681
1623 816
1502 884
318 362
570 280
436 1568
618 394
493 1850
762 503
1128 1614
990 1317
813 1758
705 1497
1742 635
603 1477
780 1755
1446 290
1590 1620
649 633
426 59
1054 234
476 537
882 690
227 918
1169 1233
229 198
972 1703
850 353
841 1352
467 1153
1365 68
377 1652
511 1059
4 1551
940 1687
689 687
1560 173
1707 570
321 456
1737 1069
7 251
1876 1787
1114 90
446 1416
1128 202
473 114
1366 1261
1219 54
755 52
1669 1253
1211 1780
1334 566
151 753
1772 1864
461 1201
270 267
386 284
341 1675
1380 1647
744 335
1625 798
1121 836
511 1651
1158 151
1218 77
218 1544
604 575
71 29
895 1927
1186 1143
416 589
512 274
1460 565
236 995
336 1990
1805 624
1213 1732
430 1164
91 318
629 1078
1099 1602
393 1321
1101 1630
693 311
1062 246
678 253
1644 882
100 720
534 1253
919 1258
1101 1344
929 612
1727 654
943 1752
1630 1094
769 1092
1901 602
790 457
791 275
1396 1796
1298 300
596 486
55 1028
275 1870
321 1555
1029 842
470 1771
748 943
5 1601
200 177
920 784
154 176
1216 596
192 773
82 1740
1904 1017
1934 263
430 1613
12 193
1487 1672
121 1021
114 1494
886 1348
1259 1224
276 1693
456 687
396 1653
1133 589
1034 1388
1852 334
366 699
1739 1539
1130 1895
640 1005
695 1356
1534 202
1198 1386
1115 628
416 1128
724 85
1918 531
1386 1462
973 465
457 1886
205 1978
337 1961
623 1426
1860 755
998 1521
161 1476
1318 1267
902 107
1586 932
992 975
1941 589
640 61
1552 586
1715 1371
1364 1759
587 1829
883 979
1983 901
652 1641
1060 232
579 891
1923 1967
1849 1962
537 353
305 557
786 1021
737 395
1184 967
1943 59
1043 1554
268 1039
1714 1945
1799 136
1914 577
1271 587
823 1595
1939 1925
1224 704
395 586
1562 847
1587 1493
17 596
686 992
1275 1081
947 461
719 1076
1862 506
1851 87
51 1557
447 1203
769 1036
494 65
773 175
1147 432
15 1978
1542 1432
1306 741
1410 558
1644 1473
1006 1804
777 779
249 1187
612 1802
596 773
1796 192
1657 1311
273 1165
269 1754
1740 1904
1504 615
1636 1267
1008 1870
847 192
1337 1091
1824 390
1276 180
841 359
1295 397
224 776
1953 323
209 385
459 860
1902 1533
29 58
617 1600
1817 1406
145 1998
618 1338
548 914
457 143
1402 1731
146 405
1117 1161
1484 123
689 1045
1941 846
154 463
1949 766
1823 1667
1198 521
535 105
57 831
787 1291
348 734
724 1623
1774 1095
240 1823
742 81
160 1505
1072 159
1548 704
1864 1392
974 518
1496 503
574 853
421 667
1449 1547
1647 1572
757 1086
975 933
31 273
1601 1198
606 886
1072 1962
18 55
1172 1339
97 330
1714 674
1619 550
1403 1480
557 1782
174 871
553 612
856 346
1705 768
1322 1454
927 720
717 1042
1749 812
1129 1902
1841 1929
826 571
1391 1869
1735 1164
277 1177
567 1278
1257 1633
675 1804
1238 709
50 1088
1911 472
1543 627
1122 846
1457 1347
1947 875
764 1869
1442 1812
1527 1526
331 448
1176 783
1638 1650
1258 1725
1836 515
1798 536
179 1220
1759 1752
1799 1804
1149 1605
1386 1669
1763 1842
1473 36
164 883
965 281
1929 376
1026 1131
1992 1556
1860 1115
1500 1602
147 1200
1168 255
841 980
1001 1990
14 565
1414 371
1755 1968
966 106
1091 1724
1495 121
1699 1123
516 1630
1108 76
681 868
1291 446
102 1031
1287 1113
776 407
436 498
214 450
1888 521
1337 231
873 887
735 1452
1902 1822
450 384
1121 1101
1940 787
865 1233
827 1825
774 533
246 878
1159 31
1706 664
1193 1890
436 505
169 281
445 548
1202 308
1070 876
1543 1134
1631 1650
238 1535
1562 1345
1906 1056
1625 386
577 1088
1840 1183
636 1492
715 1494
1701 1285
1110 546
763 630
679 781
1986 183
678 369
1979 105
524 185
778 1303
486 1066
610 506
1252 1197
1712 990
999 635
1576 452
1570 528
1931 1090
228 1010
469 618
1709 776
766 1625
401 187
984 801
333 1035
13 1068
1835 900
139 1013
824 421
646 141
923 388
860 24
1245 1403
1809 704
152 438
697 467
309 836
1714 664
1981 854
1244 1723
93 1786
1302 58
1461 743
747 439
727 20
1829 408
1715 1736
755 1447
1860 1559
2000 1318
996 1252
311 1344
1919 1129
1014 389
4 699
528 2000
23 221
886 1680
316 1480
571 624
1546 1132
1633 1016
81 1615
496 924
55 641
1511 842
1974 829
964 1336
447 833
718 442
80 1975
1064 1999
590 300
861 1401
984 1622
1428 518
1794 478
1127 392
190 1161
1728 1703
1885 839
504 308
1239 507
1655 894
1892 1748
1911 621
1636 1874
1617 1287
1805 1755
1581 1016
843 1268
997 569
1878 1133
50 1748
164 1573
559 1013
183 1231
869 760
604 1812
1027 1136
1535 1848
777 833
1209 1045
1679 529
308 135
1512 1889
467 240
1255 1567
1899 1365
518 507
729 1806
947 1113
743 785
874 1585
607 338
552 1296
1551 1578
428 1684
1884 95
705 1170
331 833
1284 571
1336 1372
1245 439
1822 1717
271 124
833 924
1347 778
1573 291
554 1305
1568 128
949 322
1994 570
1546 1582
412 248
1672 1562
42 588
858 583
1988 1304
104 411
1686 1974
1695 462
328 47
1598 1646
1925 285
734 670
561 377
1489 1863
971 673
1319 1074
1927 1775
344 1937
300 506
869 26
580 964
991 1076
322 920
486 503
856 1423
901 1492
1085 1747
1090 193
1872 1213
688 1424
94 1089
716 821
103 1914
848 1837
475 1508
1305 966
1307 446
23 1159
1361 481
1065 870
1957 1686
1652 510
1953 1505
1092 1869
1 542
655 509
1669 17
942 1522
1882 260
618 1923
1838 1871
1989 72
786 1018
364 1585
333 1130
1151 974
993 886
1611 1878
989 1754
1639 1312
936 1053
970 635
1674 447
1743 96
1847 505
1340 753
1650 1515
198 1616
922 1929
1599 998
1993 1432
1598 1759
322 784
675 1474
1710 1081
1358 1162
1532 173
471 1245
1775 1380
206 719
1900 1764
1546 1964
44 2000
1023 304
1474 1449
1280 505
1090 1291
880 1361
359 1908
1220 947
1375 548
461 1129
1918 1128
214 1319
1795 1284
1132 173
45 128
1453 1021
560 1103
688 1172
1243 644
1660 1503
1782 1390
366 1050
1799 1877
1356 219
1838 1000
203 9
1584 1453
206 1087
1205 565
376 1236
104 147
1958 1919
1969 134
267 1217
526 1362
1631 171
559 1470
847 304
716 1436
668 1530
1890 656
568 430
1299 1101
1861 1265
1800 1568
1349 719
1810 668
426 1434
1421 81
315 564
1992 1275
919 777
923 1886
1877 799
1001 1186
654 1389
326 487
914 1791
1589 1523
1105 923
1031 1913
521 566
1091 1900
1047 1878
656 1347
683 398
1283 1010
310 909
866 1768
1373 1790
1887 1675
1208 1649
1068 1448
1356 1273
389 1746
1256 1346
227 1265
1035 775
471 981
690 1264
751 2
227 356
1537 1959
963 929
766 373
351 766
1952 1719
585 1386
1663 328
639 562
895 1143
1083 324
1295 776
264 245
1870 1358
227 62
1782 1219
292 96
1868 542
1753 1652
1885 288
1494 177
1067 91
971 1979
709 535
1027 907
1782 112
1417 1632
163 109
1054 212
1240 1791
919 13
1445 332
1725 1534
431 1066
37 1376
146 1093
1478 1738
1104 549
1691 680
1041 152
813 994
538 500
700 1635
722 470
65 699
498 463
1535 1370
1060 428
465 1986
835 1921
1614 1322
814 1641
1140 1006
594 442
453 1399
549 1772
309 1732
76 887
1027 352
910 1933
1712 633
1683 526
1643 78
1816 653
743 1197
447 245
877 1089
979 1346
171 929
1705 1897
877 327
1175 563
1308 1272
1216 1290
101 267
235 1135
420 479
934 1329
1456 555
1459 1238
834 737
1449 1053
915 48
1814 1131
1782 344
1141 1490
1431 347
147 118
659 962
321 260
1587 1620
1848 354
1580 480
1664 389
1957 196
1052 595
469 1503
290 817
1028 1743
13 428
1032 267
354 201
621 1274
727 1546
1886 1825
1802 1803
744 424
1255 119
1552 524
1629 49
1952 464
1841 796
77 192
592 101
1851 1258
753 638
640 80
856 1018
659 803
476 1899
353 1845
1055 1523
1059 505
1914 1632
859 1341
1043 522
1891 1240
553 1068
1480 1065
58 191
1880 1161
1066 859
175 73
612 988
1884 461
171 1450
267 532
1765 1798
628 899
1286 698
339 1802
1213 1685
1315 268
1699 1664
1624 1932
154 1853
1599 801
378 652
1722 1889
1225 64
175 1912
84 197
1127 1961
1364 306
1255 1506
784 66
479 837
128 1833
1174 1475
1892 1524
555 428
180 412
1444 1443
1607 144
17 1438
531 1578
1332 701
1917 1655
206 1951
58 1624
928 876
965 1125
1090 731
72 149
700 1940
1757 1007
885 18
729 1886
235 83
759 1880
65 1321
1480 964
1763 917
1109 433
943 1093
1899 1142
601 643
194 614
374 101
1913 1234
541 123
1762 1432
522 471
983 1577
1683 1316
1171 1791
5 1418
1565 525
551 676
1548 1896
70 1110
155 1767
1122 322
65 691
1877 1755
985 861
1541 1264
17 225
1432 1257
1897 1478
499 1879
124 1789
1293 238
1746 1166
705 387
1026 463
294 217
1094 670
1602 1814
1300 1480
1356 20
904 595
1638 1075
1986 514
1687 1956
976 318
1014 1168
1142 1603
783 399
945 21
469 1568
272 209
2000 1897
305 1498
25 161
307 1939
596 454
638 1120
66 1597
1919 758
207 1873
1726 1807
1602 1198
27 336
142 919
1749 1294
1389 328
942 1865
627 565
399 1594
1874 1001
490 1369
713 312
1139 1318
1053 1531
1774 445
1598 1143
325 137
23 633
1589 1698
423 1540
1369 1488
1291 1353
77 692
760 310
403 875
642 1689
1044 190
995 1335
1198 906
1717 1695
1632 978
713 1642
631 1738
652 284
427 60
809 434
1988 1732
1131 41
565 351
1630 1558
304 887
360 834
1244 607
29 306
700 457
1981 1165
644 204
1145 403
751 180
910 267
910 668
553 6
740 629
1472 556
1398 671
1162 1576
871 1351
460 1045
187 681
1687 361
974 556
1840 1789
729 652
406 491
360 1904
1208 765
1656 872
1762 902
1281 437
246 879
1055 625
639 796
807 454
588 829
1927 1196
1692 119
1717 1535
211 1599
952 1399
150 503
1536 1333
133 520
1410 1031
940 1958
12 912
1486 1175
263 1373
892 1316
1995 1067
517 1249
80 463
1683 473
1479 971
568 1644
1568 1096
524 770
1671 1145
1702 383
943 1848
1753 349
869 522
1353 611
1603 1397
457 331
818 272
320 1113
113 1691
1081 739
1341 1337
1649 356
125 634
1038 340
1352 1534
1502 1967
1929 738
339 41
45 84
1501 719
1547 1127
368 1625
1409 1569
384 1482
1032 1351
68 164
194 92
1365 717
820 43
1852 1253
1638 304
1013 298
425 767
1258 1565
228 1906
1675 513
1996 69
705 1098
597 903
974 911
1315 1913
674 1759
1677 1903
555 9
1161 1289
1289 386
1639 569
12 888
479 1457
1349 1318
789 998
1116 1051
538 1548
657 1145
600 40
519 1098
865 889
1408 73
885 103
375 1926
434 1284
1997 387
489 335
760 1906
1285 711
1073 398
949 970
847 1048
202 439
308 1938
1692 1993
1039 419
1349 1121
1245 475
1547 1961
453 1124
1711 347
1066 1154
1362 42
1036 694
838 418
1969 298
1692 1149
1895 1337
1691 549
1217 1571
50 980
721 633
778 144
602 1657
1907 1082
548 1795
586 1640
359 696
449 1719
75 1465
1266 994
770 1347
898 211
865 1244
1425 1605
925 1534
632 1995
516 615
1333 781
191 532
1222 1907
459 1891
1574 1506
288 835
1186 132
54 1471
370 488
376 570
1421 1795
1393 1047
963 526
1801 1050
301 176
302 1728
1254 1536
1184 1502
636 1070
1907 1496
626 1071
1414 701
239 998
708 611
212 163
1344 1839
537 231
590 1559
1153 1970
192 1538
1026 1931
1223 1484
1499 423
99 686
491 1821
1187 1478
918 698
98 1003
822 1133
232 574
104 1637
398 1372
57 1319
880 1860
1180 1736
322 1260
470 226
1783 1205
1650 45
184 649
1205 90
660 852
331 104
845 728
1088 47
1069 1021
28 1888
467 1399
1385 1461
1329 1128
1529 722
7 5
3 1 1 15 4 1 12 11 156 17 253 3 26 1 8 1 9 1 1 81 4 12 5 3 4 2 204 1 2 2 23 156 80 30 1 2 5 5 335 1 43 22 67 5 151 5 166 94 1 67 60 123 4 2 5 1 150 49 16 2 1 209 32 28 27 25 1 145 198 3 3 2 55 92 50 11 70 11 2 16 3 131 79 54 252 164 10 4 17 18 6 4 49 1 7 5 1 4 1 359 48 1 23 147 178 22 92 117 1 3 52 63 18 2 7 54 19 1 21 1 3 55 9 2 4 67 230 2 5 13 11 12 1 13 3 1 6 1 330 4 2 3 28 1 8 4 153 102 5 13 74 5 7 186 365 4 1 103 2 14 295 8 26 47 10 6 1 1 26 239 91 75 4 1 41 2 50 6 12 1 62 103 11 116 22 305 10 8 1 85 2 4 16 1 1 87 67 17 1 6 11 4 157 1 1 8 52 16 43 8 302 24 96 137 11 1 18 177 32 51 11 15 453 1 8 5 132 175 11 3 9 22 8 3 78 47 79 1 18 1 84 7 195 131 114 18 61 5 34 10 7 1 17 172 8 1 6 22 1 4 3 63 195 28 18 158 47 18 42 50 85 38 16 2 102 38 124 338 1 191 88 60 133 76 8 1 392 1 206 5 68 1 5 6 1 4 141 332 127 44 1 1 14 34 61 9 58 1 7 4 1 1 161 2 10 12 4 3 11 6 6 8 2 6 5 52 1 9 1 6 29 1 1 1 2 37 9 8 90 16 1 1 34 6 243 1 105 167 18 50 381 1 3 2 1 16 1 15 3 5 1 33 2 158 1 6 5 1 15 1 1 33 22 151 157 69 2 37 20 3 148 29 143 4 5 14 33 3 2 1 41 26 1 113 7 2 27 251 2 259 7 1 3 109 78 18 1 1 55 3 181 2 1 2 5 221 316 1 1 2 6 1 259 5 66 33 127 14 1 62 3 2 1 20 1 283 13 4 1 2 1 1 35 147 2 79 6 15 292 5 163 3 235 211 5 7 11 5 11 45 2 20 183 5 3 3 31 3 20 52 7 25 18 2 20 12 1 34 9 32 1 1 255 2 1 3 3 32 1 164 12 2 1 235 19 11 1 229 1 85 2 6 22 2 382 43 6 30 61 2 9 34 4 1 111 25 1 33 53 2 39 27 1 47 148 3 5 1 1 1 5 6 4 66 41 96 6 15 10 2 14 2 97 2 22 1 62 21 2 3 2 3 2 6 3 247 9 4 58 20 12 72 13 19 180 10 1 78 17 149 17 3 32 21 2 1 1 27 153 68 1 1 82 2 10 28 11 8 36 47 7 49 1 2 226 193 123 4 193 11 6 8 2 1 1 9 7 7 1 7 38 6 182 6 14 3 214 29 7 1 2 2 116 1 1 58 21 346 24 17 101 1 140 9 226 334 30 17 166 12 6 210 73 12 245 26 13 2 5 30 41 65 98 2 1 7 2 30 38 6 12 7 1 5 6 16 73 3 7 5 21 1 166 3 21 143 1 14 5 13 2 35 13 3 2 2 103 1 4 53 2 56 63 71 49 14 6 20 12 2 5 1 287 16 268 8 1 43 19 9 17 47 2 3 2 3 137 4 290 28 149 46 2 327 99 90 94 192 69 6 249 89 9 45 66 9 21 3 73 23 1 37 219 4 1 1 8 6 1 1 3 2 3 4 98 52 132 3 20 15 29 1 15 217 163 231 14 196 223 124 31 3 1 3 167 375 41 13 42 1 12 126 1 14 8 9 77 3 3 89 397 2 1 2 127 2 1 2 1 80 17 8 43 3 1 2 5 1 2 1 372 16 28 74 1 15 159 32 6 49 1 47 4 5 2 85 1 68 1 1 1 2 40 4 20 10 1 40 131 12 1 1 8 28 255 7 1 69 1 1 80 14 28 2 2 68 167 1 122 1 24 2 12 33 52 198 1 32 1 1 136 252 1 4 38 15 33 16 1 291 208 29 3 1 12 7 2 1 74 7 142 101 1 3 95 15 14 147 62 75 240 83 53 227 117 13 3 192 15 10 293 1 1 73 93 170 1 25 215 1 1 15 2 84 8 1 8 10 13 68 1 5 4 18 19 1 26 76 3 7 193 83 13 1 3 25 9 1 11 3 380 65 176 98 1 1 1 12 421 177 1 36 4 14 96 26 9 9 7 113 7 48 284 173 39 1 1 189 2 2 1 1 2 16 27 176 82 267 83 54 1 29 13 1 21 1 86 1 17 3 5 2 7 1 39 192 41 76 2 194 102 2 171 1 1 366 56 1 34 4 343 1 1 2 6 414 2 2 8 70 6 48 12 8 169 122 1 2 5 1 6 4 28 9 108 1 18 96 2 9 5 227 159 1 2 20 1 121 2 76 1 206 3 12 7 27 2 29 332 21 1 9 103 46 2 227 41 25 1 20 75 87 44 25 1 119 1 213 39 214 68 353 20 3 198 338 54 58 551 1 1 4 1 1 1 2 12 419 16 8 55 54 21 102 5 6 312 1 91 119 2 1 1 44 1 138 4 51 14 202 41 34 32 98 161 5 2 30 1 297 12 30 82 1 1 260 1 88 120 1 292 368 23 29 237 201 5 67 6 4 253 7 115 1 134 6 1 4 2 180 1 2 1 112 15 2 1 2 29 89 6 126 96 6 3 6 69 2 9 4 47 3 54 75 1 132 38 116 19 156 1 2 34 5 310 132 4 161 63 3 19 1 30 11 1 279 18 183 18 10 25 1 1 1 98 119 61 3 11 21 2 191 64 1 1 105 31 1 4 59 298 1 1 51 17 1 3 44 98 2 1 46 305 73 15 2 140 1 15 1 4 1 6 5 23 3 93 127 1 109 12 112 2 1 9 7 1 2 48 1 2 1 4 15 20 2 56 51 59 127 71 3 2 9 38 7 1 45 13 11 1 2 23 2 4 7 94 16 8 70 51 1 1 242 9 21 322 25 380 7 37 8 231 66 19 30 114 1 3 1 75 10 19 3 25 54 25 5 31 4 161 20 2 3 4 11 2 5 9 90 127 66 135 4 20 4 1 34 4 1 394 1 352 6 65 1 2 26 63 4 4 63 79 1 22 194 45 1 148 10 151 20 32 1 72 174 85 5 15 1 110 7 66 147 9 89 3 247 37 26 25 396 1 40 144 1 1 1 58 1 1 43 1 3 9 7 14 78 1 1 100 1 55 4 368 67 38 46 179 1 215 59 184 15 4 27 27 10 9 279 1 73 1 2 16 1 9 116 246 3 1 67 14 1 133 67 1 1 2 4 245 175 6 3 49 1 1 1 8 57 53 10 1 96 2 289 25 37 112 10 1 5 2 3 6 34 1 155 13 80 1 14 23 1 368 2 9 2 260 10 1 5 19 3 2 18 2 1 1 1 29 12 33 1 51 173 1 1 29 1 3 1 122 54 2 216 410 265 52 5 10 2 1 2 3 24 29 5 1 164 3 8 62 54 227 29 57 14 1 7 23 23 560 113 1 5 12 10 7 1 1 407 129 1 184 1 6 31 25 2 3 19 67 70 142 5 1 7 1 31 1 118 11 21 31 34 204 16 29 1 3 4 41 3 1 1 10 1 18 16 11 178 1 5 402 79 12 62 7 2 6 2 29 160 91 1 1 2 8 84 1 2 34 254 22 3 157 34 3 8 45 20 335 23 1 65 13 1 16 39 4 5 4 17 1 7 46 5 14 44 12 1 1 135 1 104 1 79 4 52 197 36 3 5 4 1 15 91 23 16 3 177 10 9 15 66 5 39 4 1 3 2 6 1 28 15 6 28 16 15 3 26 3 3 13 74 1 4 2 1 1 317 23 1 9 2 38 1 229 244 77 52 36 2 68 1 12 1 36 10 32 76 57 79 20 26 7 22 11 2 192 252 103 1 122 14 5 98 2 86 1 100 3 48 117 4 70 11 2 5 1 43 16 2 10 1 3 26 30 5 1 49 3 14 1 2 294 2 124 1 2 4 1 9 61 1 16 6 2 20 115 8 1 3 3 5 405 2 142 10 5 1 1 1 96 94 22 143 153 93 1 130 46 94 13 1 57 14 50 10 40 24 4 57 4 198 125 102 2 7 48 2 12 33 2 9 1 313 6 134 1 1 1 53 7 2 2 1 21 95 3 1 1 121 1 2 234 19 1 2 12 45 189 4 128 3 5 30 7 176 4 44 98 1 25 1 5 4 536 14 16 41 1 17 1 159 165 59 2 404 3 1 108 6 4 85 1 58 369 30 8 44 1 5 7 43 2 64 4 112 34 7 4 61 3 16 91 11 340 183 18 1 2 5 2 7 2 57 31 27 70 19 183 1 16 217 15 1 14 53 307 16 1 125 1 1 2 2 45 7 150 2 154 4 4 389 92 39 3 1 5 42 7 30 1 1 10 42 28 1 77 2 11 5 1 4 13 109 36 24 3 69 40 4 3 226 1 2 6 330 1 1 200 1 2 8 1 25 1 141 149 122 81 3 6 196 79 28 1 4
