2000 3997
379 69
1290 943
379 975
379 602
379 1219
379 1608
943 1458
1380 379
310 379
121 379
379 1645
943 1018
379 1403
943 439
379 1847
1634 943
943 1901
943 568
379 674
943 1762
379 515
331 379
943 1857
943 83
688 379
379 74
854 379
335 943
1458 379
943 1085
379 241
379 246
379 441
943 1352
943 1163
1964 943
604 943
176 943
152 943
943 983
379 931
76 379
379 1039
943 1191
379 1146
748 943
1026 379
456 943
943 13
379 1615
910 379
789 943
970 379
943 645
470 379
943 1319
1970 943
943 1461
1240 943
379 1245
1167 379
735 943
379 1995
943 1381
1588 379
943 1423
943 1650
379 1311
379 1538
868 379
379 46
730 943
100 943
921 379
1931 379
943 118
1630 379
408 379
379 732
1677 943
379 968
379 1372
943 1864
943 364
943 525
379 1872
965 379
1880 943
357 943
1826 943
379 1936
943 1148
379 280
449 379
686 379
1870 379
374 379
379 1911
500 379
1116 379
379 1304
379 1754
379 1142
943 940
1946 379
356 379
1441 379
943 38
995 379
1139 943
728 379
943 1118
1161 379
943 424
1958 379
315 943
987 379
379 875
1207 943
882 379
1594 943
943 947
861 943
270 379
849 943
237 379
1082 379
1483 379
1892 379
379 299
900 379
943 977
692 943
943 143
730 379
379 1280
167 943
594 379
379 902
1554 943
1061 943
1589 943
32 943
379 1234
943 614
943 828
943 1580
943 1437
665 943
1682 943
1432 943
379 1061
379 747
1647 943
379 1561
1976 379
379 1885
805 943
125 943
33 943
1046 379
943 963
379 1298
379 723
379 1535
379 744
1699 379
1940 943
1400 379
379 126
379 526
943 1919
729 379
379 238
379 1369
379 1983
943 1021
943 1584
379 1969
1371 943
943 1416
240 943
943 51
943 1079
943 803
943 1171
1486 379
943 1320
120 379
611 379
379 1945
1000 379
943 1331
943 891
1103 943
379 738
229 943
379 1123
379 243
470 943
1976 943
943 1780
379 27
1074 943
379 1937
943 483
1100 943
379 660
943 1855
943 1411
943 839
702 943
1741 379
379 258
1841 943
943 1630
291 379
943 192
943 1295
943 537
1325 379
943 731
379 1883
509 943
1868 379
1160 943
1821 379
1041 943
892 943
304 379
379 412
379 1136
943 1681
379 53
906 379
414 943
1678 379
409 943
1187 943
943 522
943 717
943 1519
943 131
1537 379
1751 379
1228 379
1930 379
7 379
139 943
379 1957
1903 943
1239 379
379 293
943 1957
379 612
314 943
943 1417
379 159
1581 943
1520 943
1355 943
1703 379
943 782
364 379
943 724
379 67
1746 379
1302 943
482 943
1372 943
1930 943
1922 379
1074 379
772 943
379 90
943 1980
379 1153
1520 379
1164 379
379 256
26 943
759 379
943 161
943 282
1333 943
1883 943
1389 943
419 943
401 379
943 857
379 861
379 181
765 379
1255 379
1468 943
1575 379
943 410
301 379
1664 379
379 1663
1149 379
943 1893
452 943
613 379
679 379
943 786
1401 943
379 945
1257 379
379 340
360 379
943 81
962 943
1016 379
379 1322
1749 379
379 451
1065 943
1449 379
279 379
1106 943
943 436
379 1825
1055 943
1785 379
620 379
379 252
1410 943
942 379
379 1170
943 70
236 943
379 1375
379 964
313 379
379 348
1983 943
379 652
379 230
1636 379
943 737
943 215
1712 379
643 943
379 1224
842 379
1809 943
379 866
379 1095
379 205
379 704
34 943
379 527
72 943
379 1900
379 1951
943 1721
217 943
128 943
943 569
379 1627
299 943
379 548
379 1273
379 1027
1022 943
387 379
1928 379
379 1054
104 379
581 379
379 1708
1561 943
943 134
943 714
943 1340
943 1422
561 943
1107 943
379 1727
379 1993
943 1555
839 379
1789 943
379 1416
1497 943
814 379
379 1532
943 386
136 379
943 1815
870 379
379 899
943 1393
943 1770
379 1492
272 379
1144 379
379 1345
943 793
379 1333
156 379
574 379
379 81
379 549
943 564
379 170
943 210
1000 943
732 943
916 943
1212 379
1863 943
1415 379
1265 379
943 723
1694 943
1023 379
943 359
943 640
379 683
1777 379
1343 379
943 865
1249 379
1844 379
355 943
1439 943
943 601
1 943
753 943
943 1788
741 943
291 943
1388 379
633 379
943 1429
943 119
943 1045
1403 943
438 379
1315 379
1577 379
1853 943
1574 379
1216 379
943 1314
379 395
943 448
257 379
379 1519
1516 379
733 379
943 1454
379 1726
943 255
926 943
969 943
1423 379
1928 943
943 1889
1984 943
1119 943
1701 379
333 379
87 943
943 163
726 943
943 259
767 943
1017 943
379 880
943 147
379 1960
943 787
663 943
904 379
1906 943
1436 943
943 199
379 1683
943 1480
379 764
379 907
379 838
1178 379
943 1062
1871 379
1513 379
1420 943
209 943
1869 379
943 1152
379 1158
379 1684
1449 943
379 1737
211 379
379 380
1323 379
399 943
943 1944
1468 379
1995 943
1894 379
657 943
379 479
210 379
943 1444
136 943
943 950
572 379
626 379
1408 943
943 141
379 189
964 943
379 517
379 830
1419 943
1572 379
466 943
943 653
911 943
379 1
943 578
1722 379
339 943
943 1782
1543 379
943 249
1167 943
1559 943
919 943
379 56
379 1254
379 453
943 1531
1827 379
379 1190
1129 379
1801 379
1693 379
943 1902
933 943
943 927
943 1659
943 382
583 943
497 943
1662 379
379 1067
1966 379
379 66
1775 943
1050 943
943 794
943 326
993 943
680 943
379 463
379 711
379 1979
943 709
1336 943
943 153
379 471
516 943
943 1719
379 110
943 102
379 796
379 1078
943 1071
379 1873
943 283
1816 379
1693 943
135 379
379 694
379 342
1879 379
379 1418
943 250
1643 379
943 621
379 1269
943 1251
379 993
829 379
1884 379
379 1864
835 943
943 324
943 672
226 379
229 379
379 273
386 379
379 791
418 379
88 379
1438 379
1252 943
354 943
871 379
379 1248
379 1757
1166 379
1776 943
379 1346
379 1800
337 943
379 1570
943 795
1184 943
943 224
943 544
379 719
1075 379
693 379
1517 943
379 909
379 390
335 379
277 379
943 574
284 943
1568 943
1015 943
71 379
349 379
1833 943
130 943
943 104
1258 379
1375 943
943 1962
379 618
379 275
1599 943
1745 379
538 379
943 1917
128 379
220 943
372 379
798 379
943 901
943 970
943 1351
943 872
567 943
1766 379
466 379
1918 943
1881 943
943 1552
479 943
943 1737
943 41
379 595
1512 379
1446 943
379 346
5 379
779 379
943 1803
1124 379
440 379
1243 943
1675 943
379 1798
1999 379
943 688
614 379
943 363
958 379
261 943
943 966
379 26
1909 379
571 379
943 1695
1052 379
943 707
454 943
115 943
379 1628
1833 379
1588 943
943 687
895 943
1843 943
379 1408
670 943
943 254
1300 943
379 1470
379 425
943 909
379 1614
379 948
1292 943
1948 379
943 101
1083 943
943 323
203 379
716 379
751 379
943 1526
1845 943
943 1715
1412 943
379 89
943 1364
738 943
21 943
379 381
62 379
160 943
310 943
1516 943
379 39
379 1073
186 379
1321 943
943 88
1168 379
1713 943
943 1971
1265 943
379 1425
943 237
1713 379
943 729
379 130
463 943
379 1964
1284 379
943 1395
586 379
379 897
379 1530
943 1253
943 1777
368 379
943 922
943 1798
1331 379
943 852
1313 943
1291 379
832 943
943 496
634 943
379 1363
379 1748
943 311
943 507
321 379
1796 379
1309 943
116 379
943 1481
943 1688
943 642
379 1424
1549 379
1205 943
696 943
943 1666
1843 379
379 776
379 97
379 399
943 595
938 379
746 379
1262 943
943 1189
218 379
728 943
110 943
943 1732
379 1836
943 1020
943 586
943 457
943 1773
1877 943
1628 943
943 1867
379 1829
548 943
379 391
1585 379
1750 379
943 1491
1622 943
379 1742
308 943
853 943
1477 379
164 379
1709 943
1371 379
1300 379
1399 379
1310 379
1443 943
1266 943
154 379
379 6
353 943
943 389
943 276
1412 379
379 224
943 449
379 961
943 1785
943 415
350 943
528 943
943 1058
191 379
513 943
379 417
1830 379
379 1639
1709 379
379 1293
943 1653
379 1604
379 106
379 1356
212 379
943 15
1359 379
379 767
442 943
379 1350
379 208
943 1791
379 518
1846 943
943 1435
565 943
943 499
1620 943
149 379
1402 943
943 809
379 1965
943 771
379 1846
1211 379
379 508
828 379
379 1861
36 943
553 943
1610 943
943 394
943 1033
1742 943
896 379
1453 379
943 1804
943 278
379 123
943 1504
943 961
1109 943
943 392
943 1198
379 1413
943 309
782 379
943 1882
638 379
512 379
943 781
1834 379
943 1256
379 1384
1882 379
379 1940
379 369
943 1220
1045 379
190 943
1174 943
379 1334
956 379
1326 379
114 943
379 903
943 708
1553 943
980 943
1101 379
943 1229
1084 379
379 1967
379 171
379 231
379 1659
1714 943
943 959
1637 943
1536 379
770 379
459 943
798 943
631 943
943 1154
1236 943
996 379
943 775
943 166
379 1267
1457 379
379 450
1014 943
1648 379
943 1598
87 379
1528 379
943 1608
239 379
783 379
1269 943
14 379
563 943
1181 943
379 912
392 379
379 499
551 943
943 1418
379 1487
379 115
943 1615
379 731
943 467
379 1674
943 1271
9 379
274 943
540 379
379 1174
945 943
1081 379
379 175
379 567
572 943
379 373
379 214
1315 943
379 140
1021 379
379 668
152 379
943 1854
1756 943
1301 379
1540 943
379 837
260 943
943 213
1521 379
943 609
943 904
943 1086
1530 943
379 799
963 379
1929 943
1724 943
1619 379
379 701
1493 943
108 379
379 99
379 978
379 1669
379 10
943 674
379 443
943 340
379 944
943 1937
943 31
943 540
379 774
1099 379
1705 943
18 943
943 1197
1747 943
379 456
863 943
943 1234
943 1836
901 379
379 808
943 383
379 31
492 943
943 1702
943 46
943 1121
491 943
1606 379
379 1440
379 780
1503 379
253 943
1945 943
389 379
943 1459
379 720
1043 943
379 1341
1472 379
943 1141
739 943
943 1080
943 1890
658 943
943 1226
905 943
979 943
201 943
379 1474
379 976
1842 379
379 1724
1003 943
943 843
943 1105
1600 379
943 1369
943 1623
1002 943
568 379
379 1783
533 943
943 169
1318 379
379 1287
1876 379
1626 943
1274 379
431 379
217 379
530 943
1686 379
379 1952
379 1314
379 930
379 1289
706 379
379 1089
943 1075
107 943
1576 943
943 910
943 1209
68 943
379 1432
379 47
1624 379
379 617
943 971
406 379
1436 379
379 160
379 452
379 448
379 1244
1600 943
44 943
1526 379
61 379
379 1009
943 304
587 379
330 943
379 1398
379 314
943 312
379 1050
379 1625
379 785
379 329
416 379
379 1071
1221 943
268 379
379 1563
943 1137
943 817
379 261
379 341
1731 943
1092 379
1299 943
943 1640
379 1556
607 379
41 379
943 1113
1698 379
943 689
943 1988
379 1760
379 162
1268 943
1320 379
943 1004
379 1720
1755 379
943 123
1270 943
851 379
379 1103
379 1902
379 841
1329 379
379 1717
379 1548
379 482
379 561
857 379
943 124
96 943
1534 379
379 1509
1929 379
379 1666
1452 943
644 379
1932 943
1789 379
943 1477
177 379
379 276
1392 943
379 932
379 1735
1772 943
1259 943
379 19
1860 943
379 78
496 379
379 1070
907 943
1986 943
1303 943
1373 379
943 967
1546 379
1778 379
943 808
1433 943
379 1339
589 943
491 379
1888 379
379 967
379 473
1715 379
379 885
943 1979
379 985
379 48
823 379
91 379
379 1180
379 1725
29 379
379 200
1402 379
379 300
943 1328
379 434
943 1066
1923 379
943 599
379 1079
943 1142
505 379
943 923
379 1090
943 1512
1368 379
1535 943
1651 943
194 379
379 650
943 23
1362 379
943 1316
379 972
705 943
677 943
943 1755
816 379
379 1807
1068 379
285 379
943 591
312 379
1513 943
1453 943
570 943
1560 379
298 379
1792 379
943 1201
379 1605
943 1380
379 1646
1182 943
379 1179
379 263
943 1486
943 508
943 1625
379 1752
379 1253
1278 379
1347 943
943 526
1991 943
943 458
943 1904
379 1169
943 1861
379 1217
379 1635
379 1997
1105 379
1133 943
943 40
877 943
821 943
943 815
939 943
379 113
379 1059
1602 379
379 1984
414 379
379 1932
1446 379
1573 379
943 494
379 1680
1499 943
379 941
943 25
943 1894
641 379
379 1907
89 943
943 1802
943 197
379 1514
455 943
870 943
763 379
379 750
379 1899
379 1404
1422 379
943 1173
943 1463
379 37
943 908
379 1970
521 943
1921 379
951 379
943 173
1511 943
943 648
1593 379
379 953
1094 379
1405 943
379 533
517 943
943 248
1545 943
943 562
379 318
168 379
1924 943
379 1138
727 379
379 190
379 884
1404 943
379 193
228 943
1916 379
1502 379
943 1424
379 274
379 1629
628 943
943 1868
376 943
703 379
1026 943
379 1763
1162 379
1188 943
1411 379
379 926
897 943
898 943
379 893
1179 943
887 943
361 943
632 379
1744 379
815 379
943 1078
1459 379
473 943
379 351
266 943
1784 943
379 1716
836 943
379 911
757 943
64 379
943 94
714 379
1464 943
921 943
379 376
379 1651
943 1707
503 379
379 675
235 379
943 1123
116 943
1454 379
1762 379
1920 379
943 406
379 1011
943 396
462 943
943 1619
379 459
943 263
600 379
865 379
1921 943
1081 943
946 379
379 1128
379 990
943 1668
943 823
379 1925
1812 379
943 1830
932 943
661 379
101 379
943 498
1246 379
453 943
943 1447
1850 379
886 943
341 943
379 1361
1794 943
1759 943
379 383
943 1267
943 974
379 1076
379 553
672 379
943 57
379 1682
693 943
379 1527
379 1547
527 943
379 1376
94 379
1005 943
1186 943
943 1414
1057 943
1797 379
1828 379
1110 379
943 1357
943 1766
1700 943
1950 379
14 943
379 1336
204 379
379 667
807 943
1849 379
379 827
943 1008
807 379
523 943
379 1559
180 379
379 1542
1010 943
873 379
1055 379
379 1431
379 1327
943 360
1506 943
379 236
185 379
1461 379
1823 379
943 1821
379 1747
943 1823
379 843
562 379
379 734
1462 379
1507 943
915 379
943 203
379 1121
379 507
1354 379
379 1295
943 1997
943 1710
269 379
943 1378
1522 379
379 1125
379 1672
379 1060
379 552
168 943
1104 943
379 989
634 379
1394 943
1952 943
379 49
379 188
379 1691
943 590
920 943
615 943
1566 379
1779 943
943 1060
943 1848
619 379
63 379
943 755
802 379
943 1837
943 1812
379 1776
943 56
379 1062
1909 943
1948 943
810 943
1006 379
943 1034
1255 943
28 943
943 873
1474 943
1503 943
379 1154
379 178
1342 379
379 939
892 379
689 379
487 943
379 629
943 629
1808 943
943 582
1356 943
1235 379
943 973
943 619
379 16
852 379
233 379
1433 379
1131 943
1974 943
943 195
379 949
710 379
954 379
804 943
379 1374
1934 379
379 107
943 610
943 3
605 943
278 379
257 943
602 943
943 1959
943 1032
1540 379
1749 943
943 1097
943 186
379 735
651 943
379 1279
6 943
943 1029
1246 943
943 1291
1382 943
404 943
943 1115
778 943
167 379
379 603
943 181
943 1557
1571 943
379 1199
943 1532
1028 943
1635 943
13 379
379 1974
1227 379
1135 943
379 577
1317 379
379 637
379 1308
379 1571
1214 379
1819 943
943 1092
68 379
379 1878
604 379
379 1024
379 1352
1985 379
379 1414
338 379
379 556
943 1936
379 1652
1235 943
379 1584
943 885
943 622
379 859
379 585
592 379
1856 379
739 379
379 753
1764 379
943 1276
379 771
202 379
943 1237
1070 943
960 943
379 1841
379 490
1260 943
925 943
943 1931
379 551
285 943
1335 379
579 943
235 943
1196 379
1587 943
1484 379
943 1717
379 334
943 1942
1590 943
943 331
379 1939
770 943
796 943
943 98
1963 943
801 943
943 1612
379 1954
1421 943
943 1792
379 2
379 1394
1250 379
943 637
180 943
1140 379
943 946
379 428
379 1626
432 379
1395 379
660 943
953 943
1719 379
943 1428
678 943
599 379
379 1493
344 943
379 760
1232 943
943 387
943 913
379 1917
943 762
1118 379
943 225
943 1284
379 1383
630 943
446 943
919 379
1030 379
1483 943
379 1981
379 93
943 292
1943 943
30 943
943 135
173 379
1485 943
379 1859
646 379
943 1072
943 64
1132 943
379 1292
379 563
379 143
856 943
379 874
943 1129
943 10
1795 943
596 379
379 85
379 1302
379 242
1541 943
943 718
379 1489
379 426
1197 379
1144 943
943 545
379 1053
1163 379
379 584
943 1368
179 943
379 881
1057 379
379 1554
766 379
379 691
1469 379
943 1572
379 722
379 1324
1633 943
1582 943
792 943
458 379
1924 379
943 140
943 727
379 1005
943 616
379 1773
1903 379
943 305
379 322
379 1893
1261 943
761 379
1854 379
29 943
952 379
379 96
943 317
379 1665
379 1192
72 379
1506 379
1565 379
943 1783
1096 943
379 1728
943 412
1806 943
943 1363
943 1667
379 163
379 583
1602 943
559 379
379 737
35 379
1401 379
379 539
379 678
1049 379
379 1495
475 943
943 1473
202 943
943 1172
1816 943
379 1657
1011 943
379 1500
379 908
1898 943
943 1158
943 541
749 943
191 943
379 1676
379 1297
234 943
379 1655
1754 943
379 610
379 1132
636 379
1032 379
379 1779
295 943
379 994
762 379
943 403
377 943
379 519
379 187
238 943
1518 943
489 943
1150 379
903 943
943 298
379 578
1730 943
1711 379
1482 379
379 1243
1509 943
943 1147
759 943
943 1965
938 943
558 943
1137 379
1321 379
351 943
379 460
1638 379
943 769
550 379
943 77
1152 379
483 379
943 262
1290 379
943 647
197 379
379 590
379 705
943 1374
884 943
560 943
943 345
37 943
379 522
38 379
379 654
157 379
943 985
943 1016
746 943
1859 943
478 379
1524 943
379 1558
488 943
1099 943
943 783
379 1108
379 1891
736 379
1672 943
943 447
1370 379
935 379
305 379
450 943
379 264
379 754
943 597
1002 379
889 379
379 1051
1214 943
943 411
379 645
1264 379
379 648
943 1838
158 943
379 227
943 272
1093 379
943 1814
943 1094
1829 943
379 601
1811 943
316 943
379 225
1220 379
336 379
379 502
1741 943
1102 379
943 1624
943 1728
34 379
943 486
1202 379
319 943
538 943
943 1006
1109 379
698 943
943 1916
379 1309
943 594
1080 379
1768 943
4 943
461 943
943 691
379 748
943 1778
1329 943
1768 379
695 943
943 1455
411 379
1505 379
1822 379
379 1696
379 1444
536 379
943 1273
379 589
933 379
1296 379
896 943
943 1947
211 943
71 943
943 1673
997 379
1221 379
1546 943
1875 943
607 943
943 1177
133 379
379 803
943 1337
1796 943
1844 943
800 379
943 1339
379 640
1633 379
1159 943
262 379
379 1230
379 44
379 576
379 1590
943 710
379 92
379 702
943 711
1184 379
943 271
532 943
1157 379
1765 379
103 379
379 1025
943 293
379 433
379 1887
1240 379
379 1405
379 1478
943 35
1353 943
379 50
196 943
1229 379
379 1471
943 941
379 118
379 628
379 1706
943 690
790 943
943 649
927 379
379 209
1642 943
707 379
1690 943
662 379
715 943
379 125
943 1185
439 379
184 379
943 1440
943 1196
481 379
943 720
379 1601
379 1044
1415 943
379 1063
943 888
379 1637
379 1515
1771 943
943 510
943 1521
943 1117
379 810
943 1874
943 958
51 379
1667 379
347 379
78 943
379 1015
943 175
943 1967
943 177
943 661
943 1649
943 241
943 1400
550 943
1500 943
943 422
778 379
379 1443
208 943
265 943
379 566
695 379
415 379
943 1818
874 943
943 1091
943 712
936 943
379 664
943 108
694 943
95 379
379 1223
1040 379
1059 943
464 379
1330 379
943 1725
379 535
378 943
379 1200
878 943
1552 379
943 1466
740 943
432 943
625 379
1587 379
379 311
1805 379
379 557
859 943
805 379
1262 379
943 16
943 1348
943 1733
1569 379
943 1274
1207 379
457 379
1603 943
943 1054
943 182
943 200
943 542
943 596
978 943
1280 943
379 455
1325 943
1966 943
379 1523
844 379
943 151
1734 379
943 1413
1858 943
1445 379
487 379
379 887
1370 943
379 1611
379 1256
42 943
943 1218
943 1548
379 1852
1203 943
57 379
669 379
531 943
379 4
379 1578
379 176
60 379
303 943
943 120
943 686
20 379
1508 943
67 943
1327 943
943 588
943 1689
804 379
943 1751
943 996
986 943
1085 379
379 1160
359 379
943 1287
1627 943
1391 379
347 943
1249 943
943 93
379 1260
1790 379
379 1232
943 1799
943 1614
1279 943
356 943
1686 943
700 379
1665 943
943 1244
460 943
1656 943
530 379
430 943
943 279
997 943
1072 379
920 379
379 1364
281 379
1434 943
1113 379
943 1277
137 943
943 1658
633 943
1698 943
1010 379
928 379
379 793
379 606
1913 943
313 943
1479 379
943 84
308 379
943 1839
1063 943
943 11
943 784
943 1180
943 193
1740 943
379 809
943 2
379 787
943 862
1248 943
1522 943
757 379
1692 379
943 111
8 943
1212 943
760 943
319 379
379 437
1573 943
1708 943
379 1193
972 943
943 1288
379 1568
1107 379
687 379
943 1793
777 943
943 1884
379 1912
1620 379
1025 943
379 495
929 379
379 1294
943 584
1330 943
659 379
379 698
1684 943
518 943
1886 379
883 943
1448 379
943 1254
943 1498
943 1639
428 943
943 1051
1697 943
667 943
219 943
379 240
1430 943
948 943
379 144
943 1289
379 1949
179 379
943 290
1886 943
943 935
779 943
321 943
622 379
90 943
326 379
379 1613
943 1987
943 1597
1958 943
1641 943
1764 943
625 943
525 379
1551 379
379 1429
206 379
379 962
379 1377
379 923
430 379
1241 379
138 379
1736 379
943 1049
379 790
943 557
1206 379
419 379
1024 943
1155 379
379 1225
379 663
943 1617
943 1527
147 379
379 488
943 178
1452 379
153 379
260 379
943 819
620 943
943 80
943 668
1989 943
379 980
379 1603
1912 943
1143 943
1338 379
1086 379
379 1910
379 521
379 1281
1840 943
1700 379
1641 379
1035 379
943 942
943 1195
943 1245
379 916
1028 379
379 30
379 1285
781 379
1753 943
379 598
943 851
943 1569
582 379
379 1019
1723 379
379 429
379 1647
943 1125
1293 943
913 379
379 1705
39 943
943 343
379 755
943 703
1466 379
1420 379
1694 379
1305 943
379 1226
943 1613
318 943
425 943
1528 943
617 943
646 943
379 1131
379 812
1712 943
813 379
841 943
379 25
943 722
379 621
379 726
866 943
754 943
379 251
638 943
379 537
1988 379
1718 379
379 509
379 1877
379 1442
943 1960
1036 379
943 1750
647 379
1488 943
379 424
379 991
794 379
819 379
379 1802
943 1349
1056 379
1367 379
943 1993
943 826
1943 379
17 379
949 943
379 1237
943 1876
835 379
893 943
1839 379
76 943
1194 943
503 943
871 943
501 379
379 1498
134 379
943 780
223 943
1652 943
943 1087
943 1691
943 1897
943 669
943 103
379 1427
943 890
434 943
379 651
1494 943
379 1406
943 906
943 391
943 27
1451 943
379 524
943 1462
943 1644
1112 943
943 1383
943 1586
1029 379
943 1388
55 379
379 1145
379 943
943 1992
943 54
943 1102
379 822
943 1718
379 1697
379 676
379 671
379 1236
379 1865
1202 943
943 1387
943 1426
379 1087
943 914
943 1536
379 402
379 886
1033 379
1545 379
1106 379
379 1344
379 1926
943 768
379 352
943 699
943 53
943 95
943 277
379 745
957 943
981 379
943 1038
445 379
1832 943
132 379
943 1933
379 1204
379 294
379 1481
943 1669
1880 379
379 119
379 850
379 1271
395 943
320 379
1438 943
591 379
1857 379
32 379
1208 379
379 1961
1482 943
943 566
943 1950
943 24
1042 379
1975 943
943 603
1257 943
259 379
379 86
379 494
1720 943
943 1385
379 21
390 943
894 379
943 1460
943 280
379 18
1281 943
943 1127
379 593
943 811
1612 379
219 379
54 379
575 943
943 623
1242 943
379 400
264 943
1319 379
943 1956
379 565
1305 379
63 943
1187 379
379 1989
1695 379
593 943
379 289
1208 943
943 393
1795 379
943 1654
1595 379
1058 379
605 379
943 381
758 943
379 42
379 1268
60 943
1340 379
1656 379
943 451
943 992
1355 379
1048 943
226 943
302 379
131 379
418 943
912 943
82 943
943 543
943 837
45 943
379 1098
58 379
598 943
889 943
929 943
1866 379
571 943
368 943
1047 379
943 818
608 379
1990 379
943 937
840 943
957 379
379 357
59 943
1153 943
1241 943
1583 379
943 99
685 379
400 943
476 379
22 379
362 943
1012 943
379 1299
398 379
556 943
379 385
379 1973
943 1765
943 1692
59 379
1553 379
379 1013
943 1631
337 379
943 725
230 943
944 943
379 297
129 943
379 1791
379 523
402 943
379 442
943 1377
1301 943
943 954
1735 943
379 1690
379 1083
379 1480
608 943
943 1036
379 863
1115 379
1674 943
1975 379
858 379
673 943
1399 943
379 1347
995 943
974 379
883 379
1895 943
306 379
1089 943
379 1564
149 943
174 943
379 1332
943 302
1987 379
379 332
268 943
677 379
379 1702
1648 943
943 1039
1101 943
379 1037
943 1687
379 1173
379 1668
379 1397
624 379
1018 379
1661 379
639 943
655 943
1533 943
379 1316
1203 379
379 713
379 1126
943 1478
1338 943
137 379
656 943
511 379
943 500
943 92
379 740
924 379
943 924
379 467
943 109
1048 379
379 1218
1606 943
379 1417
895 379
943 800
943 1885
379 73
864 379
370 943
127 943
1135 379
943 1042
348 943
943 1534
1523 943
943 438
1969 943
943 1502
943 1472
547 379
999 943
943 546
1357 379
379 1497
1855 379
1660 943
943 882
624 943
215 379
788 379
379 255
943 1781
943 157
806 379
943 1384
1664 943
379 1874
943 1322
1605 943
943 97
853 379
413 943
43 943
1793 379
943 752
943 955
379 752
943 247
379 394
465 943
379 1205
385 943
943 1122
19 943
379 420
1771 379
292 379
379 1944
943 1746
943 736
848 943
1547 943
943 1892
379 1862
231 943
654 943
379 33
288 379
1999 943
410 379
1769 943
943 1899
943 1228
379 1165
379 656
1827 943
379 1031
943 1183
379 145
928 943
1007 943
1736 943
379 486
12 379
379 70
1130 379
943 501
943 1977
379 234
1915 943
1986 379
1261 379
943 20
379 1188
1501 379
943 1862
943 652
943 1748
1968 943
379 890
943 1866
465 379
943 1722
221 943
1609 379
943 1344
379 666
943 774
943 701
379 296
464 943
379 362
379 1069
379 1185
820 379
1951 943
379 1896
1738 379
822 943
345 379
379 155
1427 943
379 1905
943 1757
505 943
943 1801
1272 943
379 472
379 878
379 1490
943 1767
1065 379
379 1091
1607 943
1514 943
379 784
379 845
379 1688
379 1524
943 600
988 379
379 1504
943 1130
379 1008
239 943
1270 379
379 905
943 61
943 150
943 205
721 943
943 1869
379 1266
876 379
232 379
1259 379
943 417
1990 943
943 934
943 1678
943 650
1594 379
1542 943
379 323
1565 943
379 1313
943 146
379 151
1108 943
943 288
379 1982
943 683
1448 943
379 287
1972 943
943 244
943 256
943 915
943 397
1239 943
379 649
431 943
1810 943
1166 943
379 1360
379 1927
1704 943
379 169
943 1056
379 100
943 1013
379 1875
1447 379
1663 943
1963 379
1820 943
943 74
943 1849
1409 379
943 846
1358 943
1740 379
396 379
943 902
1670 943
943 1233
413 379
1811 379
379 174
379 378
943 511
379 998
1711 943
1162 943
379 228
379 480
379 712
379 330
535 943
943 1471
984 379
379 1586
943 365
772 379
1896 943
379 569
943 519
635 943
1310 943
379 244
769 379
172 379
943 349
811 379
1942 379
379 1419
379 1959
943 1342
1926 943
379 1508
145 943
943 1492
379 1194
943 1842
943 346
379 165
379 1820
1782 379
379 627
58 943
379 1097
943 744
1334 943
366 943
379 879
462 379
249 379
379 1557
966 379
1217 943
943 52
943 1847
943 763
1815 379
943 1019
1490 943
1539 379
700 943
379 253
86 943
1068 943
1393 379
242 943
741 379
427 379
1376 943
1285 943
379 1195
379 127
301 943
747 943
943 440
943 1307
379 1730
1409 943
943 1345
1550 379
379 801
1910 943
1186 379
373 943
379 1134
943 825
1680 943
917 379
943 1200
1616 379
379 1544
379 1348
379 1100
943 671
379 743
943 1009
999 379
943 1891
1953 943
943 227
379 1511
379 195
943 1729
943 1946
379 307
379 1201
1517 379
943 133
433 943
218 943
379 2000
943 1745
1961 943
379 715
1824 943
1643 943
379 1889
984 943
379 947
630 379
862 379
379 1739
1178 943
1022 379
379 1096
379 404
1046 943
1817 943
379 1272
1941 379
1562 943
1599 379
1971 379
943 1317
943 1828
132 943
148 379
1247 943
379 665
943 1560
1460 379
1378 379
1848 379
797 379
943 106
1954 943
1020 379
1286 943
1204 943
653 379
943 812
379 1813
1298 943
379 1529
943 1176
529 379
559 943
850 943
943 899
585 943
379 284
831 379
943 1831
943 1324
1465 379
1575 943
977 379
379 1761
1183 379
943 1981
379 1275
1794 379
379 643
1434 379
379 1860
718 379
379 454
943 618
943 49
1445 943
943 1873
943 1595
943 480
379 1349
379 1139
379 8
379 1679
477 943
504 379
379 1252
379 847
353 379
1835 943
826 379
436 379
943 1161
1398 943
379 83
379 1381
327 379
577 943
289 943
379 1467
639 379
943 824
379 1804
379 979
943 441
1905 943
943 9
80 379
943 797
888 379
379 516
969 379
1543 943
943 75
943 1727
1386 943
1622 379
379 196
544 379
379 1817
1710 379
627 943
379 446
943 1296
670 379
943 536
1925 943
1927 943
1973 943
1763 943
943 750
1788 379
534 379
1618 379
1913 379
1397 943
379 1733
1488 379
943 1567
943 1618
659 943
379 891
1761 943
943 1856
447 379
1282 943
1611 943
943 685
1786 943
73 943
943 1923
379 265
943 1484
1242 379
379 690
379 15
1238 943
379 1685
1396 379
1407 943
1732 379
379 1858
943 325
506 943
1743 379
1435 379
156 943
982 943
943 534
943 1539
943 1706
520 379
1914 943
943 1822
112 379
223 379
834 943
379 918
379 1681
626 943
943 478
379 1181
943 788
379 1640
185 943
943 1646
994 943
1685 943
1714 379
1696 943
55 943
1780 379
365 379
1992 379
1455 379
232 943
983 379
868 943
943 121
943 493
943 407
1306 379
379 363
943 1359
943 1031
379 506
423 379
943 427
379 1476
542 379
943 580
379 510
206 943
869 379
943 484
379 315
943 1332
943 829
1533 379
943 1888
1607 379
943 162
1390 379
943 991
943 1190
379 786
943 1596
943 1920
1541 379
943 766
943 388
1114 379
943 1938
943 879
943 1676
139 379
943 1851
1996 943
1354 943
379 355
384 379
379 271
541 379
943 1168
379 777
545 379
1122 379
187 943
943 1907
475 379
1908 379
943 1470
943 270
881 943
943 1231
943 1850
379 75
379 1576
943 1360
1396 943
515 943
965 943
943 332
846 379
1485 379
379 290
751 943
379 528
943 1465
943 165
877 379
1662 943
379 1756
79 379
1650 379
379 1784
546 379
1853 379
943 243
2000 943
379 1494
379 697
1871 943
943 421
514 379
1003 379
943 1064
379 1159
1657 943
379 834
1803 379
943 352
372 943
1775 379
379 1770
943 555
1431 943
1093 943
943 481
146 379
745 943
1914 379
943 184
1386 379
943 1258
379 682
940 379
943 998
423 943
379 245
943 198
379 354
943 854
379 992
943 408
468 943
113 943
379 405
1473 379
943 1278
982 379
943 1475
40 379
252 943
943 1911
943 1361
943 246
943 1941
379 1463
943 91
813 943
943 1566
1233 379
956 943
1175 943
943 476
943 212
943 706
943 1365
1037 943
421 379
1406 943
1772 379
379 377
943 606
379 936
943 1150
379 1658
943 547
1655 943
379 1809
379 922
943 713
105 379
943 742
403 379
22 943
379 492
943 1469
943 733
379 1389
943 342
1343 943
379 1210
1231 379
1851 379
1601 943
943 1716
1456 943
1845 379
1872 943
379 1041
1034 379
379 1978
943 662
379 836
220 379
379 1642
1631 379
943 1164
1739 943
379 111
306 943
1878 943
1169 943
379 1366
555 379
666 943
1407 379
943 1852
129 379
1341 943
635 379
1312 943
943 1111
1578 943
1731 379
379 397
267 379
520 943
286 379
867 379
379 914
379 122
681 943
166 379
719 943
943 472
1786 379
1198 379
1499 379
379 77
756 379
379 1898
1177 379
943 1805
818 379
24 379
708 379
1518 379
943 443
138 943
943 1053
339 379
1589 379
943 1616
28 379
379 1531
943 154
1729 379
943 930
1525 379
952 943
1073 943
344 379
943 320
943 490
943 1609
943 1126
1787 943
1114 943
379 1222
192 379
379 825
266 379
1387 379
943 1145
1066 379
379 1286
1439 379
379 532
338 943
943 336
773 943
461 379
943 1157
1644 379
150 379
768 379
943 444
1653 379
1366 943
943 684
375 379
943 845
699 379
379 1814
644 943
1673 379
379 1171
1962 379
379 199
1908 943
370 379
943 1479
379 1283
943 833
1489 943
379 960
1308 943
379 1832
943 374
1529 943
943 975
943 587
379 358
943 791
1636 943
588 379
379 609
161 379
1881 379
379 1591
943 1027
1124 943
379 1935
379 250
379 543
445 943
1421 379
484 379
379 1598
379 497
379 1507
1191 379
943 1585
1464 379
943 1800
1939 943
1505 943
1219 943
379 1430
1661 943
824 379
1294 943
1358 379
1592 379
105 943
343 379
943 1213
379 680
943 1550
379 1774
17 943
254 379
379 1288
943 1593
943 1982
943 1574
943 802
943 85
943 1192
126 943
943 384
1175 379
943 1577
379 158
1450 379
379 309
943 1887
1580 379
1689 379
379 840
1998 379
1835 379
943 539
973 379
379 925
943 1165
379 789
943 65
43 379
943 968
1808 379
943 1592
1035 943
943 1206
1634 379
1955 379
1953 379
52 379
1629 943
213 379
1216 943
943 435
1538 943
148 943
943 1865
379 657
1151 379
379 1933
943 1510
379 1610
867 943
616 379
943 251
799 943
379 749
943 296
379 142
437 943
379 1562
1758 943
1147 379
379 1189
1867 379
943 1390
943 1151
758 379
943 269
554 379
48 943
1949 943
379 247
1350 943
943 1726
1760 943
1790 943
869 943
943 679
858 943
1120 379
379 1968
1767 379
943 1671
333 943
943 860
831 943
7 943
943 1362
379 1938
943 1263
1238 379
1591 943
943 765
1551 943
943 62
379 1721
943 549
943 1084
379 141
943 216
943 573
943 876
1840 379
573 379
531 379
838 943
379 959
379 1410
943 1683
1544 943
303 379
198 379
943 164
379 361
388 379
379 366
820 943
1215 379
943 307
943 1297
379 407
943 1583
1323 943
379 435
317 379
1870 943
444 379
1632 943
379 795
1117 379
631 379
379 872
943 122
183 943
189 943
182 379
943 1813
379 1863
379 1677
1810 379
1251 379
943 159
943 1537
943 69
379 1428
379 183
379 792
379 681
1119 379
641 943
1994 379
328 943
379 1012
379 898
379 1582
592 943
856 379
379 328
1797 943
943 47
1067 943
943 1487
1193 943
1818 379
943 1515
1738 943
943 1442
1040 943
379 1104
943 1077
1935 943
1915 379
379 1437
943 281
943 322
379 724
379 673
379 222
393 379
943 1495
943 734
692 379
943 1501
379 655
379 1919
524 943
943 371
1111 379
554 943
827 943
1318 943
379 1382
1904 379
943 267
955 379
1379 943
12 943
943 1044
170 943
1567 379
429 943
1687 379
1556 943
943 204
1579 379
943 1825
468 379
943 1023
832 379
379 1496
943 1076
379 124
379 1617
943 1900
379 1456
943 1306
188 943
316 379
943 79
943 1922
379 513
943 469
943 1373
849 379
943 1222
1275 943
1769 379
327 943
943 512
379 1312
98 379
943 1679
1879 943
379 1172
855 379
23 379
1263 379
1304 943
379 493
379 11
842 943
1088 379
114 379
1426 379
981 943
775 379
951 943
379 1247
379 579
1441 943
221 379
1906 379
1014 379
380 943
379 1753
502 943
426 943
943 675
1353 379
379 684
943 1082
325 379
379 1351
1704 379
1146 943
848 379
1596 379
682 943
1579 943
1227 943
943 1744
379 1758
379 934
379 1510
379 615
1112 379
1223 943
943 294
379 1001
1597 379
379 642
943 743
1088 943
1660 379
379 324
943 1834
1176 379
918 943
943 1558
943 1098
379 3
36 379
943 1998
943 1703
504 943
1264 943
379 575
1890 379
1977 379
943 716
379 1623
65 379
552 943
379 821
1525 943
943 1311
943 632
847 943
379 560
717 379
1457 943
379 721
943 613
943 1230
379 371
171 943
379 350
943 172
1064 379
379 1491
943 1090
570 379
880 943
1901 379
943 611
943 1978
273 943
943 405
379 1328
943 1425
379 422
943 1985
1806 379
943 1564
207 943
214 943
943 576
894 943
564 379
943 664
943 142
379 1824
379 1675
216 379
943 806
529 943
943 776
379 1671
379 1143
1283 943
1781 379
943 1136
379 1947
696 379
950 379
155 943
943 367
379 1475
275 943
1095 943
379 1043
976 943
379 409
943 1774
943 1116
117 379
379 45
1570 943
1467 943
943 1723
558 379
1047 943
1052 943
830 943
379 1451
943 1030
636 943
943 1225
943 1450
1213 379
943 1170
329 943
379 1156
988 943
379 725
581 943
379 498
379 109
1621 943
1127 379
474 943
943 485
258 943
82 379
971 379
379 1654
469 379
943 1155
379 709
379 1337
623 379
1224 943
379 474
379 860
283 379
1956 379
379 658
1303 379
943 1496
1476 943
379 1385
379 489
286 943
816 943
379 742
379 1980
379 817
379 1007
943 233
943 785
943 375
379 282
245 943
943 334
379 248
1707 379
1991 379
943 917
1215 943
943 117
379 1555
1004 379
379 1282
295 379
943 1134
379 382
761 943
379 1799
1391 943
1701 943
943 1326
1017 379
1346 943
300 943
144 943
420 943
943 1604
379 1141
379 1581
1837 379
943 697
1138 943
943 756
943 1994
943 416
943 1001
1670 379
1128 943
379 1831
379 1307
1638 943
495 943
943 1367
943 471
943 222
943 676
580 379
1699 943
943 1199
1140 943
514 943
1563 943
844 943
943 401
379 1897
379 833
943 1955
287 943
379 597
773 379
1819 379
379 937
207 379
943 987
379 1276
943 900
379 1133
1826 379
1392 379
990 943
943 50
398 943
477 379
379 1895
1807 943
943 1110
1365 379
1148 379
1120 943
1211 943
379 1759
379 84
1210 943
704 943
943 194
943 1335
1379 379
1149 943
1250 943
379 1918
943 1752
102 379
1038 379
379 986
943 358
379 367
943 989
1182 379
931 943
485 379
943 612
379 1277
943 1645
369 943
379 1972
943 1734
112 943
943 764
943 297
379 1787
943 855
943 1156
379 1649
943 1069
943 875
943 814
66 943
1209 379
864 943
1996 379
1838 379
1743 943
943 5
379 1632
379 201
943 1934
1077 379
1549 943
379 1621
2000 2000 2000 2000 2000 2000 2000 2000 2000 2000 2000 2000 2000 2000 2000 2000 2000 2000 2000 2000 2000 2000 2000 2000 2000 2000 2000 2000 2000 2000 2000 2000 2000 2000 2000 2000 2000 2000 2000 2000 2000 2000 2000 2000 2000 2000 2000 2000 2000 2000 2000 2000 2000 2000 2000 2000 2000 2000 2000 2000 2000 2000 2000 2000 2000 2000 2000 2000 2000 2000 2000 2000 2000 2000 2000 2000 2000 2000 2000 2000 2000 2000 2000 2000 2000 2000 2000 2000 2000 2000 2000 2000 2000 2000 2000 2000 2000 2000 2000 2000 2000 2000 2000 2000 2000 2000 2000 2000 2000 2000 2000 2000 2000 2000 2000 2000 2000 2000 2000 2000 2000 2000 2000 2000 2000 2000 2000 2000 2000 2000 2000 2000 2000 2000 2000 2000 2000 2000 2000 2000 2000 2000 2000 2000 2000 2000 2000 2000 2000 2000 2000 2000 2000 2000 2000 2000 2000 2000 2000 2000 2000 2000 2000 2000 2000 2000 2000 2000 2000 2000 2000 2000 2000 2000 2000 2000 2000 2000 2000 2000 2000 2000 2000 2000 2000 2000 2000 2000 2000 2000 2000 2000 2000 2000 2000 2000 2000 2000 2000 2000 2000 2000 2000 2000 2000 2000 2000 2000 2000 2000 2000 2000 2000 2000 2000 2000 2000 2000 2000 2000 2000 2000 2000 2000 2000 2000 2000 2000 2000 2000 2000 2000 2000 2000 2000 2000 2000 2000 2000 2000 2000 2000 2000 2000 2000 2000 2000 2000 2000 2000 2000 2000 2000 2000 2000 2000 2000 2000 2000 2000 2000 2000 2000 2000 2000 2000 2000 2000 2000 2000 2000 2000 2000 2000 2000 2000 2000 2000 2000 2000 2000 2000 2000 2000 2000 2000 2000 2000 2000 2000 2000 2000 2000 2000 2000 2000 2000 2000 2000 2000 2000 2000 2000 2000 2000 2000 2000 2000 2000 2000 2000 2000 2000 2000 2000 2000 2000 2000 2000 2000 2000 2000 2000 2000 2000 2000 2000 2000 2000 2000 2000 2000 2000 2000 2000 2000 2000 2000 2000 2000 2000 2000 2000 2000 2000 2000 2000 2000 2000 2000 2000 2000 2000 2000 2000 2000 2000 2000 2000 2000 2000 2000 2000 2000 2000 2000 2000 2000 2000 2000 2000 2000 2000 2000 2000 2000 2000 2000 2000 2000 2000 2000 2000 2000 2000 2000 2000 2000 2000 2000 2000 2000 2000 2000 2000 2000 2000 2000 2000 2000 2000 2000 2000 2000 2000 2000 2000 2000 2000 2000 2000 2000 2000 2000 2000 2000 2000 2000 2000 2000 2000 2000 2000 2000 2000 2000 2000 2000 2000 2000 2000 2000 2000 2000 2000 2000 2000 2000 2000 2000 2000 2000 2000 2000 2000 2000 2000 2000 2000 2000 2000 2000 2000 2000 2000 2000 2000 2000 2000 2000 2000 2000 2000 2000 2000 2000 2000 2000 2000 2000 2000 2000 2000 2000 2000 2000 2000 2000 2000 2000 2000 2000 2000 2000 2000 2000 2000 2000 2000 2000 2000 2000 2000 2000 2000 2000 2000 2000 2000 2000 2000 2000 2000 2000 2000 2000 2000 2000 2000 2000 2000 2000 2000 2000 2000 2000 2000 2000 2000 2000 2000 2000 2000 2000 2000 2000 2000 2000 2000 2000 2000 2000 2000 2000 2000 2000 2000 2000 2000 2000 2000 2000 2000 2000 2000 2000 2000 2000 2000 2000 2000 2000 2000 2000 2000 2000 2000 2000 2000 2000 2000 2000 2000 2000 2000 2000 2000 2000 2000 2000 2000 2000 2000 2000 2000 2000 2000 2000 2000 2000 2000 2000 2000 2000 2000 2000 2000 2000 2000 2000 2000 2000 2000 2000 2000 2000 2000 2000 2000 2000 2000 2000 2000 2000 2000 2000 2000 2000 2000 2000 2000 2000 2000 2000 2000 2000 2000 2000 2000 2000 2000 2000 2000 2000 2000 2000 2000 2000 2000 2000 2000 2000 2000 2000 2000 2000 2000 2000 2000 2000 2000 2000 2000 2000 2000 2000 2000 2000 2000 2000 2000 2000 2000 2000 2000 2000 2000 2000 2000 2000 2000 2000 2000 2000 2000 2000 2000 2000 2000 2000 2000 2000 2000 2000 2000 2000 2000 2000 2000 2000 2000 2000 2000 2000 2000 2000 2000 2000 2000 2000 2000 2000 2000 2000 2000 2000 2000 2000 2000 2000 2000 2000 2000 2000 2000 2000 2000 2000 2000 2000 2000 2000 2000 2000 2000 2000 2000 2000 2000 2000 2000 2000 2000 2000 2000 2000 2000 2000 2000 2000 2000 2000 2000 2000 2000 2000 2000 2000 2000 2000 2000 2000 2000 2000 2000 2000 2000 2000 2000 2000 2000 2000 2000 2000 2000 2000 2000 2000 2000 2000 2000 2000 2000 2000 2000 2000 2000 2000 2000 2000 2000 2000 2000 2000 2000 2000 2000 2000 2000 2000 2000 2000 2000 2000 2000 2000 2000 2000 2000 2000 2000 2000 2000 2000 2000 2000 2000 2000 2000 2000 2000 2000 2000 2000 2000 2000 2000 2000 2000 2000 2000 2000 2000 2000 2000 2000 2000 2000 2000 2000 2000 2000 2000 2000 2000 2000 2000 2000 2000 2000 2000 2000 2000 2000 2000 2000 2000 2000 2000 2000 2000 2000 2000 2000 2000 2000 2000 2000 2000 2000 2000 2000 2000 2000 2000 2000 2000 2000 2000 2000 2000 2000 2000 2000 2000 2000 2000 2000 2000 2000 2000 2000 2000 2000 2000 2000 2000 2000 2000 2000 2000 2000 2000 2000 2000 2000 2000 2000 2000 2000 2000 2000 2000 2000 2000 2000 2000 2000 2000 2000 2000 2000 2000 2000 2000 2000 2000 2000 2000 2000 2000 2000 2000 2000 2000 2000 2000 2000 2000 2000 2000 2000 2000 2000 2000 2000 2000 2000 2000 2000 2000 2000 2000 2000 2000 2000 2000 2000 2000 2000 2000 2000 2000 2000 2000 2000 2000 2000 2000 2000 2000 2000 2000 2000 2000 2000 2000 2000 2000 2000 2000 2000 2000 2000 2000 2000 2000 2000 2000 2000 2000 2000 2000 2000 2000 2000 2000 2000 2000 2000 2000 2000 2000 2000 2000 2000 2000 2000 2000 2000 2000 2000 2000 2000 2000 2000 2000 2000 2000 2000 2000 2000 2000 2000 2000 2000 2000 2000 2000 2000 2000 2000 2000 2000 2000 2000 2000 2000 2000 2000 2000 2000 2000 2000 2000 2000 2000 2000 2000 2000 2000 2000 2000 2000 2000 2000 2000 2000 2000 2000 2000 2000 2000 2000 2000 2000 2000 2000 2000 2000 2000 2000 2000 2000 2000 2000 2000 2000 2000 2000 2000 2000 2000 2000 2000 2000 2000 2000 2000 2000 2000 2000 2000 2000 2000 2000 2000 2000 2000 2000 2000 2000 2000 2000 2000 2000 2000 2000 2000 2000 2000 2000 2000 2000 2000 2000 2000 2000 2000 2000 2000 2000 2000 2000 2000 2000 2000 2000 2000 2000 2000 2000 2000 2000 2000 2000 2000 2000 2000 2000 2000 2000 2000 2000 2000 2000 2000 2000 2000 2000 2000 2000 2000 2000 2000 2000 2000 2000 2000 2000 2000 2000 2000 2000 2000 2000 2000 2000 2000 2000 2000 2000 2000 2000 2000 2000 2000 2000 2000 2000 2000 2000 2000 2000 2000 2000 2000 2000 2000 2000 2000 2000 2000 2000 2000 2000 2000 2000 2000 2000 2000 2000 2000 2000 2000 2000 2000 2000 2000 2000 2000 2000 2000 2000 2000 2000 2000 2000 2000 2000 2000 2000 2000 2000 2000 2000 2000 2000 2000 2000 2000 2000 2000 2000 2000 2000 2000 2000 2000 2000 2000 2000 2000 2000 2000 2000 2000 2000 2000 2000 2000 2000 2000 2000 2000 2000 2000 2000 2000 2000 2000 2000 2000 2000 2000 2000 2000 2000 2000 2000 2000 2000 2000 2000 2000 2000 2000 2000 2000 2000 2000 2000 2000 2000 2000 2000 2000 2000 2000 2000 2000 2000 2000 2000 2000 2000 2000 2000 2000 2000 2000 2000 2000 2000 2000 2000 2000 2000 2000 2000 2000 2000 2000 2000 2000 2000 2000 2000 2000 2000 2000 2000 2000 2000 2000 2000 2000 2000 2000 2000 2000 2000 2000 2000 2000 2000 2000 2000 2000 2000 2000 2000 2000 2000 2000 2000 2000 2000 2000 2000 2000 2000 2000 2000 2000 2000 2000 2000 2000 2000 2000 2000 2000 2000 2000 2000 2000 2000 2000 2000 2000 2000 2000 2000 2000 2000 2000 2000 2000 2000 2000 2000 2000 2000 2000 2000 2000 2000 2000 2000 2000 2000 2000 2000 2000 2000 2000 2000 2000 2000 2000 2000 2000 2000 2000 2000 2000 2000 2000 2000 2000 2000 2000 2000 2000 2000 2000 2000 2000 2000 2000 2000 2000 2000 2000 2000 2000 2000 2000 2000 2000 2000 2000 2000 2000 2000 2000 2000 2000 2000 2000 2000 2000 2000 2000 2000 2000 2000 2000 2000 2000 2000 2000 2000 2000 2000 2000 2000 2000 2000 2000 2000 2000 2000 2000 2000 2000 2000 2000 2000 2000 2000 2000 2000 2000 2000 2000 2000 2000 2000 2000 2000 2000 2000 2000 2000 2000 2000 2000 2000 2000 2000 2000 2000 2000 2000 2000 2000 2000 2000 2000 2000 2000 2000 2000 2000 2000 2000 2000 2000 2000 2000 2000 2000 2000 2000 2000 2000 2000 2000 2000 2000 2000 2000 2000 2000 2000 2000 2000 2000 2000 2000 2000 2000 2000 2000 2000 2000 2000 2000 2000 2000 2000 2000 2000 2000 2000 2000 2000 2000 2000 2000 2000 2000 2000 2000 2000 2000 2000 2000 2000 2000 2000 2000 2000 2000 2000 2000 2000 2000 2000 2000 2000 2000 2000 2000 2000 2000 2000 2000 2000 2000 2000 2000 2000 2000 2000 2000 2000 2000 2000 2000 2000 2000 2000 2000 2000 2000 2000 2000 2000 2000 2000 2000 2000 2000 2000 2000 2000 2000 2000 2000 2000 2000 2000 2000 2000 2000 2000 2000 2000 2000 2000 2000 2000 2000 2000 2000 2000 2000 2000 2000 2000 2000 2000 2000 2000 2000 2000 2000 2000 2000 2000 2000 2000 2000 2000 2000 2000 2000 2000 2000 2000 2000 2000 2000 2000 2000 2000 2000 2000 2000 2000 2000 2000 2000 2000 2000 2000 2000 2000 2000 2000 2000 2000 2000 2000 2000 2000 2000 2000 2000 2000 2000 2000 2000 2000 2000 2000 2000 2000 2000 2000 2000 2000 2000 2000 2000 2000 2000 2000 2000 2000 2000 2000 2000 2000 2000 2000 2000 2000 2000 2000 2000 2000 2000 2000 2000 2000 2000 2000 2000 2000 2000 2000 2000 2000 2000 2000 2000 2000 2000 2000 2000 2000 2000 2000 2000 2000 2000 2000 2000 2000 2000 2000 2000 2000 2000 2000 2000 2000 2000 2000 2000 2000 2000 2000 2000 2000 2000 2000 2000 2000 2000 2000 2000 2000 2000 2000 2000 2000 2000 2000 2000 2000 2000 2000 2000 2000 2000 2000 2000 2000 2000 2000 2000 2000 2000 2000 2000 2000 2000 2000 2000 2000 2000 2000 2000 2000 2000 2000 2000 2000 2000 2000 2000 2000 2000 2000 2000 2000 2000 2000 2000 2000 2000 2000 2000 2000 2000 2000 2000 2000 2000 2000 2000 2000 2000 2000 2000 2000 2000 2000 2000 2000 2000 2000 2000 2000 2000 2000 2000 2000 2000 2000 2000 2000 2000 2000 2000 2000 2000 2000 2000 2000 2000 2000 2000 2000 2000 2000 2000 2000 2000 2000 2000 2000 2000 2000 2000 2000 2000 2000 2000 2000 2000 2000 2000 2000 2000 2000 2000 2000 2000 2000 2000 2000 2000 2000 2000 2000 2000 2000 2000 2000 2000 2000 2000 2000 2000 2000 2000 2000 2000 2000 2000 2000 2000 2000 2000 2000 2000 2000 2000 2000 2000 2000 2000 2000 2000 2000 2000 2000 2000 2000 2000 2000 2000 2000 2000 2000 2000 2000 2000 2000 2000 2000 2000 2000 2000 2000 2000 2000 2000 2000 2000 2000 2000 2000 2000 2000 2000 2000 2000 2000 2000 2000 2000 2000 2000 2000 2000 2000 2000 2000 2000 2000 2000 2000 2000 2000 2000 2000 2000 2000 2000 2000 2000 2000 2000 2000 2000 2000 2000 2000 2000 2000 2000 2000 2000 2000 2000 2000 2000 2000 2000 2000 2000 2000 2000 2000 2000 2000 2000 2000 2000 2000 2000 2000 2000 2000 2000 2000 2000 2000 2000 2000 2000 2000 2000
