2000 4000
1226 831
1272 380
1624 1987
1542 813
1246 1070
916 27
21 1567
191 1962
109 911
724 723
1556 1868
1509 1668
1856 1717
1723 424
862 127
1311 684
381 198
1457 1441
1486 1075
1670 1415
70 1909
1736 1680
1023 524
1080 1210
984 46
503 930
1616 1810
422 927
988 1499
638 179
498 1578
614 1907
1664 53
1215 1141
132 1727
533 392
842 1788
499 470
350 472
1368 1061
183 668
429 662
1517 821
1104 1557
580 376
486 1475
1781 1326
1350 1150
343 1727
1073 1759
1076 1414
88 1498
629 1932
56 807
783 144
468 18
347 142
1819 916
594 355
851 718
1411 1837
1215 163
1073 869
1387 214
4 1174
1473 426
1943 1544
1414 251
1877 851
619 219
1496 982
50 1303
514 1825
1613 329
1543 461
366 1543
1916 524
377 1539
1976 1642
855 1915
1573 1946
213 1418
1690 161
357 979
985 1231
241 180
1572 1735
1194 562
717 1600
1378 1610
53 797
260 1188
404 530
1712 792
550 1455
1530 620
464 1262
1908 1967
964 1788
578 1927
1054 909
1869 863
698 1646
1274 1774
1517 1314
1865 1874
975 359
1432 1090
1068 43
1860 1413
1321 931
1134 928
1472 1028
459 1736
88 857
1478 1967
12 1098
486 457
1035 894
934 1631
1178 307
836 1744
1529 52
152 1191
1249 497
497 1105
1057 1832
28 254
1093 1676
887 979
1099 1243
700 1546
1609 659
578 57
1518 3
1357 1248
592 1043
469 1548
1072 486
1076 434
1558 675
1450 379
761 842
491 55
510 488
1549 1574
1026 1198
3 948
455 632
1189 1995
132 1794
1200 844
1096 870
1523 1146
876 367
131 1958
653 780
280 413
419 26
1113 1683
591 811
1500 1388
486 177
953 1094
744 812
312 171
1577 310
1379 172
1400 1930
1593 1885
1303 256
914 57
775 290
510 280
451 325
1256 88
1386 52
1055 1649
465 1979
636 1071
659 490
903 462
209 1962
1623 1215
878 1281
156 1809
1771 756
25 302
1499 1130
1111 1923
476 1425
1012 1276
1221 1618
1272 33
148 488
1410 1526
945 30
246 785
849 1188
524 732
1389 1402
902 423
1605 765
713 43
1733 1735
1757 1962
366 1553
664 616
323 118
1363 1267
952 1812
1661 1096
1499 347
932 975
569 1133
79 1343
960 1914
1168 1973
1726 386
1832 336
1688 1725
85 1801
1702 930
1508 1716
506 658
1622 1159
86 1374
746 489
8 991
345 1531
1402 1597
1594 624
1364 350
1099 908
1884 110
101 1260
33 1564
1019 463
652 944
417 355
42 1279
1375 227
1565 1686
428 187
518 1534
249 927
1107 731
36 655
1125 1174
1660 1124
1936 1366
421 509
595 933
1094 1783
274 875
359 1967
1336 803
1680 365
605 777
1289 1338
1832 1886
1659 1115
341 1163
111 1752
845 1265
391 1597
1711 1319
864 947
780 1089
1942 1968
1909 1809
1005 1133
1458 651
643 659
461 839
1076 978
574 1185
1061 1649
429 463
439 1648
474 1216
229 1486
818 534
1559 1449
400 1515
181 452
1420 1466
49 787
1877 1448
1880 1561
1701 1015
1656 1733
264 1094
1613 1971
1127 1972
1392 1471
732 1389
1533 1014
63 1967
1690 165
1285 1871
761 1446
398 1986
65 510
202 836
1937 207
268 632
370 1985
1591 715
17 1066
1289 1174
565 1870
1435 542
1869 1217
1557 118
1605 73
338 527
1243 1908
303 1524
688 228
299 927
439 1958
1679 789
1061 1675
610 1490
75 1667
110 1876
1804 81
1759 1099
902 190
1945 612
1658 527
715 769
1043 923
753 1905
1512 1971
657 55
339 1797
969 154
1539 221
210 828
1675 1306
1388 823
79 171
530 804
134 1154
826 1902
727 1581
1295 832
506 526
1995 879
1869 1759
763 1938
388 1539
1759 1466
1925 62
1955 1191
1867 1851
1449 51
529 169
1995 1336
439 1869
1864 1892
1175 860
1470 1903
804 51
1631 1209
1563 66
739 1395
767 1236
165 1246
1202 1324
855 481
1951 781
289 769
502 1894
354 861
403 401
1616 1551
46 835
165 889
1486 1277
1360 881
637 661
1603 976
150 1554
234 1833
1383 894
789 250
642 181
1811 606
1971 1170
1549 1403
1769 1373
108 1774
1192 925
636 1226
1399 1681
1945 1746
596 123
333 732
761 231
1878 1815
157 717
419 1697
726 1538
173 39
1798 1622
1041 1004
1399 1447
1619 818
1086 416
927 1453
1101 846
1698 591
67 1962
1917 1512
459 1784
1809 552
1405 1228
1106 1041
1759 31
1515 1786
1779 1745
80 247
1242 1467
1141 182
880 1649
1570 613
1929 1802
1657 877
286 1108
1262 376
1451 1279
1861 1968
1897 1165
1901 793
966 1930
572 117
835 1325
1406 472
1733 1685
564 326
1262 1604
1886 926
1445 76
1759 751
23 439
1668 476
1247 39
1233 106
1255 1224
1978 1694
1418 1609
1824 1478
488 664
657 1472
1552 283
469 1290
1614 858
1377 512
1817 1940
625 114
1806 924
330 799
1590 382
690 146
105 1730
1178 456
140 968
1254 1994
334 851
793 739
278 1100
1085 438
423 224
1940 1590
816 761
697 1981
1912 1018
245 916
77 566
913 313
487 531
552 749
785 1752
137 1022
919 791
1682 772
1175 1692
42 1515
187 97
783 259
114 24
127 510
724 1560
1654 150
1511 1334
1241 1095
1994 368
564 1281
696 1317
7 1800
143 117
49 960
1131 723
1353 1863
1635 1893
646 1471
1896 1339
1733 821
1150 362
997 363
1949 1872
967 1082
1291 1679
1520 1084
1353 136
1305 1769
936 1689
562 1258
80 149
717 352
315 1254
1537 1474
889 543
1239 287
904 1465
343 1501
300 855
111 142
998 200
430 800
828 1234
1726 358
768 1460
1937 1288
464 722
870 1287
303 959
1848 304
1109 851
1999 44
1896 175
1842 1873
1638 151
1790 71
1549 673
1032 1720
1744 1426
1151 1432
1183 1306
1232 110
174 706
1235 603
1846 1368
853 732
258 165
1933 477
944 15
1194 1444
928 709
1395 152
577 1273
1031 363
1280 378
769 724
1777 480
353 833
1795 521
1925 546
969 98
796 1966
1820 1339
365 1784
1344 132
562 453
1042 1217
1797 938
1785 1263
371 1523
486 991
609 460
78 293
544 1478
555 1479
1894 1344
1770 1575
200 694
1999 1659
160 73
1990 994
115 867
1899 1160
1705 612
991 470
1497 1490
189 1818
191 169
1991 232
588 473
27 19
1197 852
1111 1776
539 919
1829 1541
448 449
1832 263
1131 1335
1476 1039
585 1390
1569 1266
1918 90
1884 563
1639 1873
526 542
278 415
1832 1929
261 1398
358 1030
5 1665
472 1046
228 983
452 1405
1889 1106
1619 1688
1023 1826
1186 1517
946 1152
1490 1241
1487 91
1225 366
1641 586
1466 1797
1053 908
823 1483
418 848
926 1156
821 1862
80 1933
1272 531
1092 688
1984 1975
29 1764
370 1177
1936 516
1089 1169
37 1825
690 1201
1320 760
168 47
1278 1486
1793 1973
48 1027
434 134
1262 972
1343 1380
1232 1146
125 1416
1228 1063
1186 601
1021 93
1173 728
596 437
1496 837
1610 681
148 1538
134 1229
606 867
1146 1120
1242 75
198 1817
927 1030
1145 53
1602 757
997 771
672 1214
1203 1020
145 1298
1019 535
913 1131
1484 685
1467 978
26 1242
836 14
1130 1382
274 1322
1180 76
509 1269
314 1785
967 88
692 661
669 89
837 1618
156 1850
238 1199
527 1083
1117 1226
234 1877
227 1470
1284 474
124 864
566 1498
868 1365
740 833
1605 1840
951 1219
964 476
1795 1696
1690 1920
1001 1548
337 690
730 1732
994 281
1699 497
107 1784
1170 1255
407 1005
1753 650
212 101
981 1392
565 1739
1132 875
700 757
1629 549
1535 661
814 321
803 1299
991 1958
1999 221
782 1296
1522 1344
1505 1362
1241 1096
1944 1208
534 592
894 1041
885 941
1396 164
671 1631
1113 430
1239 1495
1026 1012
173 46
1995 279
595 391
1311 545
1649 1945
792 1956
768 1652
960 1054
1910 1127
612 1892
1698 628
1005 1267
457 1936
1794 893
954 1195
1669 551
603 1699
900 1959
1568 1406
1535 1370
418 1242
876 974
1812 1586
656 1796
1119 1672
871 955
1720 1338
1236 952
253 1369
1826 134
124 1109
1569 1731
133 1470
1701 1041
969 617
642 583
1089 710
288 135
1922 605
1554 1545
716 659
1878 900
4 1926
295 45
895 633
763 1802
1365 1607
1921 1091
1413 143
870 1659
936 532
533 93
1759 946
1240 842
1966 1388
842 637
119 1389
129 1648
1271 705
1494 1227
121 272
392 140
874 1273
470 1353
1299 400
795 1838
1530 1674
955 69
342 197
1046 423
207 613
1621 1721
644 391
1440 1471
1317 1215
237 781
1316 1461
517 1806
1975 1705
671 325
1763 851
1234 747
1741 994
80 1502
906 1666
1653 400
1608 1213
42 1966
1256 865
733 371
935 590
589 752
6 1612
1155 1904
44 1043
1441 1075
178 1853
1166 1437
588 739
1803 1754
680 252
701 219
1269 1865
1927 1565
412 1663
1893 368
978 239
1451 1704
668 1256
924 871
1774 277
855 632
1406 290
1260 1319
1772 1758
970 1258
1405 565
1620 144
872 181
1489 1263
1939 1478
1354 11
296 12
1082 556
1574 1951
1886 1317
1797 1216
848 1776
582 706
167 1124
1577 563
1243 1931
1951 939
1403 602
749 124
1197 375
998 911
253 1063
155 286
1753 1770
805 1971
1736 1218
1275 281
1413 1871
1293 1599
1587 1764
1166 1413
36 433
1100 865
424 1662
285 854
1257 1008
1727 1070
1013 1789
1518 135
1750 466
409 560
1096 1411
231 71
1415 1981
1958 195
335 1635
1289 398
988 407
806 671
1910 1583
217 1586
1139 381
1358 1368
1879 1180
1078 1755
1621 884
1302 612
272 10
1456 552
1759 1998
958 259
48 1414
446 857
1353 636
1673 436
1217 254
564 1671
693 1892
83 467
163 1682
1993 100
1072 978
1697 1909
1663 751
1315 455
363 1368
1595 618
1958 432
1377 607
173 1750
104 1934
818 634
408 1250
856 1671
987 867
1815 1812
1518 371
948 1372
866 1591
1503 1269
633 1833
781 1246
1770 230
1375 760
1663 1102
951 1155
234 11
1053 1042
1823 424
1488 405
616 1823
1337 1989
1121 436
1294 1889
1358 1840
1875 1628
733 655
733 563
398 798
1318 922
88 571
1243 1183
348 64
450 628
433 270
468 617
719 1842
228 1002
862 531
1837 1957
49 763
1712 608
1224 1752
686 1830
1375 1855
177 1627
1942 1994
165 1010
59 1462
1221 1283
561 153
250 1522
1811 1471
364 1325
411 333
617 549
1691 516
429 157
824 769
950 1303
370 818
1827 1299
857 1913
213 248
1827 1888
1928 361
1765 1907
1844 1059
1968 192
173 1207
859 442
901 614
1780 22
1259 606
1876 1525
173 1836
1984 1060
468 794
549 1335
1434 1998
1101 1005
268 610
1341 875
266 773
32 1195
1969 1394
1056 276
1606 1169
293 1391
286 386
1999 1766
1439 1883
952 276
105 1843
933 145
565 1695
761 964
1725 1865
158 1443
621 1428
879 882
175 676
1077 1106
1796 263
856 1587
713 1510
112 1569
249 923
997 94
274 1133
1862 822
1057 1741
1166 379
190 1056
594 42
964 452
534 1037
1311 225
671 1727
105 369
1693 1219
1622 924
1082 784
1131 1632
1368 1663
1396 1735
422 952
1964 1272
343 1076
1846 1366
557 1130
1106 714
1966 1080
206 509
1449 1881
1696 1166
956 1553
405 359
1612 1510
1200 363
1855 1173
1360 1595
1450 314
733 1059
1990 190
1728 1031
541 1106
1997 1049
740 701
545 378
663 1543
1026 507
1955 1690
1403 196
941 204
1730 717
1248 1972
1951 713
489 1243
495 982
1340 656
1394 1868
280 912
461 73
1039 182
117 1066
870 1295
1219 859
1349 1381
1312 1915
1246 1895
1942 1703
263 218
764 1566
830 249
790 1280
1014 902
35 1202
7 704
371 499
363 351
636 672
1411 789
42 1670
244 1828
1245 1467
1830 92
988 677
660 1094
362 72
1179 1004
1007 1466
1932 901
1820 753
716 1467
1623 661
964 945
755 1934
16 750
1392 142
387 477
1946 905
943 666
1471 231
1794 446
1465 1795
42 1197
1272 1427
1552 1689
1245 774
622 838
870 1034
1279 1135
1239 1635
917 644
1471 1461
1383 844
129 828
451 1686
1653 582
1587 524
870 368
1789 1657
954 551
1754 191
1418 76
355 441
1259 729
1125 862
813 1445
865 942
1260 1689
1976 648
1348 421
1341 1860
1243 1242
1025 1031
538 417
1053 472
1064 315
1885 1576
107 632
1739 1732
461 1458
921 1718
154 127
300 1814
1712 46
452 1619
1173 1609
1757 506
1602 190
619 580
345 1062
1602 957
1136 1443
1226 769
420 1754
223 1205
1528 386
1577 1142
538 1950
844 598
474 1268
990 1484
1067 755
1 1490
1558 1659
374 453
621 586
364 1786
770 1035
561 1994
109 1818
165 556
1502 761
1592 64
1807 1614
114 749
1005 937
180 1149
1071 1455
1479 1184
787 1904
896 1468
1539 319
63 1036
129 145
1475 529
1054 1233
1481 246
662 161
62 1932
329 441
132 1118
1312 509
403 291
1494 277
1492 904
1683 1426
819 1061
1627 606
1320 658
1825 765
1556 1117
153 1905
1263 1661
1246 1939
511 1273
1774 1986
685 61
331 1926
1853 1342
1147 1211
1577 565
2000 446
305 736
888 802
183 1590
692 1312
1487 1928
64 1880
304 900
244 654
1053 678
1511 1001
1524 43
57 895
928 150
761 1318
63 139
1145 898
1915 579
668 957
1827 673
1842 599
1179 1954
1836 981
262 1062
1931 304
1071 1424
516 1406
1178 579
48 308
927 753
1148 315
1678 293
1352 1045
577 574
1326 1890
1483 1157
744 199
1565 963
540 1860
1283 1371
236 162
1006 88
1107 1301
833 1330
1448 1809
1428 20
1626 1812
595 1586
560 827
238 1747
773 132
996 483
165 1007
1227 1989
1890 1892
1824 1799
1343 1900
521 481
1779 1788
1834 590
1427 1573
843 1839
1649 1714
110 1351
1438 1189
74 1826
939 1630
384 1737
1122 1406
1914 1374
1540 1775
1113 1001
1169 258
343 187
880 708
914 2
783 1329
577 1632
1494 1648
1146 433
1934 136
1501 1344
60 1594
214 555
216 1724
565 1299
1674 1076
385 58
464 971
521 1206
67 1417
1595 948
924 476
1098 592
1587 1659
929 1474
113 1943
1632 1164
1921 312
1073 210
301 488
811 1135
1923 1896
287 450
1393 1705
1937 391
933 1538
471 564
344 80
1547 600
1449 150
1839 1137
199 1963
1759 1000
1759 1281
162 1045
1263 1722
1833 1758
1448 1439
540 445
449 112
450 862
1711 1783
1644 1794
167 1089
79 1179
640 1013
483 1794
474 278
1150 530
1519 493
1400 1987
870 69
740 1667
1863 869
1626 293
428 1695
1791 536
855 1133
1948 1992
1679 763
1460 454
926 1740
1464 449
1662 1499
458 1884
1396 792
1753 539
698 753
1374 1096
1498 1507
1120 843
1845 1817
453 1103
961 243
1213 930
1190 1266
527 1698
732 1597
52 818
711 1502
1335 1544
1354 128
1825 518
1659 743
1373 477
1916 316
1974 1777
1515 334
1769 92
1583 907
1530 1230
1432 505
1785 248
1797 829
434 721
1769 160
437 52
722 502
1378 1842
1553 1949
195 429
445 989
1565 1000
835 1306
1981 1553
495 1906
1272 1859
1462 432
1523 1652
690 1671
1456 1051
1643 1180
1812 1447
1137 1738
1605 1855
1846 677
1424 600
164 1094
1189 660
203 680
1007 1064
70 1733
1252 1914
449 1811
1730 1415
1127 580
259 1709
1043 376
617 920
1880 1803
1856 380
1559 1304
16 638
912 1768
979 727
72 852
1372 287
1474 1325
1911 671
951 976
1121 1061
1198 1548
1207 316
840 1885
1352 1299
1914 163
235 689
1205 1854
373 1679
822 492
1283 1832
599 1784
202 1506
1726 765
674 990
620 1833
899 1884
130 1755
1509 1057
557 1673
201 1834
920 302
1710 1007
455 835
214 387
270 1863
1883 1216
1642 1196
1724 1362
1148 1232
1521 1516
21 1932
159 1825
198 659
843 436
1997 1159
644 81
913 433
1712 45
691 1492
1414 669
652 796
143 523
1737 1188
1976 1737
123 303
1661 378
898 1386
1456 1478
935 1156
280 1001
1762 712
1858 815
1473 70
1812 1254
727 327
747 340
565 756
1387 863
1764 1209
1945 1939
972 113
401 708
58 1887
878 911
1384 38
310 1511
489 1712
531 575
912 1107
1549 1557
502 591
117 1686
392 347
1037 655
1187 1908
13 624
1081 365
1037 625
1309 1568
59 654
1348 594
1202 1290
823 1023
1275 242
1932 244
1608 1447
1750 1642
1157 1713
737 1617
115 43
713 1029
1485 1830
1464 657
754 1463
1857 337
1795 381
673 765
1135 609
602 904
1927 1504
1514 51
929 648
691 1716
1393 865
800 1678
1508 1046
103 1849
1545 646
1599 1708
232 1632
584 1808
869 654
438 1642
344 1195
1749 94
1110 391
204 142
1562 68
352 970
128 1162
591 476
105 72
143 1742
689 355
662 1314
1256 221
1619 400
1084 292
1077 942
759 397
1506 235
137 1504
117 488
255 1043
3 910
1042 1160
686 512
688 1309
224 87
1944 1366
1883 1229
1383 1597
1089 1957
582 1634
167 399
1975 780
359 114
394 959
1868 730
120 1842
1864 1553
1545 1751
974 1464
1869 1932
1913 463
118 1619
314 1991
423 1966
788 923
1454 739
108 582
1665 1142
1154 1470
880 425
680 247
21 1020
60 1694
159 837
1584 352
1069 530
724 460
483 1001
971 1466
50 1339
1144 891
1731 1586
65 258
1181 1085
1086 1571
1949 1448
1102 1850
481 1899
1210 628
5 611
1861 1953
660 1676
1810 1610
1123 886
368 1423
1067 948
1013 533
971 638
1720 1591
704 664
1875 422
99 305
1979 1702
112 211
876 1895
628 1201
1521 549
897 1109
241 1812
1146 741
228 1694
809 1293
465 794
1274 279
869 1759
113 1703
1585 1751
1705 1491
1783 904
1345 223
835 296
477 1711
1515 656
328 416
356 893
55 632
375 532
1308 161
61 1918
603 1299
707 1824
1729 1266
1724 492
1244 18
1975 1027
301 1674
270 1477
1201 758
1313 998
466 706
696 1574
586 1706
1760 285
1591 990
802 1339
512 548
1712 1537
880 1177
582 1213
1620 499
732 254
1945 1026
1673 11
1802 1238
868 1791
1686 1643
655 1473
1127 1778
872 574
1327 199
1500 298
1022 1287
793 910
847 1455
1003 1300
1064 1096
811 851
225 896
1078 436
749 1243
847 1781
1837 460
305 1092
303 321
436 188
1828 47
1747 758
1240 75
57 1797
166 207
1055 1526
497 1603
887 1843
603 805
1796 57
1038 1530
219 1344
410 2
903 1167
1090 730
951 631
1109 964
654 619
54 446
829 844
39 314
1688 1006
812 567
1359 1389
1960 1075
1933 937
1565 916
1789 68
1603 1727
1432 1991
650 1507
1056 956
86 1620
1513 693
1687 1888
904 1047
1565 1501
98 408
1322 1849
1709 1735
1231 640
1212 1062
1393 1227
229 630
1747 1391
1701 1182
1063 1950
1945 304
276 428
380 1904
361 884
221 1000
1319 875
1820 1595
136 863
1387 1343
296 1765
1572 75
1504 1333
1332 250
899 113
1348 1556
1194 4
373 1474
442 31
1515 1678
532 1165
1864 339
1825 654
1667 477
1339 845
319 303
1289 1871
255 1169
837 430
41 1878
1699 1681
334 635
190 304
300 143
1355 1517
1604 384
664 480
1493 1552
1342 1637
512 928
726 1347
1946 1736
1085 1198
1674 547
1903 1786
1164 1161
1197 109
1910 1476
1453 887
343 239
322 1919
1656 266
1835 1543
607 1291
1580 105
1715 1846
869 1555
1664 451
714 1644
1580 1219
1079 47
807 1439
728 169
258 1117
1978 121
976 1926
540 1346
1342 415
1773 937
1481 849
1390 321
1366 844
1522 1391
1279 73
1441 52
397 219
23 1340
1422 192
1838 957
152 189
518 1217
1441 991
945 996
1901 348
1235 1694
1715 1579
1928 1444
1230 450
47 438
500 641
1295 62
341 1056
1350 1824
1144 1813
1000 1698
942 858
536 1784
1074 385
1996 91
175 1060
1723 944
1775 96
1026 794
689 1197
429 1879
227 1804
1513 1660
878 294
1321 1308
263 344
719 982
773 1246
957 635
278 667
859 422
1693 1304
449 1187
1338 637
305 1271
132 173
1708 866
1049 1555
457 755
1141 700
382 1654
1844 1216
1984 784
626 1100
1248 1440
836 35
1302 1517
1856 769
1412 1457
614 201
471 1687
1696 1836
137 1537
626 1547
684 1224
365 170
83 1368
1121 1725
1850 211
1563 1031
324 518
1479 996
1468 1869
1038 1556
1298 42
257 834
1268 154
527 839
1726 1389
541 1331
928 735
963 264
1477 1891
231 142
1919 759
1675 1703
1263 402
1115 745
837 286
1328 1249
1723 520
755 972
535 687
206 1718
1711 704
149 1824
132 58
66 503
636 1780
1633 1261
82 1864
1534 1577
1204 1776
884 1401
940 1796
1818 101
731 1395
296 1206
993 431
610 713
1905 843
681 294
1306 1472
169 1594
955 793
691 1110
711 1788
1968 555
208 188
922 1645
1675 1999
47 857
1567 11
1258 941
36 217
378 1943
30 1362
1865 1025
937 173
1749 1265
1523 1964
1194 1679
588 1193
524 371
1250 1543
1302 840
1809 956
1140 1391
1646 460
50 364
951 1620
1228 741
1783 1632
1665 1441
1440 1630
949 1519
1232 167
314 1621
521 885
1130 1951
1010 1136
18 577
445 709
1778 600
1591 309
458 1552
249 1705
620 189
1444 943
250 669
698 1540
1361 746
1129 43
162 1288
640 1254
769 1145
1641 514
1249 1339
1607 1686
635 952
174 1233
557 1981
468 858
1377 1252
816 127
380 1464
1394 235
1565 1494
529 1194
800 1308
1704 1493
822 896
1507 1965
787 1116
299 65
1969 1533
601 1216
1125 574
1518 918
552 1460
1470 952
868 1467
356 530
474 1613
691 425
1089 852
1177 329
1145 1155
891 1682
811 23
1101 1133
23 782
980 1143
833 1686
350 1505
629 184
1968 1081
554 1068
1958 644
1863 494
1747 871
1360 1315
839 148
641 1728
556 459
41 797
436 79
1463 1431
485 1243
1526 474
1162 753
1337 1688
1917 244
1166 1832
452 1497
727 8
125 492
87 824
1949 932
1546 1480
609 2000
450 879
710 696
1995 272
1901 328
1475 1934
243 526
1840 1849
316 1869
34 1984
621 1338
722 949
1742 613
1954 1725
920 192
734 237
1198 1330
1814 359
647 1868
732 1434
862 1819
1183 506
1733 1245
877 1645
1276 801
589 142
1281 849
1613 1614
396 552
1773 1854
1639 1866
1970 934
233 460
212 1661
1458 1095
134 831
1489 1227
836 1273
969 167
167 919
1833 1923
1532 27
1573 141
163 1994
1448 857
566 1433
1020 1769
1168 776
978 181
631 1051
116 587
239 582
470 1127
872 878
1442 384
188 1020
183 486
1606 151
1019 769
1762 279
51 1205
1023 1349
392 1904
686 408
1508 569
544 518
1899 532
687 1020
892 715
1821 1176
1136 481
745 98
120 1036
953 1292
615 1491
736 1045
205 1113
564 233
1456 1139
608 168
1282 1558
159 501
1713 340
1087 1162
1291 611
1416 470
1144 379
1402 1220
1243 540
1461 145
1386 876
778 647
1423 1966
746 204
606 727
1005 1153
1573 24
218 338
788 1081
1540 128
1996 323
1800 950
1406 1344
1483 889
1464 776
559 529
1536 137
1186 1565
1922 740
913 1538
1575 1921
1681 1855
1254 644
1645 1808
1403 147
853 345
1351 314
302 888
461 964
1937 1633
228 203
706 1423
67 1976
1244 553
167 780
1003 1293
1460 1085
277 330
862 672
1300 264
1281 1647
1636 1034
669 500
380 653
108 1542
912 74
449 484
1441 1459
1124 1017
285 1498
647 1654
1559 44
160 600
352 345
977 549
545 479
1883 1438
1388 303
1507 303
610 4
1022 1564
132 379
1806 780
1194 768
824 14
1473 251
1975 1588
1126 1933
1272 1482
566 1074
1579 133
455 1135
865 20
360 866
930 230
958 1919
1197 1267
291 1266
1169 1673
1858 426
465 1645
618 1947
728 721
29 1912
1514 1547
1376 1845
270 1123
1036 1195
1912 1421
1602 431
772 234
843 1251
882 1205
1251 1175
666 284
926 833
106 1527
585 548
739 1772
249 783
926 1729
987 622
796 1642
1421 176
442 1804
482 311
456 666
159 162
357 1004
842 1722
1908 1634
299 1696
320 1127
1312 933
1460 294
647 246
829 269
287 1964
409 77
1983 1885
1409 444
832 1054
828 1166
1394 945
828 156
204 564
552 719
948 1976
269 748
506 182
1805 1308
367 1799
1620 690
1934 1749
1603 531
110 163
1734 1986
382 1270
205 1916
1025 1080
1733 366
301 795
173 833
375 382
1642 74
32 1802
508 298
1757 1065
1053 1729
1496 1081
244 481
1722 1822
1316 1055
551 1742
472 935
155 370
1216 1182
162 1875
239 259
1450 741
1902 1135
875 952
1894 1001
1728 235
671 492
770 273
1235 1833
1462 1847
1344 625
1347 528
1373 1565
256 775
1548 1076
792 618
600 894
553 1957
428 1986
149 971
703 1388
1141 481
1593 912
207 440
396 1888
754 1644
795 1862
739 752
1030 121
796 1440
1561 1366
1020 1340
1503 762
1793 99
917 1158
345 813
167 90
1546 1095
295 1368
1775 183
35 41
312 659
1333 3
725 445
597 371
423 1064
398 186
495 597
1131 299
1058 1300
143 1486
831 1551
1271 64
1627 1527
1720 973
356 1678
1761 115
631 978
1681 45
1970 1639
1663 731
1361 1660
280 1469
1411 1791
601 1905
200 720
846 161
1558 804
388 1369
1840 244
185 558
384 932
1270 1409
748 1134
364 954
914 1900
1832 359
1779 1418
760 42
1948 1611
723 1046
751 385
1432 1037
1062 353
352 81
1545 1651
485 1858
68 1112
190 1744
1709 583
991 138
313 172
942 846
1868 1647
1952 1121
1420 1185
1829 1887
912 882
1767 660
1067 758
1082 36
1694 576
1280 320
375 193
1640 786
1743 719
1326 1538
832 106
769 1531
72 826
1085 1329
1863 962
434 1163
224 1995
1328 547
1281 689
879 1562
304 1238
40 1848
987 1314
1169 1781
469 189
809 155
887 1872
1518 402
575 20
412 931
827 768
1350 1936
709 1779
1321 17
471 158
1183 48
530 1366
1938 994
233 1799
1184 961
1938 1025
1348 123
1809 1724
75 1922
1431 47
532 913
502 8
147 1767
1578 539
281 684
742 486
902 1031
673 1500
325 225
1240 1811
575 1064
1042 973
1495 1923
115 1430
1397 1342
1284 1562
1824 1506
1361 1324
1318 1505
287 92
1797 1668
1827 1482
970 787
1957 1689
608 1825
1289 630
609 1389
1116 396
538 1890
1575 877
1665 903
262 442
1831 1172
576 1345
1755 1094
1640 198
129 1914
681 1984
1149 1744
481 1742
1716 1320
1052 1371
1431 226
951 1856
1662 1939
689 529
529 695
829 1039
1621 168
1294 1852
503 1032
1076 354
1475 75
536 1086
1832 1428
1376 909
1799 746
1419 1774
1274 39
477 631
571 1971
163 40
215 385
1811 1685
773 1526
1707 1962
461 723
521 802
321 1171
1448 1060
604 704
613 349
1313 77
1077 1696
1382 860
948 231
435 497
1421 1956
1134 566
546 1075
859 1824
1741 976
983 905
1803 206
189 1198
1890 1449
123 980
1987 484
674 224
1513 968
1138 1958
614 935
1688 1219
115 1111
107 1305
468 1400
1440 200
1484 1048
1749 1542
125 373
1340 150
552 1233
900 1554
1819 932
1094 1472
19 727
155 1516
1925 1175
1966 1711
796 1910
1903 1431
1750 1852
1664 388
1252 1400
1056 1698
197 280
185 308
1419 797
1678 1159
1202 1418
252 877
276 1725
1462 695
855 1247
1418 800
1511 679
1893 1673
602 1991
1447 1490
1808 392
797 1300
374 693
234 946
254 149
1487 1372
1351 1265
598 1165
67 774
1201 1617
944 1019
499 546
225 1760
1211 549
50 1146
1231 1268
639 1298
26 1910
1685 1601
1900 373
1209 912
778 1200
90 382
1872 174
562 583
1553 64
1356 1465
1254 113
1816 1038
1478 409
1578 404
1098 394
1041 1978
4 1154
1060 1071
1842 434
1922 144
935 1798
1222 1204
550 1138
177 1784
1 1335
1012 1964
1135 946
1480 853
1907 124
1861 513
1981 1267
209 1098
1043 718
1110 1973
1509 875
601 494
782 768
1794 31
1431 1907
843 564
1716 375
1690 308
1033 830
844 1966
8 468
540 930
701 1935
406 493
464 113
1954 1589
401 18
1847 1181
1703 1082
1017 1181
843 217
1493 1864
1494 335
1565 206
396 1726
341 1904
465 417
287 1505
1059 484
1016 837
720 308
1853 1918
142 301
993 550
1921 1015
696 880
343 1900
1179 216
1381 771
1175 777
170 1936
297 872
147 1715
1150 1727
867 1683
1637 1155
880 1436
1258 1140
1208 161
1210 288
415 1845
1786 156
502 193
258 44
118 109
1859 1465
1048 787
1076 495
1871 1381
52 1085
1257 240
623 1756
62 202
1736 986
486 515
1230 1401
1213 1399
1308 185
1755 359
1897 1939
365 1964
168 617
984 1389
61 1125
1920 236
1822 900
64 817
39 295
1533 8
1858 207
1940 1588
762 119
1404 51
1658 1476
99 1814
201 458
325 1968
38 1177
309 1090
104 1868
1993 1948
799 1736
1755 580
997 195
710 1286
1758 1193
1783 295
258 1340
1942 370
1208 1808
1250 623
953 977
1616 1081
816 464
366 919
1479 232
290 471
875 1012
786 1064
1159 1826
1455 360
1424 1680
176 1829
1903 328
1262 1252
1929 1084
1317 841
1 604
1711 1968
1188 701
836 1487
510 982
1929 1927
1948 751
1403 392
1207 1236
613 280
1093 1612
1212 58
81 902
1662 1508
1542 848
1437 899
790 825
537 779
492 1850
851 1806
1060 1392
1562 241
520 1673
747 834
713 1997
759 449
383 1342
46 861
1068 243
1800 1548
1647 1303
1156 1055
387 366
1249 870
127 1170
45 1907
706 1552
1878 1917
860 570
566 1826
102 259
373 582
639 1971
1315 1773
633 453
1002 1477
381 784
123 488
100 111
200 1892
685 1254
1425 1806
343 883
510 390
1103 244
1394 1906
1340 1077
1252 1355
7 997
380 1292
1487 1031
1980 1258
1968 1460
94 834
496 918
1205 452
1950 1850
638 1669
1548 1903
946 1478
772 710
62 1036
716 42
1950 1589
862 824
239 1168
520 633
1967 1702
206 1502
1285 1050
1749 299
25 1930
1591 430
530 133
1122 203
996 1771
1779 1798
696 101
326 369
1705 1854
1143 1698
946 1129
1420 177
413 1512
97 199
127 120
1666 1983
82 1966
391 8
502 948
1108 1301
818 1622
854 337
982 1347
926 971
1006 1271
1238 1390
203 696
917 201
299 1116
468 1889
1216 1981
1554 1209
1997 1667
1418 797
1315 1995
981 1991
560 801
1008 1764
840 1582
960 1281
164 924
1811 1762
411 240
1500 1788
1527 1235
724 1455
697 487
939 915
1047 59
74 552
1396 652
1877 1357
564 549
1645 924
1195 1109
1768 1186
1469 503
1763 1858
106 1320
1453 1705
541 1811
1793 1261
657 192
268 820
1207 1711
1227 1935
1481 300
1973 1368
1878 1720
1451 1904
877 719
1295 104
414 931
423 1460
1370 106
34 1191
1445 926
1224 1614
1009 1560
53 30
1502 1888
819 1482
738 1247
1082 39
780 1511
633 1157
82 1202
59 921
1347 1456
374 457
1386 53
1762 1932
148 1871
1368 1340
1004 1419
46 490
879 1078
381 601
1496 270
1394 1473
701 1627
1878 1544
123 855
913 1460
976 158
1594 542
338 725
1483 1
1324 844
909 35
1011 907
901 1445
996 1198
999 1189
736 1009
640 491
1016 1044
134 1515
1925 1779
141 58
1215 1271
136 1193
1723 1900
481 913
1570 927
435 111
1119 1454
686 863
781 750
1704 1121
130 769
481 743
175 1865
732 107
1555 1067
1029 1121
1281 912
1477 1613
261 1468
444 509
154 313
73 1106
631 1982
1366 911
595 52
327 1359
1003 1390
1210 245
1392 360
810 1044
20 523
1587 1811
1652 292
1939 1992
666 962
115 229
1939 1063
1927 1387
1363 1927
1251 1862
88 1043
623 63
1951 1671
443 648
76 1734
253 1755
1918 780
1455 1183
1087 280
467 498
1177 882
1628 1973
399 1204
372 585
1890 148
21 131
1082 1651
1933 1329
1783 645
851 840
440 878
869 1683
1002 1472
1769 111
1365 1317
1883 543
1770 1670
1321 1683
896 1319
1800 1437
19 693
49 313
203 1722
330 414
1974 1347
452 1009
1016 1679
54 649
617 307
1540 786
1954 1098
1913 716
806 827
1731 60
742 1057
177 735
803 1972
808 1940
1614 278
1100 974
899 1202
913 1925
1351 699
1141 1114
1667 1801
1480 116
351 1485
1690 1974
1393 1996
1064 716
1190 1453
1369 15
631 1891
635 195
1867 889
741 1338
1127 1105
1024 961
733 152
25 609
1619 499
1450 164
806 1830
674 998
1633 854
1315 671
1501 398
338 229
1701 1779
1831 713
308 583
1649 1619
1376 357
409 1336
1073 825
1593 393
1864 1585
1497 622
190 658
1425 1716
1404 211
226 958
64 407
1227 1299
1116 1203
1919 67
1898 422
1266 1698
1350 586
1853 1231
1114 41
357 647
1928 1189
169 403
1158 749
530 906
658 242
39 1988
1150 1903
883 1917
938 313
23 766
358 1557
1557 1839
1360 986
1257 1742
1641 846
1601 127
1759 1423
873 1601
1485 400
1683 776
1558 1652
220 1332
834 1573
1141 680
1556 535
1189 606
1732 974
1122 613
869 666
1015 1658
747 685
1094 1928
368 1638
1598 1252
759 1460
1752 465
1038 462
1182 767
785 235
1325 1957
854 1017
482 458
1500 1212
136 1762
1097 1073
1567 1106
1801 419
16 1641
1029 1834
120 775
1369 244
1201 635
1443 208
536 916
1773 1676
886 1723
546 1689
1227 1295
796 600
1931 1202
916 759
1197 793
1950 627
689 951
1314 833
225 1909
121 183
268 1464
1719 1636
1155 1797
1154 960
214 1236
1620 1261
684 626
2 814
1044 1076
721 962
1605 815
533 460
117 1537
1971 1105
1330 105
1261 126
1126 1104
1247 241
442 468
1904 427
1562 354
1266 373
374 1830
1860 193
1018 141
686 1226
1113 512
922 1001
1022 524
470 199
987 1171
1469 1527
365 824
1271 668
446 572
91 1718
1537 1463
255 877
1449 698
227 127
1247 115
963 1335
256 1394
187 1078
1976 1015
182 653
92 1108
1968 105
727 1032
1199 899
1857 1991
1565 437
1726 916
427 474
1237 890
1036 721
1868 1284
1004 1532
1718 719
1167 185
1025 1885
946 1481
1632 757
509 409
1683 977
1283 1091
858 1181
1896 774
937 1952
1847 1769
1510 760
1072 1225
1181 129
141 313
1280 1525
978 696
747 1221
1776 995
1236 1493
1919 1011
1837 1547
164 204
859 1548
287 571
541 921
1928 1879
1297 328
58 588
749 842
214 1745
920 223
1229 879
1929 1750
836 1936
449 1690
388 74
1033 769
1828 91
85 253
1973 1441
1911 870
1306 1108
722 1236
1508 921
245 949
1755 936
392 175
1642 1614
755 3
1630 1327
184 901
1255 620
113 1535
104 301
1978 796
908 628
841 1634
1466 165
461 1574
661 1592
506 1711
1640 1633
1502 895
1972 920
113 340
1447 906
1046 218
838 1389
1725 714
424 348
1215 47
401 9
1822 1065
1910 7
1633 1800
23 428
288 225
507 1886
1034 330
930 962
1333 152
181 1011
1758 1334
534 101
925 1084
943 1277
535 43
727 1524
1694 530
1980 919
1209 1447
788 559
302 342
257 999
1508 706
948 1896
901 86
1681 143
144 837
948 782
318 834
914 1629
1539 740
249 368
1927 1071
627 169
297 136
796 66
847 1440
887 880
472 1533
1763 97
1593 689
1487 988
1948 647
1687 1874
658 1773
543 561
347 236
1120 1961
518 60
363 522
1815 903
1287 26
1886 1425
1750 340
1876 1040
1691 1289
757 579
992 853
1365 1413
849 1511
1380 296
1675 1291
545 269
510 245
1577 646
1324 1861
1852 1230
794 210
1237 67
221 1039
744 1764
808 889
1769 1651
1244 961
1351 643
796 1520
960 153
1870 1502
263 671
760 274
587 124
781 1855
548 1018
489 1359
108 1181
733 84
102 208
1996 369
1532 523
517 455
461 1890
1598 1783
408 1295
726 1949
1857 1031
1337 1783
1553 1214
334 1709
705 1935
1271 781
1982 643
496 1046
225 1568
407 1812
1233 118
1333 1518
391 1283
600 793
277 1642
435 1976
1865 1914
1562 67
33 1100
1171 451
288 459
1948 1371
1174 85
933 292
1437 1431
415 1261
522 298
1244 844
1041 125
534 751
599 1890
419 42
486 598
558 1154
1730 939
171 1923
1608 747
1631 1974
1859 1686
1690 1680
687 1905
1663 672
875 688
1277 1884
53 580
643 296
131 28
1515 352
1812 1036
1936 1580
1663 58
1191 1913
1724 404
1111 889
1857 1559
1699 1647
1130 826
12 597
20 562
1869 848
89 449
1034 44
74 250
217 1760
1943 1567
169 1351
96 273
1388 754
950 1947
1332 1048
1229 1892
659 1562
1363 1728
1195 59
1152 1330
1828 343
1597 668
510 1068
146 1163
4 1446
115 659
548 1092
1245 935
1299 1288
1583 965
722 1815
279 1008
922 1758
11 1000
431 1664
1383 136
1203 1373
456 323
1434 108
2 1039
803 1492
1874 368
250 1206
1810 1591
272 1424
914 1306
794 215
423 1884
1007 271
1201 780
1761 545
849 1559
1816 1280
1359 980
1028 549
244 1254
560 1638
525 553
710 1681
556 1757
106 552
140 644
1647 438
475 434
1244 601
701 469
926 1874
379 1989
1722 1707
1474 258
1258 81
1091 440
103 1036
1865 265
1144 598
33 954
1497 1524
583 1760
1929 465
1978 39
1165 1673
1088 647
1695 1356
572 148
1513 1316
74 245
1914 1896
546 670
1684 803
395 763
1246 516
1913 1059
1197 972
99 1237
1196 1232
847 936
420 585
663 971
71 1221
1012 216
724 1433
1526 678
1499 719
949 215
671 1075
1481 103
646 357
950 1058
262 1975
1675 915
188 1479
1695 759
938 523
266 1958
150 520
1939 1708
1396 1451
1217 367
850 387
1638 212
456 550
870 1832
33 1507
1792 1705
935 276
822 1684
1724 1893
1540 1056
481 1084
501 39
1250 1631
1472 1813
1040 1687
1312 116
1876 307
355 347
1524 356
1506 1160
1215 1669
1833 1003
544 1685
538 1383
1921 1694
947 1891
121 133
472 311
586 1652
1379 232
53 1511
111 1472
10 1194
1262 375
1138 1229
1583 1164
1253 1608
725 377
1143 814
1858 1221
457 1814
553 567
631 733
832 9
874 926
480 111
430 408
36 43
1800 724
381 1983
433 966
657 1860
226 1483
664 1620
565 1449
1510 155
1331 1140
480 942
97 15
670 1812
1392 1567
39 597
1372 1259
875 375
693 219
459 1829
1870 438
1625 1097
141 1857
1842 1991
228 1506
1681 596
149 241
1793 87
1605 924
14 59
595 1982
1649 718
1800 364
759 415
1502 1811
647 632
208 1815
1828 1781
288 122
1968 942
745 451
463 882
134 421
1485 1370
516 1385
1574 549
1317 482
747 1078
698 1228
1455 1669
183 209
1239 1398
620 882
892 831
941 1295
333 741
1097 681
381 267
241 1002
57 862
1185 837
1681 305
1779 813
1773 1309
336 839
636 1413
1787 5
456 1661
1353 960
203 1361
411 1019
1005 1635
613 740
938 1367
834 370
1575 1793
983 333
370 1485
917 1702
1032 317
1886 552
794 1033
1526 884
318 540
942 970
1756 153
333 49
815 1557
1268 713
489 1306
1186 643
175 848
1411 657
1882 424
1450 1709
1071 1488
869 741
869 969
1262 1707
1815 706
786 1821
1951 1347
155 1915
857 199
620 734
1703 106
1527 637
1796 1927
366 879
1213 959
636 1351
1217 317
144 1724
1114 119
311 1151
1935 397
1166 1332
1928 1623
1680 1465
265 682
204 978
1564 290
1111 461
1209 1915
1581 522
1284 273
1865 1511
275 1534
1002 1108
1258 1706
701 1623
302 1620
1129 216
1649 1134
24 375
1070 1547
439 80
710 1341
1086 1378
998 1432
519 874
1690 463
973 1618
53 1962
1072 1939
1953 1234
1081 1191
1843 1762
1297 1878
1350 677
1284 548
1635 1098
1074 912
1305 1047
1389 802
643 581
1478 44
910 1904
1026 1338
871 1252
102 1978
117 905
1436 1204
932 1634
1381 290
1018 597
1605 201
1958 1609
396 491
1143 924
1858 719
561 113
1872 930
87 755
256 1146
1198 1311
151 558
859 32
1846 379
1719 1908
1638 737
1269 1674
609 547
1478 36
1127 1993
1113 597
1128 1966
861 1696
1389 131
1630 477
1620 1732
1664 181
58 1187
1724 1162
448 631
1201 1487
101 312
496 139
1937 14
1803 1303
1580 1226
1990 1660
668 1786
616 132
459 126
888 72
196 656
280 970
769 548
1356 1038
1545 526
1507 194
351 908
730 1843
1373 850
181 1717
916 743
1734 1234
486 1052
820 693
177 1537
1061 1509
1948 352
725 1456
519 401
682 1315
1960 1784
1165 350
117 363
1559 935
809 1034
1731 1132
1756 385
1715 576
675 1953
1824 1648
437 1014
491 1351
928 1663
1463 330
1595 1312
824 1227
917 1453
230 224
1724 1924
1305 519
1254 502
1296 1427
1742 619
1517 1600
617 949
783 711
220 1256
1196 617
749 532
774 244
1513 359
214 1849
1394 1551
770 754
70 1797
1864 697
188 151
65 13
1352 633
100 649
1683 1695
112 227
1732 1048
1546 1208
1413 1207
1287 431
460 1414
812 1196
1984 68
1989 28
553 1479
1506 64
536 568
1099 1176
311 126
938 1690
790 284
301 989
773 554
1970 702
1367 654
916 38
1717 1071
1724 1262
1694 916
1316 910
1730 1780
122 1423
1117 741
1399 245
1393 1347
1678 1938
471 1612
1586 1095
1767 461
1652 1140
1532 287
1371 1915
1092 1687
558 1024
1466 137
630 724
203 1972
1798 773
44 412
1574 133
1854 190
1441 175
554 22
1786 904
1640 218
1820 1808
1328 882
1579 1324
940 659
113 1961
441 406
1661 105
899 1295
1842 979
779 1922
1058 545
439 714
576 760
901 454
1781 994
1176 398
1608 1677
1040 481
1708 857
478 967
1154 1464
1464 778
1493 370
1252 1029
279 1426
1027 1848
789 593
1981 921
1770 76
1125 1046
82 1324
972 1948
1050 1037
1942 1667
553 549
626 717
1878 517
1731 1094
110 1832
1896 248
1693 1626
438 62
1640 1318
1560 1299
1082 1815
1193 1279
1531 1531 1531 1531 6 1534 1532 1531 1533 1531 1531 1531 3 1 1531 1534 1531 1531 1 1531 1531 1 1531 1 1533 1531 1533 1533 1531 1532 1532 1531 1531 1 1532 1531 1 1531 1531 1531 1 1531 1531 1531 1531 1531 1531 1531 1531 1532 4 1531 1531 2 1532 1 1531 1531 1531 1531 1531 1531 1531 1531 1531 1531 1531 1531 1533 1531 2 1534 1531 1531 1531 1531 1531 1532 1531 1531 1531 1538 1 1 1531 1531 1531 1531 1531 1531 1531 1531 2 1531 1 2 1 1531 1531 2 1531 1531 1531 1531 1531 1531 1531 1531 1531 1531 1531 1531 1531 1532 1531 2 1531 1531 1532 1531 1531 1532 1531 1533 1532 1531 1531 1533 1531 1532 1531 1531 1531 1531 1531 1 1531 1 1531 1531 1531 1531 1531 1531 1531 1534 1531 1531 1531 1531 1531 1531 1531 1531 1531 1531 1534 1531 1531 1531 1531 1531 1531 1531 1531 1532 1531 1531 1531 1532 1531 1531 1531 1 1531 1533 1531 1 1532 1532 1531 1531 1531 2 1531 2 1531 1531 1531 1531 1531 1531 1532 1 1539 1532 1532 1531 6 1531 1531 1531 1531 1531 1532 1533 1531 1531 1531 1531 1532 1 1532 1531 1531 1531 1531 1531 1 3 1531 1 1543 1531 1531 1533 1531 1531 1531 1531 1531 1531 1531 1531 1 1531 2 1533 1531 1532 1531 1 1531 1531 1531 1 1531 1533 1531 1 1531 1532 1531 1531 1531 1531 1 1531 1 1533 2 1531 1531 1531 3 1531 1532 1531 1531 3 1 1531 4 1532 1 1531 1531 1531 1531 1531 1532 1 1532 1532 1531 1531 1531 1531 1 1531 1532 1531 1531 1 1531 1531 1533 1531 1531 1531 1531 1532 1531 1531 1531 1 1531 1531 1532 1532 1531 1531 1531 1531 1532 1531 1 1 1531 1532 1532 2 1531 1532 1531 1 1 1531 1535 1531 1 1 1531 1531 1 1531 1531 1531 1542 1532 1532 1534 1531 1531 1531 1 1531 1532 1 1531 1531 1531 1531 1531 1531 1531 1531 1531 1531 1531 1 1 1531 1531 1531 1531 1531 1531 1531 1531 1531 4 1531 1531 1531 1531 1531 1531 1531 1531 1531 1531 1 1531 1 1531 1531 1531 1 1532 1531 1531 2 2 1 1531 1532 1 1 1531 1531 1538 1531 1531 1531 2 1532 1531 1531 1532 1 1531 1532 1532 1531 2 1531 2 1531 1 1533 1531 1531 1531 1534 1531 1532 1531 1536 1531 1531 1531 2 1531 1531 1531 1531 1531 1531 1531 1534 1531 1 1533 1531 4 1 1532 1531 1531 1531 1538 1531 1532 1531 1531 1531 1531 1531 1531 1531 1 1531 1 1531 1532 3 1531 1533 1531 1531 1531 1 1531 1 1531 1531 1533 1532 1531 1531 1532 1532 1532 1531 1531 1532 1531 1531 1 1531 1531 1 1532 1531 1531 1531 1 1531 2 1531 1531 1531 1 1 1531 1531 1 1532 1531 1 3 1 1 1532 2 1 1531 1534 1531 1531 1531 1533 1531 1534 1531 1531 2 1531 1531 1531 1531 3 1531 1531 1532 1533 1531 1531 1531 1531 1532 1531 1531 1531 1531 1531 1 1531 1531 1531 1531 1533 2 1531 1531 1532 1531 1532 1531 1531 1531 1532 1531 1531 1531 3 1533 1531 1 1532 1 1 1531 1531 1531 1531 1532 1531 1531 1 1531 1531 1536 3 1531 1 1531 1532 1531 1531 1532 3 1532 1531 1531 1531 1531 1531 1531 1531 1531 1531 1531 1533 1531 6 1531 1531 1531 5 1531 1531 3 2 1531 1531 1531 2 1531 1531 1531 1531 2 1531 1532 1 1531 1 1531 1531 1531 1531 1 1531 1534 1531 1531 1531 1531 1 1531 1531 1531 1 1531 1531 2 1 1531 2 1531 1531 1532 1531 1531 1531 1531 1531 1531 1531 1532 1532 1531 1 1531 1 1531 1531 1532 1531 1532 1531 1531 1533 1532 1532 1532 1 1531 1531 2 1 1 1531 1531 1531 1531 1531 1531 1533 1532 1531 1 1531 1531 1543 1531 1532 1 1535 1532 1532 1531 1531 1531 1 1531 1531 1532 1531 1532 1531 7 2 1531 1533 1531 1531 1 1531 1531 1531 1531 1531 1533 1531 1531 2 1531 1532 1531 1531 1 1531 1534 1 1532 1531 1531 1531 1534 1 3 1531 1531 1531 1532 1531 1532 1531 1533 1533 8 1531 1531 2 1535 1531 1531 1531 1534 6 1 1531 1 1532 1531 1531 1 1534 1531 1531 1 1531 1 1 1531 1532 1531 1531 1531 1531 1531 4 1531 1531 1533 2 1 1 1531 1531 1531 1531 1531 1531 2 1531 1531 2 1531 1533 1 1 1531 1533 1531 1531 1533 1531 2 1531 1 1531 1531 1 1531 2 1 1531 1531 1531 1531 2 1537 1531 1531 1531 1531 2 1532 1531 1531 1531 1531 1531 1531 1531 1536 1531 1531 1531 1531 1 1531 1531 1531 1531 1 1531 1535 1531 1531 1531 1 1531 1531 1531 1536 1531 1531 1531 1 1 1531 1531 1531 1531 1531 1531 1532 1 1532 1531 2 1531 1531 1531 1531 1533 1531 1533 1531 1 1532 1531 1533 1531 1 1531 1 6 1533 1531 1531 1535 4 1531 1531 1531 1531 1531 1531 1531 1531 2 1531 1531 1532 1531 1531 1531 1531 1531 1531 1531 1 1531 1533 1531 1537 1 1531 1532 1531 1531 1531 3 1531 1531 1531 1531 1531 1531 1531 1531 1531 1531 1531 1531 1531 1531 1531 1531 1531 2 1531 1531 2 1531 1532 1531 1531 1532 1 1531 3 1 1531 1531 1531 1531 1531 2 1 1532 1532 1531 1531 1531 1 1531 1531 1531 1531 1 1531 1531 1531 1532 1531 1531 1 1532 1 1531 1534 1532 1531 1531 1532 1532 1531 1533 1531 1533 1531 2 1531 1531 1531 8 1531 2 1532 1531 1531 1536 1531 4 2 1534 1531 1531 4 1531 1531 1531 1531 1 1531 1531 1531 4 1531 1531 1531 1531 1531 1 1532 1531 1531 2 1531 1531 1531 1531 1531 1531 1531 1531 1532 1533 1531 1533 1532 1 1538 1533 1532 1 1531 1534 1531 1533 1 1533 1531 1531 1531 1531 1531 1 1531 1 1531 1532 1531 1531 1531 1531 1531 1531 1531 1531 1531 1 1 1531 1531 1532 1531 1531 1 1533 1532 1531 1 5 1531 1532 1531 2 1533 1531 3 1531 1531 1531 1531 1531 1531 1531 1531 2 1531 1534 1534 1 1532 1531 2 1 1531 1531 1 2 1531 1531 1532 1533 1531 1531 1531 1531 1532 1531 1533 1531 1532 1531 1531 1531 1531 1 1531 1533 1531 1531 1532 1531 1531 1531 1531 1533 1534 1533 1531 1531 1 1 1531 1 1531 1531 1531 1531 1531 1 1532 1533 1534 1531 1531 1531 2 1531 1531 1 1533 1531 1531 1539 1533 1531 1531 1531 1532 1531 1531 1531 1531 1531 1531 1531 1532 1531 1532 3 1533 1531 1531 1531 1 1531 1531 1532 1 1531 1537 1531 1533 1539 1532 1531 1531 1531 1531 1532 1531 2 1 1531 1531 1531 1532 1534 1533 3 1534 1 1533 1532 1532 1531 1531 1531 1531 1531 1532 1531 1531 1531 1531 1531 1 1532 1531 3 1 1531 1531 1532 1531 1531 1531 1531 1531 1 1531 1532 1531 1532 2 1531 1531 1 1 1531 1531 1537 1 2 1535 1532 1531 1534 1532 1531 1531 1534 1531 1533 1 1531 1 1531 1531 1531 1533 4 1531 1537 1533 1531 1531 3 1 4 1531 2 1531 1531 1531 1 1531 1531 1531 1 1532 1531 1536 1532 1531 1 1531 1531 1 1531 3 1531 1531 1 1533 1531 1538 1531 1531 1531 1 1 1533 1531 1 1532 1531 1531 1531 1 5 1531 1531 1531 1531 1531 1531 1531 1531 1531 1533 1531 1531 1532 1532 1 1531 1 1533 1531 1532 1531 1534 1531 1531 1532 1 1531 1532 1531 2 1533 1532 1531 1531 1533 1531 1531 1531 1533 1531 1531 1531 1531 1531 1 1531 1531 1531 1535 1534 1531 1532 3 3 1531 1531 1531 5 1531 1531 1531 1531 1531 1531 1534 1 1532 1532 1531 1532 1531 1 1532 3 1 1 1535 1532 1531 1 1531 1531 1531 1533 1532 1531 1531 1531 1532 1532 1531 1531 1531 1531 1531 1531 1 1 1531 1531 1532 1532 1533 1534 1531 1 1531 1531 1531 1532 1531 1540 1531 1531 1531 1531 1531 1531 1531 1 1531 3 1531 1532 1533 1 1 1531 1531 1531 1531 1531 1531 1531 1531 1531 1 1531 1531 1531 1531 1531 1531 1531 1532 1531 1531 1531 1531 1 1531 1 1531 1531 1531 1531 1532 1531 1 1532 1533 1531 1 1531 1531 1532 1531 1531 1531 1531 1 1531 1 1531 1531 1531 1531 1531 1531 1 1531 1 1531 1531 1531 1531 1533 1 1531 2 1531 1531 1531 1531 1531 1532 1532 1531 1532 1532 1531 2 1531 1 1531 1532 1531 1531 1 1531 1531 1532 1531 1531 3 1531 1531 1 3 1531 1531 1531 3 1531 1531 1532 1531 1532 1 1531 2 1531 1531 2 1531 1532 1531 1531 2 1531 1531 1531 1531 1 1531 2 1532 1533 1531 1 1 1 1542 1531 7 1 1532 1531 1531 1532 1 1 1531 1 1531 1531 1 1534 1533 1531 1531 1531 1531 1531 1 1531 1 1531 1532 1533 1531 1531 1 1531 2 1531 1531 1531 1531 1531 1544 1 1532 1536 1531 1 1531 1531 1531 1532 1531 1531 1533 2 1534 1531 1531 1531 1532 1531 1 6 1536 1531 1531 1531 1531 1 1 1531 1532 1531 1 1531 1532 1531 5 1531 1532 1531 1531 1531 7 1532 1531 1532 1531 1531 1531 1 1531 1531 1531 1531 1532 1531 3 1531 1531 1531 1531 1534 1531 1531 1531 1531 1531 1531 1 1 1535 1531 1531 1531 1 1531 1532 1 1531 1531 1531 1532 1531 1532 1531 2 1531 1 1531 1531 1 1 1531 1531 1531 1531 1 1531 1532 1531 1531 1531 1531 1531 1531 1534 1532 1531 1531 1531 1531 1531 1531 1531 1533 2 1531 1532 1532 1531 1 1531 1531 1532 1534 1 1531 1531 1543 1 1531 2 1531 1531 1532 1531 1531 1531 1 1531 2 1531 1 1 1531 1532 1531 1531 1531 1 1531 1531 1 1532 1532 1 1531 2 1531 1 1531 1531 1534 1531 7 1531 1533 1 1531 1532 1531 5 1531 1531 1531 1531 1531 1531 1531 1533 5 1531 1532 1531 1 1535 1532 1531 1531 1 1531 1531 1531 1 1531 1531 1532 1534 1532 1531 1531 1531 1531 1531 1531 1531 1535 1531 1532 1531 1531 1531 1 1533 1 1 1533 1531 1 1531 1531 1534 1531 1531 1532 1531 1531 1531 1533 1531 1531 1531 1531 1531 1531 1531 1531 1531 1535 1531 1531 1541 1531 1532 1532 1531 1531 1532 1536 1531 1531 1531 1532 1531 1531 1531 1538 2 1532 1 1531 1531 8 1531 1 1531 1531 1531 1535 1531 1531 1531 1 1531 1531 1532 1531 1531 1531 1538 1531 1531 1531 1531 2 1531 2 1531 1 1531 4 1531 1531 1531 1532 1531 1 1532 1531 1531 1531 1 1 1531 1531 1539 1532 1535 1532 1531 1531 1531 1531 1531 1531 1 1531 1531 1 1531 1531 1531 1531 1531 3 1531 1531 1531 1531 1531 1 4 1 1 1534 1531 1532 1531 1532 1531 1 1531 1 1531 1531 1531 1 1531 1531 1531 1531 1531 1531 1531 1 1531 1532 1531 1531 1531 1 1531 1532 1531 1535 1532 1532 1531 1531 1 1531 1532 1531 1531 1531 1533 2 1532
