2000 4000
1893 572
1268 1071
832 706
475 1452
400 1353
1436 65
1878 1450
241 803
1816 1444
825 1015
294 123
131 674
629 125
950 83
223 687
1453 1472
497 1143
321 1618
1351 643
107 242
1266 481
983 1951
1038 727
246 546
1674 190
1385 61
1557 1762
1946 828
541 1860
1068 1869
803 764
277 429
1409 407
270 141
848 398
1694 291
982 1214
381 1889
1357 178
302 420
649 82
1292 795
1379 1946
1545 1526
1979 1737
682 1241
1864 1604
786 1823
1982 1939
1119 1430
305 1061
1165 163
809 629
279 561
853 471
634 1147
1259 1547
314 1802
406 1567
547 324
1030 82
837 368
395 1037
750 1043
1083 199
1092 437
958 1114
1883 680
288 593
719 1328
1646 1775
603 709
152 1692
1155 1387
1555 1148
464 575
1165 1996
1744 1266
1334 823
412 1879
1747 1511
1049 1963
826 681
571 619
1965 1551
296 717
674 372
1560 1662
852 912
814 918
1470 319
1205 1207
387 1064
1140 1828
1750 1087
902 1432
1482 520
1105 1793
1344 1819
204 199
1022 883
752 600
77 1760
900 664
1561 1087
1507 1799
1441 110
1827 923
308 1866
465 1258
850 1506
867 170
181 506
142 1142
167 842
549 712
425 385
725 1651
894 1687
207 1725
777 552
1004 478
823 87
757 1612
517 438
1051 613
441 1633
1915 1916
589 1295
1303 647
7 1452
149 57
212 284
1399 627
1578 1897
907 767
371 446
1821 979
902 355
1436 1708
705 1192
1538 1419
209 916
1531 496
1517 1227
666 450
981 1823
1615 396
80 1006
847 539
320 810
857 142
1079 1219
553 289
996 8
649 161
1463 1979
1229 1918
500 1747
1986 85
539 304
1788 199
1289 926
1723 587
1762 560
1512 1695
863 170
1455 939
1886 333
1411 1402
294 263
539 1196
1912 1103
1495 534
1728 1725
761 94
900 1503
1617 317
628 1576
1282 1945
391 1658
521 971
1265 275
1576 1377
466 1945
1997 298
1669 176
303 515
1942 1708
322 1196
1169 292
1064 432
348 1955
721 720
1770 742
549 368
1293 975
623 1030
170 1643
1317 767
955 1626
1704 450
1560 1831
28 276
391 151
369 605
1885 1667
169 1197
1136 1861
61 449
385 441
595 1087
1220 1759
63 1253
24 1382
1246 253
1160 794
789 609
976 1510
1901 202
1039 1283
697 1821
1520 1583
654 1812
206 1551
481 1998
1380 1239
632 1067
1173 224
1898 400
336 16
1620 1316
1057 553
872 1075
299 1767
583 413
56 1468
1030 1698
1250 1532
638 887
1852 938
1952 1197
403 486
1490 1268
1883 405
45 997
1255 823
420 975
940 1021
1470 355
1308 972
31 1456
938 184
100 1598
733 964
1442 495
556 55
1522 1653
1872 1676
722 380
198 910
534 1324
849 1483
591 1705
396 347
894 517
1369 404
260 1975
1087 231
1164 1670
1577 7
1208 1822
1215 297
1060 1983
1238 1352
563 2
1553 1762
1346 1458
1015 1661
975 110
1150 1210
70 654
638 1937
1744 1395
1236 865
1630 513
970 118
1816 1952
1879 968
467 1475
524 1938
1464 701
1253 1765
220 931
191 705
1726 1368
1701 77
530 45
1801 342
56 1104
1851 1743
1039 36
1825 151
1172 1132
258 1701
1208 1036
603 345
1798 708
57 1029
1114 1541
1186 490
1772 1270
1760 1372
1795 37
1330 1367
1328 555
947 689
1103 1063
194 801
904 1753
1071 1097
518 468
1728 469
379 836
1711 196
532 1550
1724 287
579 1703
1574 403
948 1798
1000 1432
81 106
1539 1089
434 1396
1081 1611
534 613
173 243
1646 1510
136 1655
1617 311
496 1498
1517 1462
374 1880
1669 106
590 1286
1363 1396
1442 801
153 610
461 1868
1172 1831
1991 420
1387 926
1038 1160
1069 1641
758 1817
539 714
939 1014
334 1137
1176 1354
1808 777
381 846
1633 1644
1557 855
1040 833
1647 293
601 914
170 1607
1863 373
898 667
1109 730
1717 652
335 1781
1263 1998
1695 1899
1334 1148
128 1085
1741 1512
589 128
1169 1601
1377 122
377 1647
1615 820
477 1510
1809 1850
1014 1624
1839 1597
1427 672
18 1598
875 1850
55 928
1271 371
1266 1071
1604 877
1195 1429
310 1984
878 282
1708 280
119 1080
698 1019
1003 1096
1495 839
1187 1725
898 1620
731 766
848 458
857 868
601 1872
710 1961
1467 160
1206 1481
1974 1654
59 31
113 619
1462 19
1590 138
1644 1690
921 800
524 1798
47 1508
1006 598
1479 1002
263 571
60 1883
337 677
1185 517
1864 1989
1907 1374
577 1174
1292 1959
722 345
1598 1643
1046 1054
701 1159
1208 1556
1409 1745
1996 105
890 546
210 1228
1993 63
43 681
95 1960
603 990
1533 1781
1650 1524
572 1257
293 836
530 1454
57 871
1775 1167
6 1934
716 89
1325 500
1482 1265
487 369
1325 1751
1445 1672
163 539
1521 375
588 296
812 1939
453 1896
1100 725
757 955
585 1706
214 1609
77 975
393 1092
591 1789
775 121
599 320
1039 477
116 1143
869 2
1758 411
450 1548
354 884
979 1091
1817 1235
914 670
1152 1060
1212 866
750 944
1753 1382
1066 475
892 1835
655 114
1744 1799
1140 1817
1217 1207
1512 1809
542 1685
430 1402
1937 482
285 605
184 1594
1865 415
468 1235
1004 1787
479 1675
855 1039
1212 1955
894 1706
367 1193
1495 598
1333 1399
1179 943
685 1361
216 1169
1342 1008
1767 1283
1045 1997
204 871
1629 1611
110 1695
1638 1857
1740 272
19 1028
361 819
1323 1224
50 487
1435 377
1434 1736
1957 582
678 525
1609 954
235 880
1356 1632
451 912
1495 159
675 211
837 1798
1764 301
1421 439
1302 1525
234 975
242 1083
256 1538
1318 1409
1965 1515
1423 1948
81 901
1562 1465
1661 703
1694 13
772 1207
490 700
545 70
979 1607
539 966
1502 1741
848 919
258 1854
562 703
1559 1401
615 1786
1784 1633
1393 885
407 307
587 1408
1883 1158
504 444
1401 1055
295 789
882 990
870 752
1550 1221
770 1880
652 636
253 944
933 1807
1085 256
630 709
243 970
1474 663
1050 386
991 340
528 1298
1046 1859
1631 1028
998 1981
104 783
1798 1220
1749 900
1218 459
679 1062
280 292
957 354
786 1250
1386 1899
844 1622
1931 1016
546 1103
1024 82
1137 1286
800 195
1456 575
1886 74
620 553
1446 1021
1973 1833
287 537
1444 1442
1077 1963
477 452
1178 885
721 1277
349 1765
505 1413
409 1681
1248 1694
1583 1171
498 1702
1358 205
1457 1849
1128 1347
607 1489
1947 1076
650 1256
477 558
1933 1546
1999 1738
194 477
1974 679
1368 1511
82 1344
547 977
103 365
98 151
482 704
585 1120
281 1763
198 474
1600 739
1189 167
1503 288
359 1416
722 1920
574 829
1618 913
623 890
1184 1813
1306 1619
787 1694
764 450
570 809
596 1819
1877 1186
140 648
889 321
273 545
847 1335
1511 339
453 349
1884 601
1819 725
1942 70
107 999
1137 1089
1730 317
585 1812
468 940
277 272
1155 1657
1084 319
1947 752
10 937
809 1906
1147 1525
1070 895
418 1399
1568 525
824 959
603 1285
1533 134
436 1704
1546 1778
1170 1902
1977 1892
1768 1974
1493 56
852 1416
90 1849
1785 1344
1111 562
1350 401
361 1825
1629 1440
1864 1259
1894 1913
1778 95
1503 1810
1714 582
981 130
1548 815
519 1158
439 52
1171 1964
1937 232
1085 518
927 1602
909 534
717 1598
249 1432
578 787
538 1354
597 1075
1706 325
210 552
1986 1499
1856 1859
1122 968
273 1154
1633 1692
1245 1027
576 1300
628 588
1655 1766
214 175
1122 480
1882 1513
1662 1051
649 590
543 288
220 715
518 1326
978 1393
1817 730
628 1123
1531 767
555 1775
41 582
1654 740
59 599
715 1534
225 131
1785 946
1746 61
891 1332
307 636
339 1508
1854 1436
532 1505
165 1579
1537 1994
1718 371
1265 1841
1515 777
535 573
767 430
547 603
122 1935
201 118
1709 1864
881 866
851 1001
1266 498
1956 1648
1942 1733
1488 123
1375 286
762 483
1892 1699
361 1410
1 905
987 1984
1981 1417
71 211
1157 1366
1424 362
20 84
329 237
490 23
1511 534
582 1704
328 450
1411 1500
991 1928
408 1959
1021 899
536 894
1563 284
343 1778
1209 550
1114 1364
1746 1984
1581 1188
305 725
1066 1730
2 270
1972 1177
1219 512
979 1813
333 984
1124 1258
1154 514
1777 1026
1291 1550
15 1331
1530 1720
1624 667
1305 286
269 780
1655 1545
929 1041
1712 910
355 360
529 1319
14 1897
856 1499
1991 73
838 440
55 443
595 923
59 769
453 93
192 1731
1079 737
1869 632
1479 1450
11 658
1194 1023
29 195
556 437
1750 605
886 792
1421 34
734 646
1892 1727
391 364
1272 1363
414 497
1819 1972
615 789
1879 786
168 506
152 1273
1084 974
1345 1812
749 1807
1156 67
424 205
1478 42
1764 487
926 430
1680 582
911 1723
1623 1648
1383 292
132 852
1592 1452
1328 739
1260 1717
1068 1619
82 1375
1671 1143
708 1022
588 79
1284 1531
631 1427
910 619
768 1205
966 573
1156 1264
815 1372
616 1523
485 1400
1736 44
1819 1679
1973 1372
1819 399
1103 1700
489 671
1221 1028
131 1758
1238 1849
175 1398
803 416
635 849
1192 1033
303 1309
628 1180
1643 83
1759 781
1925 24
355 1353
1524 1823
7 1305
670 728
1955 652
891 1985
1336 755
854 1121
345 802
475 1259
452 1511
468 169
59 998
1538 1348
1116 1504
1120 1460
1829 1865
150 520
317 1216
903 700
783 269
1292 1263
1844 234
131 1700
687 1838
1320 1566
1625 1600
610 810
1183 1946
732 917
1441 731
1511 665
846 468
1331 251
1552 900
1656 1808
1876 1365
437 379
1697 733
158 1709
779 216
1004 1984
961 981
1773 1924
1136 51
983 1554
511 840
1971 1705
126 487
1561 1959
1306 1320
906 1228
1321 469
353 1541
612 882
681 562
1276 1166
782 1305
818 1746
85 284
762 717
1740 123
781 1225
1180 78
1715 591
224 1825
1335 884
165 977
1690 614
143 1243
104 949
281 1280
665 950
1158 1963
1807 202
1470 645
924 1743
826 1895
1281 937
1858 363
34 1428
1184 1542
1189 8
1443 642
1609 1248
837 1288
513 1828
405 118
490 843
592 1189
1430 1946
829 1374
50 1544
1022 1558
1434 1061
1426 55
1622 943
1537 967
920 1236
596 1767
1867 570
124 845
182 221
1490 1129
720 422
561 1350
1624 474
1194 1562
1138 803
549 68
107 696
93 1266
269 1787
1864 422
209 1685
1764 1403
428 590
1967 92
700 181
897 677
1625 1720
871 1376
1181 284
242 35
1799 1204
421 1939
1147 1702
1423 1652
764 605
1836 1694
1438 1707
194 1815
740 1128
1941 1491
1077 818
428 1767
457 1556
1259 799
1957 588
294 453
1280 1418
1624 1237
1677 1907
460 329
1592 1165
1627 1217
1053 1070
827 1282
1353 352
249 393
1303 1983
1254 620
1644 125
319 1650
228 981
1456 312
574 536
422 181
594 535
1055 905
1950 339
491 866
388 1505
830 1720
1524 71
59 8
536 437
177 1063
62 92
1704 280
1853 210
1269 136
614 85
577 1664
890 1868
1546 1934
832 1458
1985 111
732 1021
131 573
34 755
901 1364
220 1996
496 766
1255 1619
896 837
437 1825
1611 904
1556 693
1007 856
934 1054
993 1996
1648 931
1760 1552
1129 925
1180 1639
1515 1384
1249 1591
440 688
357 1598
897 479
1262 102
1607 98
334 1060
1353 1297
1945 597
1926 755
436 825
984 1386
1628 259
1322 1716
1382 1385
193 977
453 56
1163 489
1494 284
494 258
55 1796
542 138
1468 1634
884 847
605 404
693 457
92 289
620 1028
609 20
1196 1611
218 1346
147 200
1048 199
1789 286
716 547
388 1163
1292 1483
191 332
1037 1190
514 789
1652 1634
634 1341
1383 1538
927 395
963 480
622 1723
279 1619
1184 130
1825 1776
1205 1180
1950 316
1372 322
350 1604
872 1954
315 1549
1925 1071
973 1310
1191 1322
262 498
777 1209
353 252
1345 1513
1760 1152
59 1413
1387 1477
344 852
595 632
751 1887
656 480
1903 128
1020 1426
563 316
1481 1537
543 1406
804 794
1743 1337
1570 1440
152 1176
113 140
1559 520
443 1355
978 1223
112 415
218 875
488 366
1836 1376
1633 379
1704 1324
1086 1223
932 317
1174 403
1838 801
1544 623
1696 851
668 1980
818 1038
1321 1465
1800 155
845 967
799 598
1299 736
142 546
1370 1207
1572 1201
894 484
871 686
801 1658
1858 1684
878 1697
1740 1660
1313 1125
486 1861
407 1005
1717 640
1281 1468
1374 496
1664 1829
345 284
1076 996
981 1804
1941 1774
1166 1986
7 1334
108 1913
1604 1969
911 1227
885 1790
1390 1516
156 749
450 1758
1670 1804
577 425
718 592
1301 943
319 64
361 488
1795 1722
745 391
794 1476
1706 1646
1216 1756
136 952
394 1286
854 1742
1811 361
1151 224
312 1278
523 356
355 331
1952 599
1140 463
1249 82
1140 1172
242 906
415 777
112 1216
800 628
1603 1234
1353 130
1544 1554
739 355
1923 1718
651 1968
1417 1041
884 982
1692 1414
1675 164
1175 1468
1868 226
212 565
1224 1943
1444 1985
565 769
1287 1885
1382 1673
998 1958
625 1444
848 720
1314 1065
1595 1988
401 134
1252 103
1446 1500
118 1112
531 137
1679 1813
880 458
823 921
1543 331
849 1261
424 10
1444 1445
1088 708
1378 268
541 296
942 1703
1633 1020
650 1501
334 367
963 597
1518 663
434 102
1742 1181
1643 1141
1726 75
810 1599
1417 717
1625 1216
1255 609
905 1673
997 1248
1469 1827
1731 713
1447 634
1493 1037
1731 1556
1732 23
1841 731
734 837
1399 1273
640 1406
1139 1706
1500 311
610 1541
151 717
919 1422
463 693
416 1260
1042 490
1992 260
759 1444
1712 613
113 1554
337 635
175 347
1017 370
1381 1435
1415 912
771 805
830 1282
1815 581
87 603
386 1418
292 1915
1191 148
1031 1950
1961 364
1677 882
799 1353
1030 214
247 483
578 481
1287 245
1900 1682
253 248
778 1023
1325 492
120 667
880 1213
1858 1243
1174 1771
524 1387
653 91
169 918
1209 1622
253 953
899 382
1568 1209
905 1340
1139 112
1821 1824
734 13
1529 1216
477 443
1725 26
1768 1645
1129 1370
1932 1400
224 1753
1238 1760
732 1558
524 1476
341 942
217 330
1257 963
668 1544
1669 19
462 721
829 362
1208 1099
1855 951
536 1117
1444 1874
400 104
1974 1277
591 1847
1355 679
848 937
550 1147
1564 1151
440 1775
472 12
377 599
1645 1807
1613 1917
1159 531
1947 287
2000 419
1417 712
1640 874
794 1381
1861 551
955 1166
141 397
249 837
1269 186
382 128
96 155
1965 1863
1711 1250
1848 450
693 614
862 148
272 1086
1101 556
105 288
234 1833
99 1011
840 181
610 501
1076 1453
612 526
712 1278
47 1906
684 1580
1371 1633
172 1391
834 774
1065 1403
1556 168
1989 552
1748 749
1524 616
1458 1869
933 718
566 1953
833 1676
161 1395
478 1140
335 1826
603 200
933 476
1915 1756
1340 1694
448 1141
902 537
1050 1134
725 407
1395 121
605 1467
738 768
283 1357
1514 1004
1791 1321
1365 522
35 1742
1682 1553
1874 1384
1963 1210
1954 1322
484 724
379 1114
1434 1852
1433 115
41 184
940 378
1853 941
939 1534
529 237
828 56
51 1164
1811 953
768 1024
179 1578
1225 908
902 1033
1304 1460
1256 1065
888 1595
1206 1746
465 572
520 1082
1418 939
480 180
1251 1107
1101 265
1849 61
741 1517
289 1273
612 914
617 294
53 1808
234 1766
1586 1756
893 435
1597 1138
574 563
837 1435
896 687
323 1951
1870 1635
1684 454
584 229
710 1085
1138 680
366 1622
752 1161
1750 1002
1854 816
603 813
307 273
909 275
1851 1233
1691 1095
1369 918
336 210
588 1210
1427 117
1130 1533
575 1062
125 32
1469 615
894 1458
1339 1085
409 1292
434 1151
854 757
1885 1212
1158 1806
1750 299
1349 1653
1772 1611
802 1498
1088 45
1655 1533
1760 1533
1774 439
669 365
1886 1518
749 1512
1741 1656
1661 1698
1650 1428
1328 1600
946 857
1509 1613
1205 864
1351 1726
1418 408
1805 866
457 1503
1932 1267
655 397
1966 977
75 1713
611 1837
1729 100
1748 804
29 1539
12 1306
103 421
860 307
621 1013
155 560
20 334
302 1354
864 1513
441 86
1150 1544
1677 1271
408 497
699 894
1003 1791
117 775
1751 1312
1817 1750
1704 6
536 628
220 167
707 1534
1302 1245
1117 579
693 1797
1833 99
1805 1493
1504 282
1244 298
1530 1015
107 1966
1452 1509
85 1018
1309 1608
766 1245
41 617
1583 1960
1745 1847
487 389
1455 1970
1548 644
1188 195
334 1956
1047 426
443 42
1693 1725
1675 987
1831 480
825 1004
121 1296
143 341
1833 849
1995 781
1952 761
1752 1275
639 526
1337 855
1563 1156
1956 672
564 1297
1120 1017
1638 907
1738 1083
1344 1077
513 935
643 1323
955 542
1424 55
1502 1051
1804 549
566 130
1372 1821
754 1280
88 1579
524 259
1571 819
889 953
962 836
1146 824
1449 53
808 142
875 1595
312 634
1464 427
1919 55
509 309
924 1402
249 1157
966 1879
558 1420
923 1137
433 9
1425 1996
1485 1590
1217 443
1349 1149
733 704
925 1897
146 914
259 1962
566 411
212 640
463 1616
150 1098
863 1170
742 1781
282 1407
1886 432
785 357
344 1708
178 1289
1363 674
1198 234
742 1247
713 971
515 1810
958 1137
778 455
1927 1016
502 67
613 1740
1456 548
1323 597
968 852
1892 144
1393 715
1580 1615
1798 90
704 95
1740 628
569 33
918 86
1377 1619
1833 1413
1835 959
1947 1818
1864 638
572 662
270 1795
449 2000
1367 1867
1786 503
1975 1865
348 1771
1062 512
7 1303
1257 779
310 1613
1846 1300
1809 1910
1785 890
791 509
1649 43
1941 1212
1985 1075
588 983
768 1496
211 1250
1715 824
649 366
709 946
990 411
609 785
483 36
533 94
372 1280
1712 985
11 114
1212 1529
936 832
1466 558
500 851
1987 446
459 1219
623 1197
1914 108
330 676
1795 1768
1480 203
611 1216
1566 513
201 905
946 446
278 700
1461 771
1882 796
821 1593
1925 117
1901 701
1820 1941
1566 142
351 1165
85 1904
1010 192
878 1047
1053 366
1423 1557
784 481
1623 1364
1862 1946
1090 79
1325 1031
1223 400
1877 133
552 1861
1426 834
289 199
597 373
1040 1289
112 288
1147 556
1470 812
1174 1874
103 915
1459 425
1514 204
874 434
1222 367
584 1787
247 881
962 701
1019 1299
493 1276
1930 1495
1875 1504
1431 367
1722 1661
119 1475
1313 370
101 644
1113 312
510 1795
1319 1544
1444 439
16 1516
1588 683
619 1196
898 1835
468 488
1435 1366
1352 525
298 1544
1441 1640
19 604
1708 1392
1690 378
1195 872
1049 446
1683 127
59 1770
1254 86
1336 1068
1678 1175
1403 1663
369 411
1615 1361
512 1442
924 601
1785 507
570 479
144 1681
1902 47
1038 977
1808 1708
1069 1509
1629 773
100 1358
966 1673
1117 220
1149 1417
1109 781
1547 1597
40 444
329 1095
183 1558
736 780
53 843
620 223
1160 1222
554 38
226 537
1013 574
109 146
1477 958
1624 679
1191 143
1881 372
101 1881
431 1439
18 343
8 354
1990 247
1719 1452
1233 762
1268 1181
1353 603
1214 316
504 283
41 1197
39 1555
1095 1062
1912 722
126 1887
1681 623
1826 542
1105 176
429 1294
1742 1258
1492 1417
635 217
1466 542
1005 1670
1935 442
1359 121
1192 392
838 1577
905 1397
58 1365
744 1563
682 499
1150 232
1850 125
1836 733
146 1740
491 1236
1383 1427
1326 501
395 1107
653 1333
800 1795
1484 92
1984 1648
511 1553
1965 777
1910 1418
323 1323
1095 1573
575 1987
1108 1160
602 946
24 1071
1207 435
1344 324
1688 1012
418 1751
539 1819
1078 596
704 705
1041 1399
1487 937
709 1020
1567 216
1276 987
198 1919
75 591
1002 1624
168 1383
199 1555
411 1793
733 884
928 1732
855 275
736 1809
700 164
1034 1248
1166 1647
1382 1849
364 571
241 569
1192 1914
1094 558
651 592
1018 1898
611 1460
449 1545
1797 451
568 355
1903 1708
1983 790
212 654
387 626
1860 1034
1791 875
1806 888
1347 1739
780 344
1244 1808
1329 1017
1609 74
1700 1390
554 916
659 543
690 759
925 67
886 552
110 991
979 1627
576 1031
1743 526
889 465
543 1567
1240 358
36 921
1047 1139
32 283
1506 999
1446 1633
1928 1827
564 1453
1636 1937
518 1391
351 57
601 1594
1628 1342
801 222
822 1000
1043 614
1492 1256
1990 1770
1834 244
496 462
51 1700
729 1905
880 1975
124 1112
95 52
1368 77
313 1720
153 1858
1620 1433
1852 130
820 301
1323 361
1282 1361
333 658
359 1525
1571 583
1119 974
856 1167
142 282
1386 349
1959 1734
417 481
275 374
395 1320
1652 1465
404 944
1397 48
1740 1267
102 1918
674 1735
990 1092
223 1483
1005 400
1269 967
1834 156
465 492
845 1862
160 1519
1717 686
1436 1439
1757 498
540 473
938 7
1772 137
1732 1891
1222 1878
995 260
777 806
1619 810
1229 182
717 637
1584 457
286 80
1662 1036
1822 1832
1237 1311
430 739
1089 1127
1282 1407
1123 219
626 829
490 1350
1007 19
604 1009
1694 1745
647 1607
849 1282
1715 1868
730 1633
437 799
596 978
1104 1050
818 715
851 1286
355 281
1263 1196
610 1890
271 1805
1266 144
620 417
1801 1511
766 400
486 54
1173 1919
1658 388
1721 1068
567 202
444 826
1669 251
229 662
1587 357
444 1985
342 1553
451 1491
340 626
1795 555
1978 815
637 588
296 745
1066 1647
662 180
1653 1678
1441 222
788 898
808 1355
636 1852
16 542
1490 946
1750 1011
579 900
449 1591
335 1305
1069 926
257 503
857 576
635 1311
404 61
836 916
427 90
935 1998
711 954
1117 199
482 457
167 1204
1679 27
968 750
1667 1028
1586 1058
69 1808
1386 975
1960 1947
512 647
1683 970
944 1675
412 35
1898 1632
367 1678
1985 912
284 1225
1213 1842
214 1857
1438 878
1607 944
1083 573
238 1873
1477 1004
298 1520
1665 1753
1274 789
1683 81
57 363
1538 1217
1932 1179
1063 1963
1921 902
965 783
1461 1703
423 1381
1021 1139
252 1406
287 472
1524 1208
92 1789
692 1890
1544 806
1023 1029
197 290
736 1278
973 352
1664 1655
1563 56
1960 55
449 1791
1584 1000
1856 1678
1619 1065
15 735
931 1414
1898 97
1549 1727
1172 1364
472 1800
382 726
874 939
1399 81
754 1266
1946 1756
1760 746
1601 186
154 506
157 1426
694 1443
1895 706
66 1907
1958 1549
42 1562
1887 1483
150 655
1090 1539
350 160
1011 466
1149 1341
481 1539
741 1981
1714 118
661 1317
362 81
220 1319
574 600
1701 325
226 1294
1355 1318
1694 36
524 42
1527 1060
1212 1919
1093 1729
1655 1440
1723 1306
1175 330
1179 1830
553 395
478 743
1954 1665
1467 930
1824 680
729 1818
247 609
1243 764
217 1817
43 661
917 481
158 1265
1464 142
1585 1698
1907 898
226 856
1860 877
897 1494
27 115
868 9
1313 18
951 735
1791 1339
983 1014
1585 656
1954 1014
1877 744
1152 986
83 1455
267 107
1285 1932
1563 1306
791 696
1778 1270
339 371
943 219
1442 1130
711 1017
1016 1634
656 338
1534 903
1325 284
1401 1314
1730 622
643 1693
1421 400
1525 1924
1103 112
61 1264
591 824
679 1302
96 616
1891 1417
1327 413
663 1709
1942 1754
384 710
568 1443
1630 1741
1022 98
608 1040
1859 1902
676 852
1871 982
931 1704
1188 804
1714 1108
542 1058
1139 1188
1820 427
727 505
1633 1944
1885 1525
684 772
748 1885
813 997
983 431
436 881
1922 1690
1136 1214
474 183
1688 87
790 1454
1054 194
1180 175
1529 484
1562 1240
1890 1647
1967 1756
1428 1049
653 343
389 1377
333 508
650 1510
656 1578
1966 670
1303 1660
1157 680
1272 277
1141 284
40 1036
343 1273
1706 815
648 64
631 390
236 1204
1638 673
272 1439
422 1816
1305 1542
1117 502
1983 1385
96 387
235 1499
404 408
1471 449
542 1553
185 676
1153 53
1419 1513
161 724
359 100
1635 1064
1022 1463
319 1881
1307 184
1855 243
1849 199
928 1509
1886 1857
555 1940
562 1406
507 637
826 279
1797 155
1032 738
1018 1637
177 1530
317 1782
1298 277
1491 376
1507 1885
216 1129
1267 113
674 125
112 880
1323 1442
857 146
1643 34
829 875
870 1452
424 359
1685 931
1055 1272
288 1896
1443 1054
1926 596
352 1739
1233 734
959 1921
1376 521
972 1337
1967 177
1622 1173
1342 1542
1303 1316
32 792
629 1430
189 902
1249 769
180 595
812 70
1426 462
51 887
1088 346
261 976
415 128
1570 14
1572 524
1088 118
1435 1065
1322 986
804 780
227 809
601 1159
1511 1196
1531 482
1233 102
900 760
218 272
1609 882
1309 673
596 815
205 208
1537 644
445 299
1835 1901
342 410
1745 769
1981 710
1938 162
1392 96
948 205
1037 15
190 979
1157 1069
260 349
732 1124
1737 623
565 254
19 1940
792 108
42 955
284 324
987 290
249 1106
477 617
826 1194
97 1859
794 1689
1977 1108
1587 268
75 53
1544 1966
205 1006
620 1098
1289 1095
1717 41
253 644
688 1799
531 502
737 1963
1598 1176
1171 767
1137 232
877 1143
1639 1986
1382 234
1415 1099
306 231
766 945
359 1116
1222 757
1289 263
1291 877
276 983
1215 325
1700 1976
1528 679
1167 1736
800 1002
495 1081
1556 1001
1229 514
1281 1718
830 1275
1551 1799
1460 1012
1898 1850
1913 1831
1068 34
1585 399
402 1553
863 335
991 1687
1736 569
1624 370
1579 1831
8 78
1409 1515
1866 980
1850 1535
177 1808
336 1329
457 109
76 1952
433 668
1269 73
1602 1098
1739 1354
176 218
1981 1623
112 1505
1405 61
1059 333
1250 309
712 321
1057 1925
994 189
1990 723
1473 683
1106 173
1209 998
1576 1939
1065 822
1876 1335
1470 468
761 101
852 1733
1419 680
1943 1754
1301 1262
1338 1690
1770 1703
1569 1009
397 787
517 760
1207 853
1499 725
267 700
1566 349
881 1535
184 618
979 1790
587 472
447 613
1760 1888
1897 1965
256 1283
589 1296
64 1127
14 1920
147 704
716 173
571 398
77 709
437 142
1057 781
1624 1908
589 49
1030 417
554 613
1763 161
820 1811
1333 1868
1584 1971
1965 274
1157 36
179 1810
605 1458
553 915
181 445
760 1782
1793 562
190 401
494 1175
1351 1713
642 82
1229 1393
1339 1304
1988 1441
86 383
1741 239
42 18
1459 1391
833 1915
190 558
1207 736
1047 160
1774 491
1592 171
292 644
1299 398
548 1855
1665 1292
236 1178
1378 1085
1407 1180
1334 1112
1052 957
1433 1229
108 742
1287 1841
1644 440
1307 1392
1647 1310
1126 1669
769 1481
937 1419
745 923
740 335
33 116
1181 1812
35 497
682 1399
1748 480
442 1831
1832 405
1904 1184
1003 1055
514 1524
242 116
1820 1149
899 1039
697 1021
1821 1545
1283 1552
995 1030
102 1758
1367 1214
990 970
1301 1945
1295 276
981 1826
718 1998
545 561
746 1072
523 856
171 1282
67 70
67 1311
964 844
1291 1705
1925 976
705 877
1964 691
1643 283
122 532
738 190
208 595
339 1756
1975 261
1054 1733
1344 164
291 1016
169 397
183 1031
775 349
182 330
978 1839
1569 797
1187 1326
832 1880
326 362
365 1098
465 110
1964 497
1445 876
1523 828
1934 1280
1994 1564
1054 28
826 1495
735 611
920 1394
1724 1892
1960 1422
1395 507
991 352
261 908
56 1710
180 1383
1235 1382
1707 1250
872 1288
828 878
1955 164
1821 571
652 596
165 629
25 286
1435 345
1912 1306
1792 573
1949 1669
1496 1363
256 673
435 1174
1645 688
1272 315
890 1812
94 143
433 1922
1296 1617
470 1601
250 1674
266 1050
449 1965
1556 1202
789 1746
1888 1625
1065 173
511 763
1752 1174
1034 1421
97 989
745 712
503 953
883 312
1885 1128
1238 234
1251 1405
1756 809
887 733
1725 848
1640 869
1354 1014
122 1441
1055 946
705 1215
561 1839
721 1071
1000 1773
927 1877
1771 1439
701 682
742 1022
1552 1979
1708 31
1282 650
1643 1284
1338 952
46 1537
1792 459
75 1907
1577 1010
1627 1128
1051 1847
509 271
878 1606
1201 128
484 1449
1136 1760
1575 1084
1057 1059
904 247
633 1153
408 79
1630 593
698 1651
152 1140
1549 23
1159 1584
126 1007
946 487
131 623
1478 29
854 866
928 206
976 1102
1778 140
1386 1831
572 543
800 1709
864 1392
433 339
1086 9
541 591
157 155
127 1284
1326 282
1544 648
402 1559
962 1231
1632 603
1772 293
1805 1606
1454 396
1406 19
1877 537
928 220
1120 1285
379 387
1223 1473
1054 894
260 1422
1005 1681
557 462
1539 1358
1130 1303
1531 1956
1709 1533
1891 321
1969 455
1285 1064
545 1811
1967 1648
928 1195
213 328
1736 1097
943 87
1051 1478
494 392
349 723
1907 624
1642 1350
1165 887
1249 483
292 830
584 362
1697 1208
1306 1426
184 1694
984 1950
1314 77
894 406
1746 1623
268 1231
1329 1209
1062 128
421 1707
230 1487
1267 1677
16 1339
1114 1970
1575 1159
780 841
473 317
1184 25
536 1977
547 1332
1534 1620
209 506
1931 172
1347 1675
496 1888
877 935
1077 499
1916 256
1455 539
1790 256
926 1003
1163 572
909 1247
1605 1821
1563 671
1701 1134
1416 878
1322 369
871 470
1353 1463
393 1500
1356 24
1074 1961
1183 587
1732 35
1470 300
1653 1284
1394 14
1199 980
238 133
491 1490
1910 725
1131 152
1388 1143
1562 815
843 125
232 27
1157 356
749 1227
403 1926
692 1493
1582 1667
1590 1525
1250 1308
970 1491
1592 846
583 534
733 1267
814 192
1379 1724
267 1115
335 926
1012 979
417 680
1329 1085
931 1308
1993 1258
1598 1221
1289 882
1654 593
652 1832
399 1566
1665 1038
1526 1123
918 287
1576 731
782 1079
666 665
1589 985
473 42
325 1468
874 1673
844 596
1276 446
494 1097
969 207
1057 1136
1885 517
455 53
1875 1930
1957 1563
1569 285
628 1870
1753 1983
1584 762
1156 1651
294 746
1289 84
1404 1364
185 1784
118 1271
791 71
1887 1733
1696 1514
762 665
861 293
499 466
1748 345
989 238
1665 1789
1716 1856
1628 1824
930 1140
1991 210
170 1120
1967 1069
1529 694
455 1667
343 598
1029 1691
1318 1456
1141 226
1310 139
154 234
1131 1246
1883 499
1004 76
93 1180
224 1020
1601 1696
915 1092
889 950
545 1292
286 245
307 822
493 1397
60 239
520 28
1389 1699
1613 30
1971 319
407 1738
659 1930
98 1533
1128 636
175 266
503 1684
1648 1375
1001 1145
1471 180
1069 1050
250 1878
1073 1463
52 1767
534 940
1737 1653
1455 20
1201 1894
181 1967
1489 1588
397 300
941 356
758 1752
1226 1092
245 792
1568 1663
373 1053
1529 1602
1700 441
1419 423
270 1119
1461 1908
494 319
1691 144
83 488
599 1985
1383 123
1062 213
247 614
1614 107
1429 1730
1506 1420
996 1087
734 1141
594 644
1871 1177
1479 791
761 1184
1924 1390
598 117
1532 418
280 405
1039 1451
563 1669
615 1198
971 1354
1240 1661
1557 1268
776 368
16 696
1985 120
961 1807
66 1189
1642 199
229 265
429 492
814 71
1641 1747
1171 533
1934 513
1840 1636
32 104
371 925
1564 288
306 385
1445 119
1297 579
769 1670
1286 843
694 721
1658 1076
1272 592
844 603
746 89
852 1822
1991 1047
1772 1983
1873 1243
242 314
836 1182
395 198
595 1374
809 1738
1157 509
977 1153
1545 367
379 945
922 1290
1073 292
1574 431
1379 439
1375 859
351 774
1339 1103
758 1677
690 632
159 1366
1643 596
156 915
872 11
1129 837
773 1264
618 1580
1401 205
596 1735
1259 357
50 478
87 1995
12 1902
1731 550
175 1025
1032 850
1663 508
832 1875
809 1222
1926 1592
174 193
1971 107
90 1982
26 528
1129 1964
873 919
925 1817
283 1807
818 81
531 1567
846 638
90 137
1688 1599
983 1278
37 531
767 1136
736 900
902 1741
775 721
1714 1320
1782 1320
249 760
1888 1643
984 1394
1556 1616
1496 14
539 1151
1229 1092
1442 1504
608 1589
1887 735
1089 1675
856 1416
164 890
1449 529
290 16
1738 633
670 1692
716 124
826 340
1957 1483
813 474
285 1109
112 134
1375 1692
36 387
1433 123
102 946
1200 1992
839 1833
1128 124
1412 398
1695 1309
1201 202
1448 1425
783 594
1497 1149
1634 1667
371 98
675 199
28 856
515 1201
1885 1140
1508 804
1553 805
895 624
815 1862
1864 3
319 982
1706 321
935 1489
1562 1710
1441 979
1812 431
154 434
104 349
444 434
1758 468
381 1578
916 172
1703 1850
1193 203
1626 760
1337 978
1468 430
1414 295
791 1375
858 1291
962 884
1204 1168
1709 1120
1991 125
48 1231
94 654
216 1720
1199 1531
1022 1220
127 388
1748 546
1640 1311
305 1731
1805 604
482 1684
1949 823
951 808
902 1321
781 1768
611 1307
1950 1831
771 346
876 1447
1419 1046
1667 358
885 1323
260 1664
731 1234
742 338
1774 133
1777 635
217 1139
688 35
439 598
1853 607
905 143
63 1731
1308 960
395 386
31 1432
1400 1296
722 400
147 1820
391 1097
744 1654
728 1679
1490 1831
1835 340
305 1151
318 1050
1973 581
1672 985
582 603
1936 1142
1835 1023
831 1749
1000 1126
657 1124
1210 298
1959 1962
815 422
1700 1312
329 664
110 1215
1301 325
1939 1738
584 1506
1546 744
1125 1741
1027 1509
143 943
1371 1435
394 1555
190 590
124 1056
376 1796
1194 408
1800 1140
1443 1018
366 277
1108 226
1773 651
1409 1670
986 754
1246 1749
944 1124
79 152
1201 1775
925 345
1755 935
1018 838
606 500
771 752
466 986
831 1332
1974 1960
249 863
1276 1844
218 362
709 819
1156 365
271 1224
994 777
1010 887
1110 848
597 129
1178 1660
1836 1715
1822 913
82 371
742 29
10 1903
1232 833
573 84
1379 1623
386 1051
921 1539
368 1642
1133 1884
1560 354
1378 361
1637 1651
1481 493
880 1379
965 1661
659 1798
1715 1813
911 1152
828 1277
1260 755
259 1382
1281 35
1753 631
1414 514
1269 1727
1778 752
38 987
849 1451
1211 210
1588 1826
194 1038
75 628
737 1204
1499 1750
450 398
622 1756
1782 547
534 225
1401 599
1160 1118
467 1527
1988 1006
1686 993
841 831
1734 366
830 1463
1128 975
1108 1297
647 979
1806 325
191 373
270 1672
625 1623
1568 1087
860 1453
151 317
1497 881
488 1314
1703 1728
907 1902
1586 1511
364 615
996 1328
706 1005
1864 335
1874 1988
1783 642
1623 1451
1003 1545
668 1168
1982 1190
404 916
135 500
1857 1646
1450 335
1683 1250
142 116
1767 455
1768 1356
1793 1833
907 1599
1628 830
537 863
1827 1964
698 323
273 1084
332 667
14 1225
202 1296
1735 252
146 271
860 888
743 1434
802 807
1236 228
427 1672
578 1199
325 394
42 1311
455 1578
317 1839
762 1621
1018 1885
295 1783
652 1319
1591 175
155 415
1154 1441
1233 1613
1584 1513
1535 1489
884 1650
1619 1930
1787 1247
794 157
1586 407
1513 851
233 833
681 1982
1501 683
530 1839
492 398
309 36
1654 337
1811 183
1116 1087
992 823
1206 1069
318 1872
852 886
1041 1319
1333 466
1400 1870
535 1348
1696 59
1747 1218
886 831
1699 1911
1108 1228
663 1410
1772 1338
953 201
1713 1966
1603 1827
367 51
1418 77
1850 821
1850 1168
1152 584
1384 1010
1485 700
1627 681
1923 1663
139 1795
1748 1448
8 1088
1209 389
1061 912
130 874
1954 362
145 1865
789 1108
1363 1306
583 1083
161 1751
328 1361
638 1388
172 864
1268 791
404 603
1835 1682
1056 1150
715 327
663 1481
1865 760
1284 1095
1676 795
466 1589
829 1502
886 468
1553 1558
108 457
119 1343
476 585
1462 407
963 987
1098 490
1105 1368
1167 437
1933 1892
1102 1174
1868 774
1912 827
884 937
337 265
1808 345
1736 17
1981 140
1155 1034
381 123
1576 1886
757 581
525 766
1972 944
1206 848
1297 30
622 1646
1823 42
1668 267
953 743
1097 1618
1318 144
266 361
862 680
230 403
451 1345
780 178
1687 1291
928 34
271 618
1956 725
1384 1532
158 25
908 589
1112 1855
1426 1376
755 816
267 699
479 1405
1822 1618
980 938
1398 1801
1655 1984
1502 805
1645 528
372 1389
595 1896
701 354
1744 611
1560 1429
1212 253
183 1955
979 697
1855 657
976 1126
129 249
474 717
1877 151
542 1664
1407 1954
159 1635
1456 1523
1153 1343
466 286
1519 352
1525 554
700 221
770 1075
1121 1457
886 1377
1516 1352
910 266
1568 761
909 23
1609 945
1995 785
26 827
160 929
1659 1646
1248 1892
649 32
382 1739
1528 1639
406 1941
1281 993
1867 500
1809 1060
1798 1668
118 1997
195 818
1186 548
686 88
1199 521
453 915
1455 1866
3 931
1896 1166
1612 1984
768 401
1971 531
1258 1405
728 1923
389 291
1313 1944
1034 1221
887 1916
747 939
524 812
98 413
687 1439
1755 234
71 513
815 100
1155 961
1443 430
1800 371
1010 1714
939 1182
871 160
1736 1300
1995 408
1084 1595
1534 59
1605 1320
1411 585
1820 295
365 1344
1220 625
1963 820
792 1233
816 547
1160 396
1420 65
817 1393
184 1807
1517 44
97 138
1184 560
1317 1749
200 832
1616 895
295 586
936 299
284 1800
1809 18
520 215
1927 38
788 508
1058 1710
1022 352
1189 259
1825 13
1768 1647
1908 1578
681 1479
1003 1232
878 1461
1942 915
341 276
147 983
1685 829
176 1160
251 591
1024 602
1715 1834
1259 1717
1451 645
1049 1203
34 1820
296 1331
1578 1686
256 118
144 1374
1637 830
67 176
1852 161
1954 920
402 790
1478 1950
780 321
28 1453
448 697
939 1723
1907 771
597 1421
991 1294
1772 449
1119 1492
1775 711
1665 1910
1556 782
1683 16
155 1179
1002 476
278 1746
842 1318
214 1963
542 1636
85 708
478 925
283 415
820 1392
102 1387
942 965
334 1775
1647 94
10 1601
1468 1107
991 1439
1577 223
1150 222
473 353
46 1475
1907 50
1553 1982
30 1556
653 770
1786 50
1067 1771
1573 332
1247 1776
286 53
1190 6
1007 252
13 1797
735 1482
28 1351
897 1487
294 744
729 865
431 1339
690 300
669 1363
113 1827
1970 1887
780 2000
563 1419
70 1095
819 588
443 1416
613 1254
1147 1924
267 292
139 1757
573 1553
1659 1039
1247 1449
432 175
1548 1919
239 172
211 1176
1612 72
1568 117
889 541
1488 197
811 269
154 863
112 163
455 1295
1086 1347
1311 1938
1993 217
930 1590
520 577
99 128
1218 333
646 44
1025 684
645 529
1450 1024
309 1268
1059 462
625 142
1174 1514
441 1115
1716 1579
413 1885
750 707
1014 89
1329 61
704 1904
78 1443
3 1547
1183 1590
1361 218
14 659
39 162
1094 975
1319 164
1791 1722
389 480
568 1981
1131 1414
1535 1559
21 190
954 908
232 258
1643 675
656 188
876 1588
1840 548
1309 378
320 1226
190 1990
1097 89
1711 1475
676 760
71 908
1972 629
1865 1462
1489 1767
1289 1124
1446 1503
1594 698
440 613
318 320
1413 928
56 195
904 1817
1991 895
349 519
375 1275
299 464
733 776
438 1696
145 1565
210 1944
1772 870
227 1655
165 1025
485 1089
686 833
671 1964
887 1890
569 255
703 1944
1831 448
191 1237
448 1583
617 999
1530 369
789 771
782 576
360 506
1558 1683
491 1094
1205 186
854 886
1413 542
290 1896
607 1670
117 1053
289 1140
470 1489
1313 1929
1708 861
965 1341
417 1158
1877 1296
1814 892
885 398
1584 640
128 160
1101 781
84 344
535 1194
1838 558
1201 225
799 404
1047 1918
1582 1728
1583 1322
39 75
105 1313
1089 993
457 204
469 1571
1513 1383
221 1828
1718 1335
601 856
766 1095
978 41
1434 365
845 1735
1128 1942
43 1118
246 991
711 1277
445 1624
141 1783
366 1270
830 1979
1406 585
773 590
587 1155
166 1457
1384 1407
63 882
206 1246
922 806
847 1499
127 728
1624 136
1588 1364
1829 420
1501 361
1759 1277
775 486
1421 338
1360 1786
1058 98
124 1844
230 197
1213 1525
1075 1774
1141 1830
1461 1823
1668 160
886 1853
1823 1804
1760 1440
820 1060
1694 720
267 1655
363 308
1843 1320
16 1525
979 590
1731 1442
604 29
920 130
1888 1657
312 1221
1446 1893
1755 1523
1298 1316
114 1500
209 855
719 1299
559 1832
1505 1095
490 1650
68 1485
408 1370
388 1592
1452 334
267 790
969 482
1001 1544
1766 2
1849 715
650 415
1838 882
702 1866
559 797
1701 732
673 805
1334 783
1692 1969
1484 648
959 1979
51 430
646 951
401 1880
78 86
466 1572
1716 1487
1613 1809
1639 1633
345 1195
1991 981
1605 1797
724 32
1225 1656
1942 687
385 479
360 58
851 671
677 1122
184 1511
1904 1753
1598 601
1226 1038
848 393
929 21
396 1070
611 1804
778 977
1202 744
261 1214
1274 443
111 436
77 1879
69 1892
796 575
589 1004
185 1721
107 1305
1231 851
1832 1353
1016 449
807 1260
271 605
1468 759
20 1782
866 1890
1676 681
1143 1569
1398 718
238 893
1577 215
612 1888
1570 1274
1519 1992
358 1643
684 946
1911 954
1910 1906
852 572
1357 829
1272 1907
711 108
1421 94
487 1233
940 1638
818 683
194 310
885 1600
1853 286
1543 586
303 1231
1138 946
1778 344
408 1479
466 1551
1283 1557
944 135
149 389
1121 1789
1168 1988
344 709
777 693
502 966
1301 520
866 85
912 1582
1611 853
939 1832
1695 940
1921 94
895 851
1784 216
1818 213
10 23 4 1 1 227 53 24 30 10 1 39 1 188 53 51 6 26 41 5 62 1 14 183 18 7 29 13 12 4 2 141 1 4 32 5 1 418 5 1 206 148 10 6 17 14 455 5 38 3 14 11 6 1 168 32 89 1 19 21 203 2 1 1 44 1 175 1 1 8 9 1 17 91 3 338 9 63 1 2 4 4 32 287 7 19 5 1 48 20 2 1 203 27 50 6 18 40 116 38 6 39 76 372 143 5 18 40 33 143 23 7 4 3 30 12 24 16 3 1 2 2 21 18 45 149 44 79 126 148 33 1 4 50 68 104 18 206 42 1 9 7 42 3 1 75 10 1 1 37 1 54 163 2 4 10 5 5 15 158 32 1 8 28 290 1 4 10 5 2 1 51 144 2 139 242 30 196 2 92 7 2 86 74 2 2 1 13 2 58 183 100 1 136 2 10 2 18 79 4 3 9 7 33 7 16 2 4 2 7 19 76 320 33 37 117 272 34 1 58 1 8 99 62 42 7 165 325 87 137 1 18 1 5 375 6 4 5 22 1 3 60 276 10 16 1 487 6 125 63 6 48 5 6 3 20 1 6 48 5 47 1 18 1 1 17 62 5 428 10 25 91 6 179 5 21 25 153 1 1 9 14 30 69 7 12 11 111 2 172 1 94 85 147 55 13 59 2 14 3 16 129 1 174 52 2 3 99 14 4 23 34 152 62 1 520 171 1 4 2 25 214 1 3 17 266 3 46 3 60 2 140 6 1 13 63 224 3 395 1 1 304 5 358 45 1 31 32 273 1 4 2 1 98 68 3 6 1 46 3 11 265 98 9 44 19 4 174 199 2 215 6 290 10 3 1 1 4 13 1 8 192 1 1 201 1 12 1 29 1 36 6 163 19 121 30 2 208 23 4 5 322 72 43 9 5 5 34 3 1 37 113 84 1 124 1 1 2 26 151 2 1 136 8 1 1 1 1 2 5 162 14 29 68 7 3 30 1 1 229 155 2 10 92 85 4 1 58 24 43 15 336 33 12 2 1 32 85 77 1 1 220 2 27 59 37 14 2 17 4 2 12 151 17 14 3 100 147 85 53 188 4 10 11 1 76 103 71 1 30 12 129 2 5 42 4 84 168 1 12 23 20 6 118 37 1 5 9 15 1 1 463 17 39 3 1 50 6 27 36 48 4 6 27 10 4 1 9 34 1 17 4 1 494 42 1 1 1 173 1 14 38 72 1 15 13 155 61 195 11 1 2 74 400 43 192 1 89 2 5 19 13 36 5 5 39 10 1 2 2 17 41 224 138 13 10 166 9 64 1 2 136 196 46 17 2 86 3 37 27 5 5 112 55 3 3 147 3 107 1 6 2 133 2 100 1 1 2 149 151 272 14 195 9 4 1 341 98 211 27 1 41 22 9 4 14 2 19 5 1 95 9 1 4 20 8 11 7 1 103 1 5 1 20 1 7 312 3 24 11 30 4 1 6 1 12 255 2 24 1 24 42 139 1 6 1 45 28 41 2 9 1 132 11 46 38 252 11 156 9 9 4 8 78 1 49 515 49 2 4 1 43 1 1 1 1 53 77 1 146 62 1 1 30 40 2 113 32 3 2 5 29 166 174 2 289 2 33 2 5 161 6 299 155 30 1 1 58 82 443 1 35 14 125 2 326 9 59 2 23 31 137 1 20 16 87 1 1 28 91 5 13 1 8 7 1 304 52 8 472 16 4 2 138 1 20 10 97 4 6 45 1 68 3 221 179 15 3 119 68 156 62 56 1 7 9 6 1 131 260 44 75 1 88 2 58 1 1 8 24 1 2 6 15 108 32 20 1 157 167 1 1 14 27 7 15 4 1 1 12 7 48 52 9 5 6 67 41 101 5 1 3 247 4 1 16 117 314 1 2 2 1 8 4 21 1 183 14 9 86 7 36 1 34 142 2 8 1 18 2 103 2 6 1 366 5 1 39 6 1 38 171 1 29 30 2 1 5 1 72 2 282 102 24 22 25 36 1 17 4 1 16 6 3 8 118 1 43 522 49 1 15 36 402 9 2 1 17 527 37 108 119 104 9 44 99 206 17 2 413 35 1 2 1 131 23 4 15 3 200 8 172 4 1 22 4 66 153 13 9 1 8 2 55 34 74 1 1 373 52 11 106 2 7 181 1 99 45 11 1 352 1 236 19 78 31 232 37 1 185 157 1 1 1 24 218 15 15 52 5 324 26 5 7 55 95 95 1 6 155 16 1 6 1 1 2 13 12 97 22 2 2 4 329 1 1 42 2 1 66 143 1 140 125 1 26 1 153 78 4 333 72 55 1 1 1 48 25 56 29 153 127 9 50 1 180 43 21 346 1 2 1 99 1 1 164 176 1 2 5 3 100 20 19 16 1 1 104 228 262 53 285 4 13 25 86 10 8 61 29 157 88 95 1 14 7 8 1 72 1 1 1 128 2 3 37 7 2 4 2 53 309 1 120 117 1 47 121 61 1 283 256 99 1 286 126 15 19 163 15 1 1 35 35 63 52 2 82 13 4 3 75 3 242 31 30 2 9 99 76 1 37 1 1 1 93 9 1 229 24 214 9 3 1 1 10 16 100 3 2 156 45 12 48 3 45 1 26 29 71 1 1 3 4 57 237 1 11 182 7 2 36 18 70 20 1 2 374 3 20 208 1 45 49 51 33 1 239 2 74 2 8 5 41 59 174 28 1 2 1 8 27 3 5 111 81 416 60 10 11 8 2 2 29 58 265 79 3 73 77 18 205 6 131 87 3 29 1 46 1 3 5 1 2 19 334 73 139 2 97 1 1 175 26 21 25 172 12 19 8 16 77 2 228 12 1 1 100 4 17 1 61 207 46 4 165 23 120 118 29 67 2 9 1 2 13 254 64 1 7 21 29 176 30 19 1 3 118 150 2 4 55 25 1 1 21 10 1 251 1 21 351 291 166 43 26 304 3 3 2 8 4 30 10 1 2 13 5 22 29 16 7 14 173 78 22 85 1 15 3 7 3 5 217 2 1 19 1 159 4 8 1 4 2 6 1 203 43 1 121 6 150 31 128 17 2 1 15 1 1 2 1 40 11 3 2 2 5 61 121 190 57 1 11 17 46 16 20 56 1 1 16 11 38 204 471 88 1 9 1 58 8 3 196 3 96 1 353 1 6 34 2 2 12 297 1 105 86 18 12 3 209 35 30 134 8 8 31 134 45 2 3 156 169 8 81 37 1 60 1 5 1 150 117 166 43 1 2 275 533 4 40 90 3 1 209 3 23 7 3 7 9 4 268 3 11 2 9 60 6 57 47 186 9 17 115 317 14 6 12 1 1 1 140 13 113 373 544 1 1 88 1 71 5 148 1 76 1 2 86 18 23 42 71 12 41 1 1 352 30 9 283 164 1 6 85 72 397 28 364 287 5 43 109 34 178 101 24 161 1 4 33 3 8 262 1 268 157 15 32 1 3 37 35 10 1 119 227 7 1 2 2 1 15 2 2 6 8 3 1 17 45 70 1 99 8 121 221 77 132 44 90 14 239 2 1 23 9 6 2 19 1 118 206 30 2 413 6 275 1 1 1 4 20 2 109 1 5 40 184 44 5 1 75 4 1 10 16 4 5 1 134 4 9 1 1 3 1 80 1 525 2 3 1 44 16 22 103 11 77 5 17 5 64 2 182 68 2 529 125 1 1 38 46 32 2 6 2 338 5 1 80 28 275 152 157 71 37 11 6 136 48 32 208 45 233 2 10 158 367 5 135 1 89 162 1 5 70 12 3 4 13 10 59 81 1 50 55 10 137 2 1 12 11 49 1 8 2 89 284 59 20 2 3 156 29 1 1 2 52 34 180 6 172 10 68 1 35 36 33 9 1 2 211 8 8 9 26 1 151 1 1 40 9 6 4 12 31 40 269 21 10 1 1 4 5 55 8 131 190 186 65 2 4 9 7 2 14 2 24 3 1 77 93 1 147 1 36 343 44 1 182 1 3 3 6 9 41 1 26 109 285 23 7 3 43 2 9 1 1 45 281 6 147 1 2 384 80 19 91 22 261 99 1 38 170 8 22 27 244 288 1 1 4 9 2 70 23 4 1 41 5 9 1 1 5 379 80 19 20 7 44 196 3 42 56 1 19 307 4 269 7 50 9 14 12 273 310 2 3 2 1 30 6 1 2 1 44 105 5 4 38 3 7 13 80 59 12 19 16 4 1 1 3 155 2 1 2 1 7 1 9 6 61 6 1 3 4 83 4 5 44 20 2 45 23 4 1 9 131 9 8 42 10 3 37 136 11 157 2 24 473 43 1 1 286 30 97 1 182 1 31 1 1 225 57 1 1 44 189 1 30 2 269 174 1 419 2 1 1 27 4 1 10 1 1 1 2 43 80 1 92 94 72 1 44 79 1 61 502 7 49 1 8 31 4 4 1 36 58 4 78 3 14 178 1 2 1 3 8 15 3 110 94 6 53 29 1 105 1 30 30 234 158 19 244 1 21 1 74 16 168 2 314 47 7 20 23 1 25
