2000 4000
774 763
1973 844
326 318
1994 1395
863 822
1867 1677
1111 1198
499 1942
256 1053
1961 1967
1942 635
822 68
1828 1280
1221 1961
1602 1637
394 1827
521 121
326 1870
565 822
1053 162
1066 347
1827 1280
77 527
1967 1508
1930 1203
318 327
1221 193
160 978
635 1891
1189 918
561 1219
481 1819
353 77
1453 1053
379 582
1280 1305
946 1828
1395 149
34 347
1198 770
921 280
1720 379
1066 1984
1559 886
978 886
161 1867
68 1602
1859 436
521 1305
481 763
160 1198
561 1053
571 435
463 1867
1086 700
999 1819
232 1086
436 1867
1602 1395
107 287
484 1280
1897 1862
946 859
202 863
770 1675
1219 1216
77 1455
34 1203
436 1819
844 1395
1305 1930
1978 280
1862 481
1455 1066
939 797
1135 845
921 135
394 347
1526 135
918 753
521 527
1066 1602
463 918
1079 443
999 1613
232 1276
527 1508
1828 379
1602 1881
1198 582
939 1358
1602 280
921 919
1053 1452
1135 1526
353 280
527 1572
1961 822
1891 571
527 2000
12 379
1827 193
1066 999
1566 162
1930 444
1395 499
543 443
549 161
347 170
1891 1305
939 529
571 1637
1526 763
84 529
170 859
887 763
822 1859
121 280
1720 1453
481 1343
1862 859
1395 1526
1939 107
161 795
1445 763
1759 859
287 1637
1427 1613
602 1395
232 1455
1720 1613
1412 353
326 527
19 886
353 1054
1602 66
1475 999
1221 394
1613 887
774 1054
1454 1930
1720 1093
1870 68
921 553
287 918
1453 1827
1198 1086
1602 135
585 1613
1221 232
859 1776
1859 1203
149 1198
432 1086
939 160
1602 432
1111 1613
1726 287
1419 1526
499 1079
1198 857
1445 521
841 1280
1637 481
1827 1419
582 1776
202 34
543 1445
1394 1930
1053 1930
1445 19
1720 1198
256 1566
440 763
1930 1984
635 1559
1086 1475
1572 1221
1526 170
481 1392
1526 1452
1700 1219
946 353
1859 635
1427 543
280 1404
918 440
565 582
1720 700
543 582
845 1859
1404 2000
581 1930
965 435
1559 774
1452 318
939 484
1726 1602
1305 379
887 1973
753 939
886 946
1526 561
521 1870
1445 1675
845 978
822 1960
1475 1455
436 1862
394 1086
193 921
921 1216
481 170
1867 965
1066 481
318 19
397 440
463 1419
1967 795
1066 965
1453 571
232 287
822 543
484 1054
123 822
443 327
1053 34
770 918
232 1870
1508 347
1960 1526
770 232
921 1572
19 797
582 68
763 1454
19 1720
1967 521
397 376
822 193
1455 1613
435 582
1221 34
1427 521
107 1967
1054 1404
1675 1111
1066 602
1066 12
1079 347
857 232
353 1572
919 1967
107 1526
1419 318
1828 34
978 1203
700 1053
561 1827
1543 918
1475 436
1961 844
19 1566
161 170
1891 318
19 635
34 965
527 1559
822 394
1566 1559
1086 1675
232 1305
921 1475
347 549
582 1867
1960 1602
149 1475
1219 68
1859 1602
1867 999
965 521
1973 1939
1093 347
1219 2000
1942 965
1939 1819
790 379
1637 1111
376 1066
797 763
1675 1455
774 280
1994 162
436 1066
1960 921
397 484
1135 797
1445 1613
1305 123
1078 921
774 1675
161 435
1978 1859
379 585
1203 1862
568 822
1395 582
543 1828
149 1867
327 1526
543 1219
353 543
521 1827
162 1455
1475 965
162 1939
1930 1243
481 379
1891 753
582 1280
1219 66
326 1827
946 444
443 561
1445 327
2000 1939
1602 1216
795 1870
1221 1675
484 946
1637 346
1967 1475
253 161
946 581
84 160
1637 1243
287 549
1891 1454
444 939
571 1859
999 280
499 232
844 1867
1960 1219
1960 797
1559 1221
521 1566
280 347
939 1677
160 135
436 700
280 965
887 1066
347 162
379 868
921 1093
1862 822
1961 845
1677 1862
886 394
582 763
27 1939
1759 1828
527 700
107 1305
1859 887
1870 700
1305 1412
1602 795
1394 1066
1221 1392
1508 859
946 1454
34 1978
135 1870
581 280
256 1967
1572 1870
1276 280
822 1079
1930 624
1086 1942
1093 1967
1720 521
965 19
1198 1669
1419 160
160 1930
1419 1602
999 1700
1526 978
481 561
1221 1054
1419 859
1263 999
1054 1427
397 1111
1881 822
1613 1053
1280 999
921 232
999 27
585 561
774 193
939 149
394 160
1637 859
440 1198
287 1862
1243 1452
1305 162
919 527
84 711
1037 582
790 946
1942 346
397 999
527 939
1243 379
1395 585
484 1613
123 585
845 1280
68 353
160 1675
1203 77
353 1280
1404 1198
397 1870
1939 327
1939 1942
256 318
1452 1827
436 1392
1613 886
1967 763
1677 1395
921 1419
193 481
162 886
123 436
774 1930
1086 978
1602 1862
435 774
1454 162
1930 1111
1419 1427
753 946
1203 543
1395 12
921 68
1093 527
700 1566
463 1280
1891 1445
918 1602
353 326
1135 859
379 1994
1445 1453
1720 2000
1216 481
161 162
763 1677
1066 1404
287 123
921 253
1867 1394
1930 529
481 978
161 1726
700 1243
443 946
1305 568
162 1221
1305 1559
1276 1862
543 965
193 1427
1475 886
379 440
1475 1243
711 1395
1613 499
1419 1720
123 481
1526 123
1066 1677
1053 1395
549 1602
34 318
1475 499
1243 193
1828 1263
1828 232
287 1475
939 528
797 256
1978 193
1412 1086
1960 571
27 1827
939 995
379 1543
1475 1897
1219 1280
635 1395
1967 1559
1566 1930
1453 965
543 1967
499 123
841 1867
1942 887
1066 1111
1669 1973
918 1276
521 1677
841 543
1859 1870
1669 1867
868 1066
1219 1819
1870 1392
561 797
1419 1967
443 1419
1079 287
1827 1869
1452 1602
822 432
1759 797
123 999
918 920
232 999
1881 1086
232 353
1572 1827
1066 1543
859 625
939 857
946 1053
1526 1508
886 1973
886 1453
1602 1700
1624 1867
1613 1305
202 397
1859 995
1602 1675
845 863
1054 999
565 921
763 1427
859 397
859 115
19 1455
543 1086
287 2000
844 326
432 582
280 529
763 585
1305 1867
1219 1891
376 1453
135 161
939 1828
1054 1445
394 463
1394 1675
1862 1870
287 1675
1867 753
1404 1559
1392 1404
161 1280
1305 68
1066 1243
193 443
1973 1566
318 1280
1475 160
1973 753
1602 1819
1566 1395
1930 635
845 543
1891 499
463 1054
1395 571
571 1135
978 463
1891 1939
379 711
1881 859
463 1453
346 939
1219 1066
1675 1870
1263 353
978 347
1828 107
327 1404
978 1967
1828 568
1967 1453
1776 1967
1475 857
1219 1637
711 561
841 1419
1219 1054
939 440
1819 921
1828 1700
481 1453
1897 1930
921 521
1053 232
161 280
1862 1305
1942 845
379 529
995 1066
287 1700
432 859
443 1960
347 1559
1427 1559
287 763
1967 27
436 1700
347 68
1243 232
34 887
115 436
582 107
1867 346
1305 561
232 149
774 1475
1263 1939
886 1942
841 397
34 571
1973 1454
521 841
1939 84
1994 232
1967 1135
1419 995
1828 1475
232 443
859 1960
978 353
1572 1427
582 256
1427 77
886 2000
1453 845
1086 1395
1984 521
1263 921
863 353
1859 499
161 1037
162 529
886 34
919 318
27 1870
2000 1221
1613 844
1395 346
999 543
481 1037
1939 1475
318 1079
822 1280
436 34
135 353
919 1219
1720 863
379 886
1078 347
1066 1566
161 1452
161 1263
1452 585
1066 822
845 946
1219 1859
918 1967
568 1526
318 135
353 1613
1419 1243
499 162
939 1967
529 1198
946 528
84 886
1198 1305
1280 1870
443 1475
1669 918
1720 1066
1412 160
376 280
1572 160
561 436
543 1404
1395 857
859 1263
170 443
863 1203
161 379
1475 1677
160 1392
1867 160
602 918
1111 1973
1280 857
797 946
34 635
1086 68
1891 1053
1559 797
1973 436
568 347
1455 1637
753 435
280 1835
1198 1427
1881 844
484 435
582 1412
1869 318
946 12
1613 1221
999 327
946 571
1867 995
1305 1135
774 946
1602 1973
499 919
2000 1566
918 774
1942 859
822 700
1066 886
844 1054
1203 193
797 1869
822 135
1395 160
946 1624
1203 232
232 585
84 1219
1445 919
444 1675
939 822
123 797
1066 1305
1869 1967
1086 193
1395 353
919 1602
1613 571
763 822
481 946
397 1305
1243 561
232 920
939 1189
1891 436
1066 1967
394 1445
1941 347
77 844
27 1305
1475 1526
1870 1637
1566 1942
1613 635
774 1613
1881 797
376 1637
571 1066
397 844
1419 844
921 34
1967 1862
1930 12
1086 135
1543 1395
34 1189
711 397
280 1669
1973 346
436 1930
1395 1669
1828 1961
1203 394
1602 565
1445 2000
918 202
863 160
107 999
1862 347
2000 1602
77 859
161 1508
1973 1526
115 1967
844 700
256 1526
565 1086
1086 1776
162 318
463 1572
1412 1967
318 280
19 1828
1867 1276
1566 1867
1037 353
921 162
1870 256
844 919
1870 553
12 1862
1452 822
918 443
1419 582
859 1198
1967 1819
443 432
1566 1054
162 841
1720 1392
1198 841
1572 585
280 1827
77 822
859 1973
568 797
1198 886
585 863
318 863
795 287
1086 939
571 280
921 66
711 1453
521 770
435 481
435 1219
1395 886
753 1198
1862 1427
946 161
553 347
484 1675
1526 1079
995 978
1978 1572
1828 1395
999 1859
1305 1475
1079 1203
1453 920
253 1219
376 1475
347 432
232 571
1066 29
918 499
561 582
797 1637
121 946
1978 1198
1079 1445
946 436
318 763
1726 582
1276 1675
1445 397
1053 27
886 1960
1419 1086
19 1219
77 1219
1559 1445
822 1395
135 1305
1066 920
1392 822
1613 202
1559 859
394 585
1419 635
965 1572
1675 1427
327 1221
1135 1870
1054 585
481 253
1941 1967
379 1276
440 1973
978 999
436 435
253 859
432 1827
1453 635
77 202
161 1881
549 481
841 280
582 1961
280 160
481 1419
394 1427
1280 527
232 582
135 1939
327 921
1412 999
1675 920
68 318
939 841
484 1572
232 1454
1066 844
1093 571
1243 1559
1276 1930
77 999
202 1675
327 1427
499 327
1870 394
1066 1053
774 561
107 797
1700 481
436 1452
700 571
1967 34
1891 845
1513 347
1859 1566
77 887
1419 1828
1942 202
918 1835
1637 844
582 1941
202 1453
1891 1404
1978 1867
435 443
1759 1305
397 353
397 436
170 921
561 353
1280 121
160 1942
1404 256
859 1961
1189 1198
918 859
1526 397
568 1939
135 571
527 1869
2000 1827
160 256
1219 1862
939 1455
397 995
202 280
711 939
232 481
170 1602
1111 2000
946 318
553 481
1835 1395
1053 1869
1475 1543
287 1054
481 66
1572 481
280 440
1053 1412
529 1280
353 1453
1942 529
1677 379
918 1086
435 149
135 844
1867 635
1066 712
770 280
202 1475
978 822
1066 1978
553 287
995 193
1835 939
287 1891
753 1066
162 585
397 1720
527 135
1189 1862
1412 1219
1828 394
527 232
1867 1835
1221 1198
347 115
34 845
1675 1404
571 1412
162 202
1961 1526
1452 443
1454 1572
287 326
844 561
1404 1453
443 863
162 857
318 700
84 1827
521 797
193 499
1037 436
999 549
571 326
571 84
582 19
886 107
946 857
160 1054
440 1942
1066 529
1280 770
1219 1726
921 107
763 965
1891 887
1053 107
1859 1939
1453 841
999 1973
1930 1827
280 1720
561 160
1862 528
1189 1453
1720 1675
1939 1280
161 1559
1939 565
1973 353
1637 1203
999 1862
1859 1189
1404 946
1867 1445
1243 1453
280 857
1675 635
432 1939
353 162
797 1891
1700 921
1960 347
347 256
886 568
1867 845
797 1452
432 1219
582 1819
1862 1994
161 1066
797 34
1677 946
1543 1942
27 859
1881 1828
1967 1078
1973 463
1243 19
1455 84
1219 327
946 868
863 161
77 841
135 1720
521 995
1093 1828
1870 1759
1037 1219
256 1828
2000 1427
440 232
1930 1720
887 2000
845 1452
435 995
287 68
436 1726
1720 1475
1221 1453
287 77
77 635
160 1891
1203 1572
1566 435
499 1135
346 946
1203 918
763 841
1305 327
1395 790
753 1453
432 1445
1891 1720
1453 1305
432 161
527 1881
346 521
280 346
978 436
1280 1967
232 1427
379 1219
68 999
774 379
107 859
347 1759
123 921
1358 946
581 939
1961 353
287 543
571 1419
1404 84
919 1053
1203 379
484 1452
436 162
582 326
965 84
1093 1602
1973 1221
859 123
1203 1280
946 1243
1395 920
921 115
1939 77
844 256
379 1404
347 135
347 1881
34 1602
397 1203
280 635
753 1637
1086 1869
77 161
1967 1452
253 347
999 561
287 1869
571 1559
379 1978
1276 1891
918 160
999 394
379 822
1135 1219
1412 822
1475 1203
1086 379
571 1198
774 1859
1677 1198
1572 886
463 435
1395 1305
1891 920
2000 440
1967 1613
318 1054
287 19
193 1445
939 770
1343 1870
527 1263
1720 256
436 568
774 1066
1280 1394
1111 1867
1395 1219
1454 2000
1859 1445
711 280
859 795
499 1066
1054 886
995 918
1828 280
521 161
921 1881
1870 432
432 1828
1198 1203
481 1054
978 1455
161 1392
1395 999
1066 1827
1675 1624
1939 1867
946 527
1827 1891
1404 863
565 859
1221 435
1427 1637
161 1412
1395 1189
347 1819
1263 886
1221 1867
1862 1827
202 327
753 1942
582 1093
918 841
841 84
202 1198
1942 1189
582 1637
700 1203
1280 149
463 1930
1939 115
1189 435
1973 1978
527 123
1942 1624
1305 1392
463 1942
443 521
920 397
543 202
1930 528
845 700
1037 999
1086 84
1759 999
1243 84
1305 435
162 1243
135 1053
1624 1395
1881 443
1897 280
845 1572
1526 394
1086 1973
886 1859
1198 1967
318 1675
123 965
1280 1221
521 571
280 1543
77 1189
347 946
1276 1973
1526 1453
1526 1700
1526 84
886 863
939 844
1870 1942
527 1961
280 602
965 1419
1559 1720
84 1203
1942 1454
753 521
1053 521
844 1135
287 1452
844 946
921 1392
1219 1675
571 1452
1392 353
841 1675
1675 581
1637 463
1111 1572
561 887
1930 1677
1961 965
107 1086
844 1869
1263 1602
1219 1942
1203 107
1759 287
763 844
712 1930
763 1939
1093 844
1881 571
162 1111
347 1859
521 1835
256 527
160 1862
549 436
1054 1720
527 978
1054 1828
1455 193
1859 353
1675 1939
1111 939
436 1079
1870 1973
635 863
1700 886
521 436
77 1827
1404 19
521 711
1930 481
1453 999
1453 797
287 1613
868 1930
1198 921
918 527
521 790
287 435
77 774
135 845
123 1939
432 481
946 1602
921 1079
1453 582
1203 1412
1054 1967
921 1412
1870 939
123 845
1221 978
1572 859
77 1870
774 1280
1967 77
1086 1280
1602 553
1135 1939
19 774
863 1053
1305 1881
1453 440
753 379
1513 921
1978 84
585 1198
287 565
435 887
887 280
436 1508
1978 918
287 394
822 1054
353 1079
327 481
2000 965
582 123
763 346
1280 581
1862 202
347 66
1445 939
1870 34
318 543
161 123
2000 920
2000 774
397 529
1453 1939
995 1891
327 1828
19 1939
161 918
1675 529
568 1602
1930 886
763 1203
346 1930
1759 886
397 1189
521 1221
1559 1827
711 1475
432 886
135 1221
170 1939
582 1759
1053 1559
149 162
1093 1219
1559 844
1066 585
1726 1967
353 435
1973 921
1404 77
326 1219
66 1967
946 1897
1079 1828
1452 353
463 162
376 918
700 585
123 1827
1203 135
887 84
1869 1305
1263 436
1862 440
1624 280
1445 978
1219 1776
160 27
19 1827
863 481
1984 1942
1086 326
1870 543
1566 1675
1967 863
1637 886
602 1942
463 939
543 149
481 107
1828 1452
1445 1942
1869 436
1602 763
1862 1978
1891 346
160 1079
1243 1675
84 1669
1526 34
1412 1445
1566 1475
1720 34
921 1280
543 160
1939 1572
1526 1675
149 1973
1675 1994
440 1675
711 162
978 161
1870 1079
763 1720
318 1559
543 1221
774 1395
1869 1203
1086 1263
1198 499
1445 1930
946 1219
1566 1572
432 160
1280 1978
1759 921
287 1037
1395 443
1613 161
1859 921
463 1859
1700 353
1453 318
999 1942
886 27
1475 1219
946 711
1395 859
1453 484
571 1862
1453 1602
397 571
1453 1111
68 1828
1086 397
844 1412
859 1859
1343 347
435 160
1280 1602
571 1392
1427 1453
1305 1452
1862 1624
394 1053
1973 1427
376 1280
1828 1572
1978 1395
822 1759
1305 256
394 859
19 585
436 2000
844 394
1827 1392
1828 918
379 920
1219 193
1189 763
1280 1994
565 1219
280 1219
326 481
1941 999
432 844
1419 1870
918 1053
753 397
1700 527
162 602
115 1086
1973 1243
1305 939
939 1243
1828 1930
863 1219
193 1566
1053 435
232 1967
1862 161
1942 822
602 939
1828 1135
543 1243
347 625
1867 859
84 1602
193 1870
1066 857
561 287
995 561
1572 774
432 797
481 1280
123 484
965 700
859 379
1078 1870
1835 1862
582 135
528 280
2000 582
1637 1053
121 1930
1973 1720
774 1862
527 379
1404 1135
845 379
1475 1978
397 1566
585 1419
561 857
1086 1066
443 34
123 463
481 521
193 1305
1978 1613
135 797
202 19
1828 193
34 1827
1135 1445
527 19
397 149
1677 84
1572 999
1475 1994
1066 1358
34 1243
162 440
527 1859
1086 77
123 1203
27 1602
1559 160
1566 379
84 346
1053 763
484 1559
1835 1930
1111 1054
499 863
1967 253
763 1243
700 635
1452 999
170 1967
346 918
581 1867
1961 1305
920 280
346 232
499 1973
1452 463
1961 1939
1395 481
123 571
921 700
1404 1079
1066 527
115 1602
521 484
1613 1526
135 1404
571 561
1475 1404
493 921
1867 711
1221 1395
1219 939
1559 1602
1219 700
135 1828
887 918
34 161
1453 436
1280 1835
1942 920
939 1897
1637 995
1862 582
921 625
822 1776
376 543
921 1675
1066 1939
521 353
162 999
763 859
1198 1602
1412 318
287 162
68 481
1455 700
1819 822
1942 1602
635 1412
863 347
1305 1419
1870 1891
1819 287
1037 1602
529 1637
27 161
1455 1572
521 440
857 918
347 919
918 1624
68 886
939 635
1053 1862
1675 1543
1404 394
995 1475
770 1942
1967 432
1602 1869
995 1930
635 763
582 918
1881 1203
585 1942
1111 1419
553 1219
1219 107
999 1392
1602 397
1427 1475
700 443
886 397
1280 1243
34 463
863 571
700 161
1960 287
1602 107
1445 700
1637 443
1967 946
123 1219
763 886
529 918
582 1392
484 84
582 280
34 353
77 1053
1452 774
844 1859
280 844
1891 1203
886 123
919 481
763 1404
1978 162
1930 844
280 1445
1984 939
965 1637
1566 135
202 1054
1859 1111
1086 549
484 700
1111 543
1395 1427
1203 327
1086 1079
1093 1086
1961 287
440 1891
753 1862
379 1870
1305 394
1392 797
582 1508
549 921
1869 571
1891 774
232 376
1942 711
999 568
1305 280
763 484
712 939
946 1276
1637 149
463 1862
435 1086
1079 1967
1419 347
435 1454
1828 561
1973 1053
1198 844
602 1867
484 1961
1941 161
1867 868
859 863
353 1759
1475 1445
1967 397
543 481
868 280
1941 859
287 1942
161 919
1862 1455
1445 1452
1404 1419
1203 521
939 887
1859 481
353 1675
327 436
919 1404
160 162
162 844
582 1675
135 499
161 1419
193 920
443 1869
978 499
1677 280
318 1961
1637 1566
1243 1862
162 774
753 1930
1942 1720
543 774
887 397
481 394
436 326
1276 1280
1203 1973
394 527
1978 77
1984 1862
68 436
84 921
797 1862
1263 1967
999 256
327 635
1967 568
1961 161
1862 790
2000 995
347 1675
1280 844
527 1637
1720 123
1827 918
921 1559
1939 1759
160 34
1859 920
193 582
1828 700
946 1427
318 561
770 1066
1198 1526
256 635
1637 822
161 1960
1203 1392
463 2000
84 774
1891 1566
397 1543
1392 1445
822 1419
1891 443
1675 121
435 499
700 1221
635 543
1453 149
521 585
863 965
995 1453
77 1243
202 763
886 565
1559 1189
27 1828
1086 1726
1053 1700
995 946
918 965
1404 27
1828 123
443 1675
1939 1037
287 863
1827 939
436 1942
1066 121
1078 481
1942 995
939 1427
432 1053
1869 999
571 19
1508 1086
1093 1305
347 1453
602 1280
77 1566
1198 527
585 1135
1066 1897
1973 770
521 1897
256 1203
1445 1973
149 1859
1624 1280
1859 1427
1086 1392
162 845
1475 1870
1613 1677
939 1602
1942 1203
1720 394
34 484
84 999
1526 432
202 1395
561 440
287 1867
1454 1559
543 921
287 919
19 481
161 1675
844 1862
1613 1454
700 287
1066 160
12 1475
1526 379
1305 1637
193 844
1637 920
521 1454
1624 1066
921 432
1559 443
193 527
1412 1939
379 1984
995 1973
1053 327
1454 1675
939 436
1526 1637
1475 484
1827 162
886 1079
2000 1978
1455 561
1305 170
1870 1263
346 1675
1897 1280
1053 193
1942 1978
1203 1759
1093 318
170 318
1941 1870
1859 1221
1093 160
436 1572
939 499
232 1189
1960 1939
19 347
845 763
1054 1243
1776 481
1675 999
443 162
1203 1054
919 886
346 397
1454 84
436 394
1867 499
1198 347
1334 946
920 1862
435 1526
568 1219
84 1111
763 1828
327 160
1508 886
1419 1053
822 27
484 561
978 844
394 921
19 436
553 161
1870 1869
1189 193
318 1613
1942 1827
1637 1828
1819 353
1189 1891
543 499
160 1973
1543 939
123 443
2000 571
1445 946
1862 857
1395 753
565 436
1572 1086
376 561
822 232
353 1066
1454 1395
700 1305
543 436
561 1086
1054 1870
1930 582
946 1455
1961 1720
287 1066
1870 162
565 999
1445 162
1419 1455
561 859
1828 1453
193 1939
521 1243
1776 347
918 999
394 1219
1819 859
711 1066
84 859
77 443
1189 1930
1867 527
1189 1973
571 1973
1526 27
162 1984
770 1867
481 1452
379 463
1930 202
1602 1572
193 1967
635 1280
1198 1939
327 1566
1475 1454
1994 918
1419 484
435 635
443 280
1867 585
107 443
1891 1602
1870 253
1404 397
1835 1675
529 1475
635 135
160 397
443 1613
1404 1637
863 1427
499 394
1973 527
170 1828
19 353
797 1675
774 521
34 1086
347 84
347 1412
1078 1219
1392 318
1526 1891
841 1066
1700 859
287 1392
1939 280
1513 1602
1978 946
1203 1093
1891 965
529 543
1219 549
1870 561
1219 1869
585 543
1475 481
920 1475
635 561
863 1305
1412 436
1602 863
568 1053
602 1930
521 529
162 859
1086 1891
2000 499
521 1939
1602 978
1867 1602
999 34
34 1939
797 394
1559 202
770 1930
379 1939
1961 797
170 571
1066 1427
1198 1828
571 1675
921 1867
287 1973
1897 918
481 1412
543 711
918 845
481 1263
463 1066
1828 1859
484 379
582 327
326 1602
763 1111
1445 1572
2000 1053
436 432
999 1135
84 1870
499 1675
499 1961
527 1960
1675 1967
435 202
921 27
1726 999
1526 232
115 1870
115 287
844 327
77 886
602 1862
1419 1978
1942 318
859 521
978 484
1867 347
543 161
1967 565
1221 561
2000 999
379 1897
1828 919
585 397
1079 481
822 919
1881 1939
161 66
1221 1093
161 2000
700 1427
841 1395
394 1566
1675 711
571 919
863 1566
1942 1305
347 1263
774 1419
1219 397
521 318
1637 635
965 946
161 1819
161 1973
965 1862
1720 193
999 919
1203 1960
995 700
921 19
1066 443
280 1243
1870 1700
795 481
1445 123
1827 397
1776 436
318 232
978 1427
1243 1395
521 886
602 379
1867 1053
161 84
1960 1305
635 1093
379 347
561 346
978 1305
443 19
1343 859
1828 77
253 1602
347 1037
379 1669
379 318
1455 1867
1613 347
353 256
995 763
232 886
287 1559
859 1392
1859 965
797 543
1862 1526
1930 790
443 135
1720 1859
1198 1053
66 287
1221 1891
397 499
1280 585
1086 946
1452 582
886 1037
921 1453
1637 1189
918 886
561 1111
571 543
1942 1897
1243 1572
394 484
1475 635
443 1930
1219 34
1984 1475
1942 921
790 1066
1942 774
1219 1508
1827 1093
435 859
774 232
585 939
19 1967
1559 999
347 1135
394 965
1054 571
1891 149
318 918
1086 162
1054 859
581 1066
202 1891
463 543
353 107
347 77
918 571
1677 918
1776 287
12 397
797 435
1280 1404
1280 995
1602 394
527 1613
19 1221
918 149
527 162
999 1881
1881 635
1419 527
1395 921
946 1827
946 585
397 287
795 347
1079 844
232 1602
1827 379
280 1967
1053 939
763 160
1066 1334
795 1219
995 77
1960 353
1454 1453
1961 1566
499 77
19 1053
499 84
1419 1189
1776 1602
353 1881
1445 561
946 1203
1475 602
1572 161
397 774
1079 1221
521 581
84 1189
1395 1939
1675 1827
1452 160
1111 521
1475 887
1404 1973
2000 1526
886 326
529 1973
347 1700
436 170
1455 2000
1675 790
822 1508
1559 1526
1891 1978
763 1219
797 700
1720 1395
1086 763
887 521
1942 1526
946 1870
1079 1602
919 1203
1452 1720
859 1216
1455 1054
193 571
978 1566
844 521
1942 571
1613 822
353 1559
1675 859
886 1862
379 887
999 946
571 256
397 1669
1572 1967
1867 1994
149 763
1404 1613
795 921
939 1978
440 543
521 857
1305 919
1613 845
1395 1445
529 763
1243 1198
1198 353
1973 1827
353 918
1572 202
1978 397
12 1867
1475 318
287 1453
232 1566
2000 1086
1280 1720
1455 1559
1280 886
1828 863
327 1602
711 1973
1395 1276
561 841
1395 484
527 1135
1203 326
700 499
1037 921
1452 995
1675 995
1111 1862
1967 1930
397 1454
1637 436
27 499
436 280
1427 1452
1859 443
886 115
965 1198
1135 965
1862 1566
1930 161
1891 857
582 1054
1939 1613
1862 149
1455 1859
161 1776
1566 543
1967 84
700 202
919 1086
1452 921
481 135
1776 1870
107 436
1419 886
68 1939
863 797
1572 753
397 797
68 1053
863 999
921 918
529 1395
1675 585
347 1930
1677 1675
635 1452
1677 232
965 1559
1392 443
711 918
844 1942
499 1930
946 887
770 1891
527 763
1930 376
1961 999
1452 1939
1445 1280
27 635
287 1508
1445 379
999 1093
1891 527
857 397
1412 287
1243 2000
1859 1967
753 1475
1452 527
232 202
1867 1827
135 1219
1960 1053
1960 436
2000 1305
1930 1602
1404 1862
1066 582
1280 790
1602 625
1939 1419
318 978
202 84
1135 202
1613 440
841 978
1827 1613
353 1869
481 700
1637 202
376 946
1475 841
327 347
1973 845
1559 436
347 1280
287 193
946 1720
919 1870
582 919
107 161
443 1867
1862 1828
939 121
1624 939
571 1475
397 347
121 379
1086 1700
859 256
162 1427
845 561
946 529
436 1054
859 553
2000 711
582 1079
1419 1219
561 1454
1508 353
1054 443
1475 770
1276 1613
123 318
1475 1276
965 1613
202 1867
1455 435
1454 379
162 1669
193 886
1475 1053
797 1412
1198 1566
763 1305
582 978
1637 1086
202 123
918 436
1263 582
1455 1198
1891 347
2000 921
347 1869
1930 1978
1280 1189
1559 1828
1053 84
822 521
162 481
1862 1939
68 527
859 700
1305 19
700 999
797 1942
1602 700
1454 1862
797 1475
1053 1280
859 1066
822 115
484 193
845 521
379 1624
978 571
115 161
1453 1978
841 232
1198 1984
84 857
193 859
162 1543
484 1862
1455 543
1086 1453
484 1135
1677 1280
763 353
1930 1221
435 1404
353 1862
1276 162
1572 1526
481 27
527 1453
1243 1942
1675 481
347 435
919 1939
463 1891
859 1726
135 1827
232 161
436 1198
1219 1941
12 521
561 1427
711 232
859 1452
543 347
1835 946
770 1862
887 232
1572 440
918 1404
280 753
1891 841
499 1452
499 521
841 1637
318 1862
939 1394
193 318
585 1862
886 561
999 553
443 1942
162 797
887 1572
170 797
1967 1759
763 376
1111 193
1419 845
440 1066
1827 232
582 1891
635 1392
347 1942
256 443
1827 763
921 1869
1960 999
1675 376
170 1053
443 939
376 1862
1203 19
160 232
232 995
965 397
1093 1870
1419 202
822 34
1221 1135
77 1111
822 1093
844 1475
1859 161
1198 443
1862 921
1867 1526
481 1508
1334 1675
1827 1859
1870 170
797 379
2000 841
946 1984
790 1942
1960 582
123 1221
1135 582
841 1862
635 1961
1973 1828
2000 443
1445 77
1395 1455
1086 66
1828 978
1452 1404
347 1961
753 1675
397 1984
1930 585
1675 528
1203 1961
1280 1427
1827 327
1280 965
397 822
394 443
1613 529
1203 1066
232 1219
774 1453
1404 123
1720 543
394 1967
1559 1111
1111 1891
1720 77
66 859
1930 1669
582 115
1757 946
481 1960
965 77
1669 561
571 939
571 1930
822 280
1897 162
568 1086
527 1395
353 1867
774 1973
859 326
886 1881
921 1066
859 2000
822 327
162 995
521 1219
481 84
394 353
1475 1669
432 353
1867 1243
1613 376
1675 1669
1939 1700
920 1572
863 527
921 379
1135 1086
1280 443
845 1559
978 1219
1526 1869
822 1930
1994 946
1939 1079
436 232
1862 1720
844 1960
443 1453
635 193
232 797
1392 1602
1828 1412
1939 978
978 287
1198 774
394 202
397 1828
1305 1819
435 1243
34 841
1280 1984
1453 161
1452 965
1427 1930
149 84
436 135
1243 1891
484 1637
1973 443
790 939
318 1135
1613 346
1930 353
965 162
193 1454
379 499
1726 347
232 12
887 1930
939 318
1445 1637
160 946
347 2000
1189 1066
635 1079
1862 635
135 1445
921 1776
1419 1566
1280 12
886 1961
700 886
1263 1305
886 280
1930 1526
1967 1637
1221 946
1835 1066
379 443
347 521
202 1973
1624 1930
1828 1819
287 1941
1053 543
939 1221
1276 397
1897 1675
1221 1419
84 1221
1395 436
571 763
161 1869
256 202
161 1475
1305 1675
1978 521
1189 1675
1973 376
1862 711
939 774
1859 1243
1602 1475
326 822
886 1412
1675 857
1827 1881
318 1572
318 432
287 84
1930 1404
347 918
797 1859
327 859
27 287
1859 484
918 635
1726 886
1637 845
1881 436
27 347
841 1930
1930 1939
68 1526
1066 797
1066 1445
770 561
346 1862
859 1037
1452 886
561 1967
1221 1637
918 797
921 435
1219 1392
528 521
1093 1053
1637 160
1941 921
1219 1759
1891 161
202 1961
774 1637
582 397
939 1720
770 379
1453 844
1939 1508
1967 379
568 921
435 527
939 161
346 1198
353 170
499 946
1572 443
582 1475
822 1135
918 481
1870 863
1079 797
1305 1859
1827 543
1870 568
1219 918
2000 376
1526 939
1572 582
797 68
1819 886
1454 1066
1054 797
1602 543
1669 1280
1559 887
484 1942
1198 463
845 939
202 521
1455 1452
1093 287
561 822
1859 1086
1994 280
859 939
1404 561
256 499
1395 581
859 135
965 1054
965 1395
1111 1942
27 1445
2000 844
763 443
115 1219
1412 1526
1675 12
162 582
521 1526
1897 1395
287 939
1862 845
1526 1881
859 1412
1453 1455
561 965
920 1559
287 1263
1526 326
939 886
946 841
797 1395
582 1613
435 1828
1994 84
1613 1203
435 1602
123 1086
1961 585
529 1453
1221 77
318 1198
1984 232
561 1677
318 1960
481 939
1305 1054
394 845
521 1086
287 1419
1053 1054
280 1870
521 287
1343 1602
946 463
2000 484
280 499
1526 162
443 1135
397 161
346 379
232 1669
946 1305
863 1221
1455 394
346 1475
1219 1343
918 1445
202 1280
2000 1967
1891 822
1419 436
999 135
1939 435
939 202
1086 1819
160 1453
1891 484
1828 521
999 1891
1939 700
1445 435
1602 256
1984 84
1079 1566
443 326
162 1602
561 161
918 484
857 1930
435 1967
1305 84
1669 946
121 1867
712 280
34 1111
1526 1859
379 149
527 327
1404 1093
582 946
1445 256
857 379
939 920
918 1243
280 149
1394 280
822 1475
232 1445
318 84
543 995
863 1086
1602 1135
1066 1870
1543 521
863 436
347 1054
635 394
499 763
568 161
1427 19
920 1973
353 700
2000 753
1984 918
822 170
763 161
797 280
921 1961
397 1455
1961 1053
1978 561
34 774
886 1093
1404 1572
1881 1053
1280 528
84 527
763 1978
232 463
543 1305
27 1086
1939 863
161 1700
978 635
1870 66
1930 1219
1939 1054
318 1395
939 1566
1305 432
920 1280
921 763
1475 859
1219 1881
353 1891
397 527
397 635
463 1475
635 946
561 499
1572 149
921 77
160 1135
946 1566
1961 1870
1675 886
436 1093
999 763
521 602
1881 318
1427 379
753 84
432 571
841 1559
327 287
1828 1867
34 585
1978 543
1280 1455
1967 700
376 1867
565 1870
123 347
527 34
162 376
1305 1973
1392 886
1219 1559
162 346
1086 1759
887 1637
946 770
2000 160
1835 162
1280 346
1412 443
845 1930
1867 318
353 123
1759 1526
463 1961
1930 711
543 753
1930 1994
527 1942
347 326
443 1093
318 27
379 571
635 521
318 1066
1572 287
946 440
886 1135
1404 1412
1637 353
435 1978
481 1135
1973 1967
1079 1053
1862 1086
887 162
84 440
1939 543
1412 1602
1427 1135
978 1404
753 1280
887 1453
1994 1942
797 1419
353 327
397 481
1827 919
435 999
1305 1079
700 582
436 1961
463 77
376 939
84 12
1602 193
918 12
1221 763
1677 1637
326 161
379 202
1870 1395
84 1276
327 1870
1559 1870
797 1867
463 19
1828 1960
1198 481
1219 1961
1867 1543
571 1961
84 1445
34 287
1757 1066
1973 965
753 162
1867 790
859 1079
436 763
1066 1221
1086 1930
1870 1508
34 1404
711 1859
1994 561
582 170
1419 353
1637 440
939 624
918 1454
1219 170
1093 797
585 918
1602 1054
1452 1566
1675 1984
582 1700
1720 1572
202 1859
443 919
946 1543
1135 1053
999 1508
1613 797
1720 84
1602 521
481 1726
1891 529
318 1637
161 1135
232 1939
1280 440
347 1452
1543 1862
921 256
1613 995
1759 436
1867 1967
920 946
1827 1054
1404 232
1939 397
1930 484
1637 585
280 859
1827 863
527 1412
1454 1280
565 161
561 921
1305 77
1198 1445
1111 946
1111 1395
1870 1881
1334 1930
1942 1967
484 232
1978 1559
1053 1572
1305 326
481 568
436 919
1669 1862
1669 521
19 499
1862 1221
161 327
1219 1572
521 160
978 585
1086 19
280 1455
1942 1221
160 193
920 521
978 1053
1276 1066
1867 1189
376 84
280 1203
529 1862
946 1189
1613 1219
232 1720
160 123
1280 160
481 115
763 753
859 232
327 1967
353 919
1720 435
1994 521
1111 232
921 1930
1862 1445
1086 1960
161 256
1960 1967
1973 841
1566 34
1613 463
1086 170
1978 1675
318 2000
1280 797
463 763
435 845
561 1276
326 797
327 571
347 1973
999 326
886 256
1219 162
1543 1280
376 1395
1395 463
1859 585
797 1572
561 1566
256 845
1669 939
920 763
1939 1637
863 1526
887 1675
193 347
1427 280
1862 887
1427 84
1216 347
1526 1392
1219 1198
1062 1602
822 435
1859 1404
1475 1827
1700 1967
499 1559
84 463
1961 1827
581 1862
553 1967
1445 1419
347 561
280 1111
84 920
571 1280
585 1475
1870 107
347 939
1203 1453
1613 859
1054 499
481 1961
1566 1135
1859 753
1427 1867
84 845
978 1243
435 1111
353 84
1203 561
484 1973
635 84
1939 561
700 347
1867 1897
347 1475
1404 193
440 1395
435 841
921 1891
379 1189
162 1677
435 1203
432 287
1276 1942
844 543
436 1280
1280 287
1973 1455
1189 2000
347 1637
1870 1726
444 1066
12 1942
1395 1203
1198 995
1867 822
1939 256
193 965
521 376
1675 463
1602 19
34 481
1526 1066
1203 1452
1942 1053
1198 1870
1566 280
1566 919
712 1675
27 1219
1859 1053
841 1452
543 887
841 1859
1827 1079
202 561
12 939
921 946
353 568
1454 280
635 2000
1930 1543
1566 1093
822 1700
256 436
521 1404
232 635
822 946
1720 327
585 2000
1881 287
561 753
34 1305
921 1343
700 1526
440 1867
1526 1093
1675 868
1475 527
1395 287
946 1939
160 379
1566 1392
1930 1455
379 1455
1867 529
841 1572
1613 920
635 432
1637 499
484 19
1942 481
162 12
1867 1219
844 1891
1053 1392
527 1930
635 123
822 1453
435 1427
1967 162
287 1859
1942 1669
1452 1189
845 232
280 995
1066 1828
1828 1508
397 318
995 1862
921 939
481 280
1942 1835
327 797
797 1973
543 1189
1867 1870
1881 582
841 1942
999 115
886 435
868 939
1870 123
463 280
394 571
1454 1867
499 1453
822 84
318 1973
1624 521
770 162
1859 1454
859 1280
602 1675
1942 857
397 1677
712 946
918 822
107 527
1198 845
1086 1961
565 353
379 844
149 1066
1613 160
499 1392
436 1613
561 1189
202 1452
149 521
84 844
435 585
1392 844
481 256
1994 1066
1453 585
327 886
863 844
582 77
1526 1054
84 436
232 844
493 1602
161 394
1475 1111
1867 1404
918 1870
436 1675
84 995
499 1862
353 1135
484 77
1828 1675
582 1869
582 84
1395 845
859 1453
1776 886
327 845
1942 149
1891 1828
582 863
280 1189
2000 797
1054 845
521 1276
1942 1455
1984 561
1053 379
463 521
1726 921
1276 939
161 1942
1939 1559
1867 1720
1135 436
1967 135
965 327
1891 886
711 1198
543 1454
280 1526
1453 1219
1572 1305
1941 1602
27 797
481 1759
1677 1891
135 886
1637 161
1942 376
1939 1093
582 1859
1419 499
84 443
859 978
582 27
920 1867
1828 1942
34 1427
162 920
887 1280
68 859
859 919
635 1198
1086 280
711 1613
1079 527
1395 1404
822 107
528 1867
376 379
463 397
1189 1475
1867 886
1939 394
700 1827
1613 841
1198 484
1867 571
1395 161
1203 432
1198 797
1960 1870
347 232
965 1675
995 1054
995 1559
1967 1891
1961 1602
1453 1870
920 1198
1613 481
543 484
635 1572
123 1427
1869 1828
841 1054
162 1189
1637 921
394 318
978 202
822 2000
170 527
1942 1427
379 353
999 19
887 1395
946 1526
700 463
1053 1675
549 1870
845 2000
939 1203
1221 1452
1086 1452
202 946
527 27
1572 571
822 1973
549 859
77 845
1066 346
1086 553
160 919
946 1394
859 19
561 1602
1508 1305
635 1066
1243 397
19 160
528 1066
635 1054
1967 326
463 561
1203 1675
543 859
1086 1559
149 2000
1973 481
999 1079
435 844
921 1054
19 822
1870 1452
287 568
347 1392
763 1455
797 193
1093 859
1675 844
34 499
135 965
1930 1870
863 921
1079 571
1053 280
256 1827
84 585
84 770
921 397
379 999
353 27
999 521
582 568
978 965
995 1572
939 999
822 1559
232 602
527 1392
763 1870
1066 484
700 160
1526 918
193 999
1984 1867
1891 711
397 1994
859 1930
527 1054
1870 19
1566 763
1572 347
77 797
527 1862
822 1869
863 1445
1475 353
1973 635
1759 527
1053 1759
978 1827
394 1243
1637 1978
435 1870
920 1930
379 287
1720 561
1891 859
1867 1334
1280 868
770 397
1445 1093
1243 1613
1221 397
1859 440
528 379
1613 1086
845 19
280 287
394 582
920 543
920 561
1203 27
822 256
1566 123
753 1559
161 1079
481 1891
346 543
1305 918
1203 170
822 162
435 920
107 318
845 1066
763 347
844 34
1475 440
440 1930
1930 965
170 886
1219 1452
1677 1942
845 193
1111 1452
436 77
1559 585
1392 1828
379 995
1392 1967
1859 318
845 1475
1828 2000
585 1891
1939 939
886 543
1454 939
161 19
1967 123
582 1559
162 635
1973 857
193 436
624 1066
68 161
921 326
256 1221
978 1870
1455 34
2000 481
1930 287
1720 978
1445 34
565 347
1395 1967
822 1572
1862 443
232 965
1961 160
921 1613
463 193
582 939
1404 1961
1037 1967
995 19
193 585
379 635
77 318
1939 326
1526 193
287 1135
1891 376
887 193
1395 770
1613 1870
1086 256
918 1939
481 77
582 34
1827 1637
232 1978
1445 1881
822 1037
774 1867
753 232
1572 499
193 202
582 1942
376 1198
1427 397
287 1198
1891 1455
1280 1111
887 1198
602 397
568 527
857 1867
1675 822
1189 1572
585 77
1054 161
256 1219
711 1637
565 481
822 1198
1828 326
327 1086
162 484
280 585
1404 939
34 859
1973 1219
763 711
1079 1219
978 797
2000 1870
1392 1939
857 763
1086 1867
1419 1203
280 1984
1280 1566
999 1637
1454 34
844 1452
436 27
1066 202
1942 353
162 1720
1198 999
1566 1613
435 318
499 1093
481 1869
529 232
1637 1720
561 529
1867 712
1759 318
1419 999
1759 161
12 280
1967 1881
19 844
193 841
1859 160
841 379
379 965
995 1395
1827 435
965 256
978 921
1602 123
353 193
1135 635
1828 1613
919 635
1961 443
1939 1869
1280 1526
1867 481
1984 1395
107 347
1827 1198
1203 162
1613 149
1037 1086
1445 1961
1280 499
1572 844
1961 1427
1203 2000
1613 753
1941 1086
1189 521
1870 1037
481 1093
162 1828
84 1828
1526 543
857 1613
1198 1454
287 256
484 280
1221 1475
918 1566
432 999
797 84
1427 918
1280 711
1263 1219
379 1602
1221 379
1973 582
797 919
1111 918
919 1526
939 1994
1404 700
2000 353
561 149
1093 353
582 549
1867 1203
844 918
27 443
149 1675
1412 1827
939 965
602 946
1967 549
1827 1135
1827 1395
484 1867
1189 1613
841 19
160 77
1602 1508
1053 123
571 77
481 1881
921 1508
946 149
1559 1203
1867 887
34 995
1526 77
1053 326
571 162
1263 822
946 624
397 1053
1243 123
149 1930
581 379
844 123
527 280
585 1973
19 1526
287 170
1135 1720
68 1967
1054 1086
565 1828
379 436
571 27
1930 318
1203 1135
999 1776
1559 463
77 1602
287 946
1453 1566
999 170
193 161
790 280
1412 1870
162 1404
568 859
543 527
397 845
1942 1404
1891 1427
1111 379
582 521
845 1392
443 978
202 2000
859 1078
1669 1066
326 1445
1221 918
1334 939
1720 918
379 1835
432 527
886 1869
161 1198
1305 1700
561 527
1455 521
1135 921
1454 1637
1675 527
287 135
845 280
347 1395
844 27
481 1559
797 1930
481 1941
1870 1819
397 443
1221 280
1869 859
1677 1973
353 939
161 1093
918 1455
1930 999
1759 1602
1675 845
1602 1613
1198 1276
1078 1602
1566 84
1 1 1 1 1 1 1 1 1 1 1 1 1 1 1 1 1 1 51 1 1 1 1 1 1 1 36 1 1 1 1 1 1 56 1 1 1 1 1 1 1 1 1 1 1 1 1 1 1 1 1 1 1 1 1 1 1 1 1 1 1 1 1 1 1 12 1 26 1 1 1 1 1 1 1 1 55 1 1 1 1 1 1 72 1 1 1 1 1 1 1 1 1 1 1 1 1 1 1 1 1 1 1 1 1 1 28 1 1 1 1 1 1 1 18 1 1 1 1 1 1 1 47 1 1 1 1 1 1 1 1 1 1 1 41 1 1 1 1 1 1 1 1 1 1 1 1 1 1 1 1 1 1 1 1 1 1 1 1 1 1 76 1 1 1 1 1 1 1 29 1 1 1 1 1 1 1 1 1 1 1 1 1 1 1 1 1 1 1 1 1 1 57 1 1 1 1 1 1 1 1 1 1 1 1 1 1 1 1 1 1 1 1 1 1 1 1 1 1 1 1 1 1 1 1 1 1 1 1 1 1 73 1 1 1 1 1 1 1 1 1 1 1 1 1 1 1 1 1 1 1 1 10 1 1 42 1 1 1 1 1 1 1 1 1 1 1 1 1 1 1 1 1 1 1 1 1 1 1 84 1 1 1 1 1 1 1 1 1 1 1 1 1 1 1 1 1 1 1 1 1 1 1 1 1 1 1 1 1 1 1 1 1 1 1 1 1 1 1 1 1 1 1 1 1 32 43 1 1 1 1 1 1 1 1 1 1 1 1 1 1 1 1 1 1 1 1 1 1 1 1 1 1 1 1 1 1 1 1 1 1 1 1 1 1 1 1 1 1 1 1 1 1 1 1 1 1 1 82 1 1 1 1 1 1 1 1 1 1 1 1 1 1 48 1 1 74 1 1 1 1 1 1 1 1 1 1 1 1 1 1 1 1 1 1 1 1 1 1 1 1 1 1 1 1 1 1 1 1 1 1 34 1 1 59 1 1 1 1 1 1 1 1 1 1 1 1 1 1 1 1 1 1 1 1 1 1 1 1 1 1 1 1 1 1 1 1 1 1 1 1 1 1 1 1 1 1 1 1 1 1 1 1 1 1 1 1 1 1 1 1 1 3 1 1 1 1 1 1 1 1 1 1 1 1 1 1 1 1 1 1 1 1 1 1 1 1 1 1 1 81 1 1 1 1 1 1 1 1 1 1 1 1 1 1 1 1 1 1 1 1 1 64 1 1 1 1 1 15 1 1 1 13 1 1 1 1 1 1 1 71 1 1 1 20 1 1 25 1 1 1 1 1 1 1 1 1 1 1 1 1 1 1 1 1 1 1 1 1 1 1 1 1 1 1 1 1 1 1 1 1 1 1 1 1 1 1 1 1 1 1 1 1 1 1 1 1 1 1 1 1 1 1 1 5 1 1 1 1 1 1 1 1 1 1 1 1 1 1 1 1 1 1 1 1 1 1 1 1 1 1 1 1 1 1 1 1 1 1 1 1 1 1 1 1 1 1 1 1 1 1 1 1 1 1 1 1 1 1 1 1 1 1 1 1 1 1 1 1 1 1 1 1 1 1 1 1 1 1 49 1 1 1 1 1 1 1 1 1 1 1 1 1 1 1 1 1 1 1 1 1 1 1 1 1 1 1 1 1 1 1 1 1 1 1 1 1 1 1 1 1 1 1 1 1 1 1 1 1 1 1 1 1 1 1 1 1 1 1 1 1 1 66 1 1 1 1 1 1 1 1 1 1 1 1 1 1 1 1 1 1 1 1 1 1 1 1 1 1 1 1 1 1 1 11 1 1 1 1 1 1 1 1 1 1 1 1 1 1 1 1 1 1 1 1 1 1 1 1 1 1 1 1 1 1 1 1 1 1 1 1 1 1 1 1 1 1 1 1 1 1 1 1 1 1 1 1 1 1 1 1 1 1 1 1 1 1 1 1 1 1 1 44 1 1 1 1 1 1 1 1 1 1 1 1 1 1 1 1 1 1 1 1 1 1 1 1 1 1 1 1 1 1 1 1 1 1 1 1 1 1 1 1 1 1 1 1 1 1 1 1 1 1 1 1 1 1 77 37 1 1 1 1 1 1 1 1 1 1 1 1 1 1 1 1 1 1 1 88 1 1 1 1 1 1 89 1 1 1 1 1 1 1 1 1 1 1 1 1 1 1 1 1 1 1 1 1 1 1 1 1 1 1 1 1 1 1 50 1 1 1 1 1 1 1 1 1 1 1 1 1 1 1 1 1 1 1 1 1 1 1 1 1 1 1 1 1 1 1 1 1 1 1 1 1 1 1 1 1 1 1 1 1 1 1 1 1 1 1 1 1 1 1 1 1 1 19 1 1 1 1 1 1 1 1 1 1 1 1 1 1 1 1 52 1 1 1 1 1 1 1 2 1 1 1 90 1 1 1 1 1 1 1 1 1 1 1 9 38 1 1 1 1 1 1 1 1 1 1 1 1 1 39 1 1 1 1 1 1 1 1 1 1 1 1 1 1 1 1 1 1 1 1 1 1 1 1 1 1 1 1 1 1 1 1 1 1 1 1 1 1 1 1 1 45 1 1 1 1 1 1 1 1 1 1 1 1 1 1 1 1 1 1 1 1 1 1 1 1 1 1 1 1 1 1 1 1 1 1 1 1 1 1 1 1 1 1 1 1 1 1 1 1 1 1 1 1 1 1 1 1 1 1 1 1 1 1 70 1 1 1 1 1 1 1 1 1 1 1 1 1 1 1 1 1 7 1 1 1 1 1 1 1 1 1 1 1 1 1 1 1 1 1 1 1 1 1 1 1 1 1 1 1 1 1 1 1 1 1 1 1 1 1 1 1 1 1 1 1 1 1 1 22 1 1 1 1 1 1 1 1 1 1 1 1 1 1 1 1 83 1 1 1 1 1 1 1 1 1 1 1 1 1 1 1 1 1 1 1 1 1 1 1 1 1 1 1 1 1 1 1 1 1 1 1 1 1 1 1 1 1 1 1 1 1 1 1 1 1 1 1 1 1 1 1 1 1 1 1 1 1 1 8 1 1 1 1 1 1 1 1 1 1 1 1 1 1 1 1 1 1 1 1 1 1 1 1 1 1 1 1 1 1 1 1 1 1 1 1 1 1 1 1 1 1 1 1 1 1 1 1 40 1 1 79 1 1 1 1 1 1 1 1 1 1 1 1 1 1 1 1 35 1 1 1 1 1 1 54 1 1 1 1 1 1 1 1 1 1 1 1 1 1 1 1 1 1 1 1 1 1 1 1 1 1 1 1 1 1 1 1 53 63 1 1 1 1 1 1 1 1 1 1 1 1 1 1 1 1 1 1 1 1 1 75 1 1 1 1 1 1 1 1 1 1 1 1 1 1 1 1 1 1 1 1 1 1 1 1 1 1 1 1 1 1 1 1 23 1 1 1 1 4 1 1 1 1 1 1 1 1 1 1 1 1 1 1 1 1 1 1 1 1 1 1 1 1 1 1 1 1 1 1 1 1 1 1 1 1 1 1 1 1 1 1 1 1 1 58 1 1 1 1 1 1 1 1 1 1 1 1 60 1 1 1 1 1 1 1 1 1 1 1 1 1 1 1 1 1 1 1 1 1 1 1 1 1 1 1 1 1 1 1 1 1 1 1 1 1 1 1 1 67 1 1 1 1 1 1 1 1 1 1 1 1 1 1 1 1 1 1 1 1 1 1 1 65 1 1 1 1 1 1 1 1 1 1 1 1 1 1 1 1 1 1 1 1 1 1 1 1 1 1 1 1 1 1 1 1 1 1 1 1 1 86 1 1 1 1 1 1 1 1 1 1 1 1 1 1 1 1 1 1 1 1 1 1 1 1 24 1 1 1 1 1 1 1 1 1 1 1 1 1 1 1 1 1 1 1 1 1 1 1 1 1 16 1 1 1 1 1 1 1 1 1 1 1 1 1 1 1 1 1 1 1 1 1 1 1 1 1 1 1 1 1 1 1 1 27 1 1 1 1 1 1 1 1 1 1 1 1 1 1 1 1 17 1 1 1 1 1 1 1 1 1 1 1 1 1 1 1 1 1 1 1 1 1 1 1 1 1 1 1 1 1 1 1 1 1 1 1 1 1 1 1 1 1 1 21 1 1 1 1 1 1 1 1 1 1 1 1 1 1 1 1 1 1 1 1 1 1 1 1 1 1 1 1 1 1 1 1 1 1 1 1 1 1 1 61 1 1 80 1 1 1 1 85 1 31 1 1 1 1 1 1 1 1 1 1 1 33 1 1 1 1 1 1 1 1 1 68 1 1 1 1 1 1 1 1 1 1 1 1 1 1 1 1 1 1 1 1 1 1 1 1 1 1 1 1 1 1 1 1 1 1 1 1 1 1 87 1 1 1 1 1 1 1 1 1 1 14 78 1 1 1 1 1 1 1 1 1 1 1 1 1 1 1 1 1 30 46 1 1 1 1 1 1 1 1 1 1 1 69 1 1 1 1 1 1 1 1 1 1 1 1 1 1 1 1 1 1 1 1 1 1 1 1 1 1 62
