2000 4000
1573 1513
87 813
735 1284
3 1908
984 1708
413 1705
1162 1508
212 1042
605 1845
1981 748
258 156
465 263
1563 1746
1490 1911
1172 584
833 338
458 1069
65 1339
1063 611
1942 510
733 1421
22 1235
498 1771
13 61
446 799
1871 539
1509 864
809 986
1717 1571
809 1743
307 1060
1141 304
1035 603
911 440
920 1257
1157 1084
1683 1878
508 1296
703 1773
1145 1103
1966 1710
591 1177
1281 1951
1051 735
607 1327
1452 419
1206 541
262 464
1855 1130
274 3
1087 167
1996 1323
224 1123
170 783
980 743
899 969
1765 1892
1433 1244
45 705
1821 1110
98 1721
1687 158
489 796
1421 1891
1157 876
232 871
42 1725
1066 1257
1347 1792
1298 1206
1712 1454
1500 186
1920 822
821 571
1479 1207
519 1789
144 1723
1757 313
1405 851
1615 952
1932 1273
378 1538
315 804
639 1525
503 1369
1816 1233
1339 518
1223 1118
358 422
1155 1068
77 83
1178 1494
662 1045
1487 648
1621 1385
132 575
928 1593
691 1714
1352 1940
1657 1600
1803 1461
827 1065
1876 1978
1606 1484
732 186
1191 1012
748 567
722 989
460 392
458 673
263 1755
1895 1178
951 205
1143 684
858 799
755 1374
1048 1151
1138 402
249 1218
101 1413
379 1113
937 853
95 812
1184 678
1494 1270
597 916
786 260
1075 1349
1061 792
1335 722
628 432
1258 1108
188 135
918 581
244 1994
688 1790
1188 703
1420 427
390 1041
781 487
1961 886
998 168
625 64
1612 147
1197 856
1997 1804
1341 334
684 1398
923 1166
1773 1450
341 1083
981 805
872 528
814 1778
863 1620
116 1947
584 1794
1719 1919
693 1681
1507 1810
1946 34
534 779
650 345
1248 1958
586 1397
38 1016
263 872
1854 1248
149 597
781 330
818 1802
16 1198
1326 1815
155 194
395 947
386 560
618 186
804 1798
936 404
1702 1288
1096 886
95 1840
611 1690
26 1559
1202 123
532 1331
1328 628
429 1267
490 1098
1539 87
254 746
205 1814
1325 1502
1275 169
1246 1202
985 803
4 378
43 1072
173 1550
1135 1964
1163 847
1101 1059
356 625
44 268
211 1696
597 473
1257 1647
1420 105
1889 1030
891 1139
344 1295
1489 359
657 1289
1245 1861
876 142
1464 828
951 1671
855 645
187 373
66 443
442 1743
1800 1008
541 1703
1532 1115
1507 1672
99 1672
1804 1097
1020 1427
157 1325
1169 996
589 1409
1829 1689
1739 1820
1811 979
1064 941
1243 1155
1311 335
1510 817
1452 679
376 629
1783 1236
1622 278
1985 1627
601 67
1056 594
284 38
545 1596
176 1265
967 544
59 611
1731 1026
203 1224
1766 1889
442 93
840 676
722 1454
1142 627
1048 167
755 1726
532 40
1074 205
842 693
896 1335
1912 972
514 1282
1631 985
473 92
1983 582
575 1851
1467 1147
233 638
1816 531
1704 664
139 152
519 1547
439 1208
1350 1777
1205 936
1643 1362
1914 1651
907 393
890 1574
294 1824
1922 1552
506 174
659 30
912 1281
783 1028
2000 548
618 926
1558 1216
446 1383
249 1678
814 755
929 1742
1816 1960
538 1715
1971 1566
1909 662
562 158
711 1777
431 1430
121 1519
1255 1986
329 25
89 1025
1890 983
1113 1457
1671 1616
196 1013
1445 1436
1457 1894
691 947
1349 1236
1012 1243
1822 51
1667 380
928 1496
1684 298
333 1813
760 993
1563 768
855 811
1568 1217
148 1891
313 1996
96 920
775 919
1289 624
477 297
1207 887
1181 120
1906 401
231 1088
542 1798
503 802
1556 1148
674 1039
1621 1794
1361 1251
951 1354
871 1798
386 785
1120 828
731 1239
301 1364
1357 597
320 350
635 551
1355 124
1995 1829
1389 1911
991 1618
1907 1975
1735 824
1479 1755
1182 1232
150 1469
1187 592
1747 819
1800 887
1788 1662
1380 74
204 53
50 424
1314 1534
1395 30
1369 528
1026 1566
1090 406
177 15
317 2
576 1842
1075 746
447 269
1457 1196
1505 1476
914 1078
1939 331
1660 375
1745 244
643 1737
656 89
228 308
1003 1031
483 853
1446 72
19 600
1547 46
125 857
688 372
1619 1636
695 1636
720 316
1175 689
302 1760
1862 1118
510 337
660 1985
211 336
1134 455
1041 520
1226 848
1911 252
112 130
821 770
1315 294
841 246
1544 646
858 1027
1746 1860
1352 756
444 1708
996 228
958 1149
299 509
1609 137
1226 1472
1222 215
1834 593
740 293
624 810
1602 1363
1603 1441
1124 1985
466 1072
1605 458
1441 1792
1604 350
1500 1338
279 1768
500 569
1196 455
1520 1476
1408 1776
228 1142
1808 1651
641 485
1416 1786
608 1517
534 929
1487 158
355 58
991 1024
285 825
1084 1865
74 804
1344 1310
788 752
1626 552
1441 128
677 133
1256 217
464 1231
481 1417
1242 1540
892 1572
829 436
781 1228
725 1673
1922 792
452 433
1613 803
267 1228
235 613
240 217
1902 285
187 375
932 478
979 1082
1376 1163
1449 771
1080 624
676 613
356 1407
1740 459
1864 13
1393 571
1030 1507
1543 663
1308 75
481 945
363 1914
1824 600
1342 681
1820 1028
730 1807
709 645
290 336
160 1715
1809 1503
223 154
246 853
29 1686
624 457
407 1493
1930 1233
1584 1066
301 1369
979 455
735 367
1803 81
1290 1177
244 1071
1830 1342
1816 1761
1742 683
1399 251
1065 1685
1814 303
1780 1373
1766 1846
667 1707
69 1107
1409 1858
1977 1122
66 1296
1599 640
362 1651
651 593
1739 1751
1393 908
124 281
897 1396
1430 1551
1349 1470
65 1492
587 1078
1453 1489
827 68
852 72
933 1924
1903 902
1933 817
33 1171
442 850
1294 1623
69 409
471 1668
1340 682
29 1174
1139 1277
1570 152
1679 241
1719 1303
1552 1249
1010 208
141 586
95 1854
700 221
601 1486
240 1351
1451 1707
904 1194
389 1273
1146 1587
1142 503
1334 1721
268 1926
1582 1631
886 1804
378 1833
136 893
1908 1544
785 1217
352 68
19 1949
1186 161
581 1620
1100 1907
1682 1265
366 524
1302 1285
846 829
925 1757
779 809
706 1601
1849 1785
1526 120
1715 1726
547 475
286 767
1786 361
1393 1470
449 686
1675 1653
1786 1645
202 1489
1797 1792
266 283
897 464
843 1705
41 26
617 1421
1968 1721
1556 594
1613 166
950 430
1913 462
972 1271
350 1549
1751 217
415 1693
909 554
895 126
1089 1628
1437 1048
150 352
680 119
1160 1723
1591 1005
517 970
1685 1356
824 51
1985 7
166 1067
1722 1337
1329 829
1295 1724
988 271
339 900
455 1838
36 952
491 1654
1890 1535
140 476
1297 1677
1109 374
1974 1155
844 1148
1850 1603
1285 352
1021 1233
1308 34
1170 397
345 506
526 1244
1111 1348
351 793
24 1596
953 356
1099 1880
1735 796
1404 522
802 780
752 1425
1060 338
1515 1493
1357 140
1729 1948
746 1395
1392 809
1293 1332
291 1052
262 1763
1506 1753
1024 138
1724 943
1323 71
1005 1714
1055 1879
105 1037
1722 984
449 1419
1595 347
1269 1656
1309 733
1360 1697
732 467
708 332
1971 433
1256 340
1306 1071
259 1831
1001 352
1565 1291
407 1360
1790 1104
878 788
1532 1620
689 127
1217 329
1103 1390
1053 881
1015 415
184 1904
1752 1138
1537 354
1526 340
312 1758
1861 256
330 548
698 821
1210 1305
549 808
163 1963
1135 1012
1338 997
1605 681
1719 808
870 1909
234 896
1709 1872
905 1316
1005 888
219 1425
1667 1432
1865 1488
775 36
418 1403
176 4
1997 1060
75 505
1535 227
1195 745
719 1694
604 968
1086 744
1676 1856
1981 1391
1698 1399
597 1170
176 1209
428 1874
1419 577
942 1474
275 454
1359 1355
1509 1982
124 99
460 27
1526 1730
469 924
1672 45
401 1252
990 1311
210 572
903 765
1344 1338
1937 1874
1738 444
1400 1500
143 1529
1737 1994
341 295
460 137
1440 1957
1973 160
363 1118
549 1375
1674 1562
808 150
1600 1665
675 1016
1610 480
1422 80
706 1809
1882 1662
1003 1168
949 527
527 491
1023 1063
804 10
639 244
5 1839
1463 1991
622 886
1197 448
1474 492
1553 317
1784 1207
396 1747
1054 342
1369 1996
394 615
1997 1682
268 946
1918 1880
1426 485
982 1068
1570 1591
1643 590
1337 10
1288 161
736 569
756 949
1644 919
201 1616
532 373
1189 211
727 795
276 1540
1672 1359
145 1447
468 926
546 1226
235 1756
1353 293
757 1115
738 40
556 648
513 323
240 1483
316 1237
1582 1232
1260 220
1128 407
1884 41
1579 1418
1312 1880
1038 1200
223 704
1403 31
443 95
1643 902
1266 472
8 890
869 401
1061 1796
728 913
1967 1635
60 120
446 1304
146 1465
556 1375
1371 1527
1512 1293
386 168
1469 966
223 1594
1614 591
832 1648
794 624
700 582
1809 1370
1343 573
626 190
1330 94
1713 221
821 1844
1858 1114
1175 1212
1061 1220
838 1634
167 77
113 1388
1706 186
1739 1867
1659 1251
1189 1122
270 1450
1184 1531
136 1287
1626 1981
1322 1983
303 868
111 1706
1011 747
1587 749
479 1185
1588 384
634 362
924 1572
1161 1178
565 1343
1211 916
1576 1231
1443 1975
398 1364
554 433
1743 1259
371 1142
1864 1847
180 660
1878 1871
331 281
1224 630
632 1007
461 423
1949 37
483 1892
944 655
1480 1629
1108 681
1342 834
50 496
1945 903
1485 1645
385 181
1100 1977
1436 438
1961 531
64 1680
1432 908
937 208
704 497
1410 1984
174 1048
1649 69
841 479
1836 283
1196 808
1069 1383
1374 496
506 1854
681 361
1557 1988
1871 1364
903 1062
1111 840
1207 1886
812 972
1612 978
730 956
556 1632
1941 1735
849 445
1036 1389
73 1083
152 11
1617 105
537 1355
150 1008
1895 53
1604 71
201 213
847 1925
1521 503
637 1746
699 720
887 1583
1062 1187
940 1554
414 557
1596 621
156 1493
1945 789
863 1245
1999 1643
1757 1865
1181 1291
1706 959
492 1792
1376 1507
1207 356
151 1708
1685 1313
336 731
1845 523
1196 1897
1493 620
1137 1305
506 1658
1732 601
153 1153
1690 1107
283 117
1935 42
519 130
1553 1941
1668 931
681 1050
1024 320
1457 153
191 165
1503 259
985 1413
1928 961
398 25
929 625
2000 796
292 1814
399 141
789 1665
781 79
1328 1908
1023 484
596 57
1138 1299
820 705
103 306
925 436
328 55
30 498
1365 544
167 1292
1116 1
988 386
398 387
960 1682
1941 1140
351 1328
1231 1198
707 572
1667 1504
1498 189
185 39
1292 807
1321 1797
877 1378
791 1913
751 1625
1641 1471
746 973
1633 1272
417 204
696 23
1705 961
1540 313
94 1392
261 221
1038 705
1046 585
709 1186
1354 434
1143 2000
1957 1193
1360 789
1443 1814
1814 699
807 615
805 171
1384 690
437 1887
1948 272
1263 333
1735 1089
1742 1048
1784 1045
1680 953
1536 948
1417 1549
882 424
134 1964
1996 722
595 1868
996 449
1026 726
676 1691
1275 1144
1991 1497
677 794
822 1268
1400 1266
1231 1923
740 693
1225 896
384 1536
1768 175
1288 1053
1387 1519
1927 1396
122 506
504 1069
730 272
1453 273
1541 579
540 1459
1905 961
1972 261
280 287
1198 1555
1182 1046
1452 1320
174 1192
1499 1401
896 1234
804 1237
1813 1702
284 9
766 633
1343 334
1659 1210
988 1718
1609 1464
688 765
1411 56
1976 1987
1513 831
786 299
1716 1005
688 706
872 814
1492 419
1356 323
871 1507
1094 1317
487 162
1279 91
842 216
1894 896
295 230
1065 580
846 1050
175 1952
666 1669
199 840
1523 1746
178 1880
376 1907
1896 1267
588 1002
37 524
511 368
612 1136
540 1712
42 1771
1105 1350
519 349
532 355
1228 92
313 1815
1202 1855
1922 384
1368 804
549 1896
1739 1373
756 1089
1378 218
1568 1549
1501 1412
1727 1688
1893 15
1306 1445
120 1281
1002 1384
1602 286
1696 1168
1026 1872
1558 451
997 1817
1575 675
1440 629
790 594
31 430
1269 253
393 351
1281 569
162 1923
874 894
1007 970
872 334
1725 1998
1097 879
1683 842
1513 126
688 378
821 1761
812 1502
1427 1134
847 1066
1869 1718
1640 685
909 1868
190 1312
723 1579
1554 340
440 1992
831 1332
1882 832
1574 657
75 1046
597 510
176 1891
1348 380
869 1077
301 1324
1019 1065
367 749
1884 360
894 718
1027 1605
1256 434
1717 465
1462 296
282 659
1161 1706
1336 1891
1819 1340
1787 138
1626 888
1527 1393
1540 1586
1445 1170
977 849
957 1434
633 467
1273 476
1735 123
1188 543
977 120
1967 35
570 355
1188 894
1437 1061
1672 1245
521 1037
1530 1970
1313 1379
383 530
1005 1721
985 1511
1762 1678
901 889
1945 1839
302 1847
1398 56
1328 45
532 1884
1235 1326
1527 1609
676 1174
718 1057
727 1321
976 254
233 850
415 416
1379 1815
1549 1143
1578 1660
288 702
1332 971
546 1197
1772 354
597 1271
612 838
56 1330
198 995
1525 711
394 686
110 779
1233 108
337 826
1368 550
1341 1868
1681 489
1276 1126
1568 1860
1502 1416
301 1988
1356 1358
1056 1257
1042 513
1467 1533
1623 1695
1240 525
1210 316
686 905
1173 796
769 574
135 67
303 305
1469 1533
1947 140
1544 34
929 932
1589 1852
1297 114
1261 811
628 272
1471 453
1134 1599
1893 177
88 642
1744 1836
1616 520
1438 1094
1002 1543
287 298
1957 766
1396 269
62 1314
796 786
1419 361
1637 1056
448 1303
1111 1644
1631 682
192 758
1480 621
1958 1077
1080 414
537 1318
386 917
915 1251
1539 118
1011 1114
867 207
1967 376
921 824
443 1323
605 1624
263 1917
1094 1712
617 457
363 1548
1036 1713
1215 1225
1391 1604
1733 420
494 439
1917 411
1757 1438
569 155
1653 442
553 1225
1371 940
967 1719
1407 1675
1574 1009
507 654
281 793
1266 1538
1943 1952
1674 1661
236 492
948 701
1021 403
1799 14
546 1549
1136 1625
623 1663
910 976
215 940
691 1646
1148 1121
1515 775
427 225
759 1954
1351 1807
1194 79
1355 1191
763 1933
167 1959
583 1194
1636 961
1532 60
1601 537
257 157
1442 1429
329 750
500 480
799 458
958 1277
668 446
91 367
552 1813
131 782
737 165
89 1106
1145 754
1686 962
710 1217
1632 1990
927 432
1410 1398
435 170
1885 1272
1614 1678
1567 1764
475 438
748 1731
692 290
1799 850
1655 1164
368 95
1825 1760
1015 627
1721 1108
1419 896
1490 1855
1810 102
841 644
669 160
1338 610
1846 421
428 613
492 1241
37 1725
289 717
582 1061
1810 405
1279 828
425 1226
889 1235
879 730
1517 446
736 545
446 1825
882 637
1962 782
678 360
1802 297
1958 1674
420 1368
896 642
200 1493
869 1263
506 1377
1993 634
1825 567
1175 1966
254 507
213 312
521 105
1685 1285
1488 1597
1936 703
202 421
1082 1611
256 837
1070 11
1417 456
1568 50
10 211
481 491
1144 1164
1435 1207
1009 1918
1271 154
1825 1428
848 1242
916 1558
1492 1995
8 857
318 850
302 1785
508 773
798 1056
730 1749
1728 812
1035 74
1213 256
1103 1374
661 1809
1143 100
341 1547
969 1670
1414 1586
1457 754
922 1617
1523 1293
570 342
573 1095
1014 422
1789 1489
535 499
562 1555
348 1462
605 915
1972 1435
299 1746
1950 1283
744 62
1838 1991
1880 1989
1460 1245
1825 681
1289 472
1230 1087
241 1476
33 264
548 1065
636 1934
37 349
1214 1942
707 1282
1890 1999
1331 1450
1239 514
745 537
335 25
1738 1565
639 1928
1040 1907
1035 1277
1089 333
1303 1026
1338 1100
1734 877
1900 996
599 1921
110 1078
1451 1404
1173 1567
1650 252
1217 1476
648 1792
1027 1981
632 112
849 327
1294 1163
1841 1025
451 123
867 1988
1582 672
1924 1821
485 1448
1276 276
147 1422
1978 1868
1021 1161
778 257
1407 954
1445 1745
1540 691
1042 843
367 26
1650 577
1010 1371
1069 668
1368 1574
1341 1356
287 1390
1455 289
518 46
1280 792
1195 602
206 143
1553 1109
1938 1790
862 1735
425 1441
211 408
807 1132
552 526
1906 1078
1003 777
1944 383
1041 1051
964 801
1246 838
1571 596
568 1401
271 1247
526 1374
1379 1106
759 1279
143 104
1397 1179
1568 1757
1955 1667
202 194
1507 1255
1343 443
289 260
1868 1065
1554 589
1607 55
675 571
1547 1818
965 49
1177 104
959 1294
1566 1467
1431 1988
1777 1358
1336 1477
1044 1359
106 238
1707 1883
1086 1218
1217 996
694 1932
596 1454
1659 1515
25 1000
1516 1768
537 1393
18 1779
448 739
1645 830
282 1672
1366 1005
425 1287
823 1378
1146 1561
1384 1272
1311 897
91 968
227 1496
912 1883
706 72
933 1116
550 622
1138 374
1631 500
1855 829
863 649
1997 1954
1693 1871
1759 1449
1721 1061
1739 494
1571 317
757 1312
956 105
1882 852
1227 1240
1762 364
155 1492
1866 301
1682 1891
587 588
1235 1365
1768 1618
988 1760
1247 668
900 1556
1736 1970
1710 506
1448 1007
1561 254
1020 1650
1261 1909
1941 50
1700 690
1889 1060
815 1920
1662 1149
232 1635
815 1415
1590 62
1251 36
1052 516
1269 1019
533 218
138 1868
42 1969
134 1535
1680 901
339 629
101 875
1615 1124
514 602
1828 15
556 1334
142 1752
288 1080
1189 112
868 1589
1997 1758
668 382
1091 1095
591 641
99 15
119 1549
1085 447
1662 1372
1851 1180
1326 1872
162 1263
1538 777
632 871
28 776
479 1767
1050 1915
243 918
114 871
1010 1283
1111 1255
567 1740
325 1002
1688 1830
1442 1128
1832 774
23 615
1473 1967
474 169
1867 767
135 153
15 1550
1970 149
824 496
614 1335
515 639
319 1495
597 848
1930 305
799 1913
228 1750
861 195
762 1894
504 1261
1849 538
1527 981
1561 1333
1368 284
933 1900
277 606
295 1857
360 407
514 1556
1334 1928
103 1944
1074 1344
1748 49
1523 1456
1373 974
1078 1741
1489 1951
654 767
467 1294
267 1619
61 11
1134 1366
220 568
1922 830
1791 893
1878 31
209 970
670 1734
485 1489
1930 766
547 1913
373 104
1896 410
964 2
1251 1916
1385 1701
454 355
569 1432
25 506
1297 1338
253 1092
553 796
1485 1687
1221 958
571 19
705 1890
1176 1379
1031 26
1205 1746
1921 967
70 1271
1848 1426
1022 1148
219 1163
834 489
1666 751
881 504
1364 1437
1879 1727
332 471
132 973
650 1437
1665 518
1581 1225
175 1332
1831 960
1918 74
1378 1268
1185 946
1069 1568
457 976
1210 1842
208 1639
712 1107
134 676
1524 1202
1731 1576
726 506
347 523
1711 1993
662 1092
204 581
396 1904
1201 1634
1370 1222
1209 741
1581 486
1676 949
1967 1908
144 303
40 1967
1600 1359
310 1482
498 1647
1775 900
244 79
60 33
1942 851
236 1145
97 22
1741 365
435 1223
1326 608
1320 1206
557 1834
1048 889
1009 1452
897 566
1708 584
1229 792
1645 1897
1875 849
1106 83
468 245
1343 1872
1937 603
1822 1796
1050 1091
873 246
1714 516
1663 447
1151 1410
1830 930
668 1772
1066 653
1382 1805
1758 1664
185 1185
245 1816
325 121
1290 938
95 382
1278 1313
900 1529
252 1900
477 53
865 34
583 1439
452 1382
621 392
208 311
1194 913
1215 1545
950 860
32 328
1529 1960
227 202
1031 835
1270 1503
941 1301
1251 1910
319 1281
1639 34
950 126
1864 861
899 1309
901 464
693 377
676 364
1560 1112
1761 27
148 890
1126 1877
1475 1720
1496 586
1115 1443
1682 1857
103 1574
1950 1590
355 938
1794 1851
326 161
1314 519
1754 1247
1200 1677
361 638
588 1774
42 514
763 55
773 1324
551 349
421 134
1678 1518
1093 1438
1473 908
1266 923
1065 333
1410 1965
744 1172
1117 1493
1721 1407
1104 125
1859 1774
1591 1015
238 1998
1154 701
1880 618
508 704
1170 727
1579 11
1100 1918
563 1123
1616 309
953 1592
852 270
577 1212
1227 1646
783 1961
1826 732
1286 79
1863 1170
819 1903
90 479
1053 1921
655 664
1810 900
858 50
1725 1954
1247 2000
1305 1979
266 411
1624 434
701 1568
501 1432
230 1111
1832 100
1201 1911
966 1885
1891 1998
1238 1657
836 799
1478 1161
422 1256
1845 1601
1313 1183
1498 314
142 1254
1175 1887
1 1628
249 657
577 1367
541 665
1514 1213
493 1953
220 975
300 1583
217 1979
669 1835
1195 732
1225 123
1587 529
154 1728
403 521
902 1644
1647 770
1611 1303
901 50
1431 971
674 94
92 1545
1358 893
1966 1332
1259 56
1010 1802
1477 940
680 1784
1115 400
249 1722
552 639
822 1333
1435 1064
1188 1798
794 1930
316 159
1684 115
1704 242
904 1727
926 351
1241 395
906 1211
1934 941
725 774
222 503
1630 1087
395 310
1641 1453
139 1932
370 469
1588 1737
1764 68
1575 189
599 1719
460 1976
623 1517
1831 362
1357 1341
1688 998
435 817
631 885
95 374
947 289
1004 999
1653 740
1273 1303
242 1076
1341 673
1799 948
1670 431
24 219
79 1169
136 1186
939 1742
707 1616
992 1310
1464 1424
1917 1272
1848 53
246 1452
96 1060
393 480
1763 1214
475 1533
55 1694
84 1127
190 616
990 1827
339 351
1617 1908
1522 1089
1696 1210
1130 1396
1614 1182
1536 1630
1759 1587
824 1214
1086 783
1770 1399
1029 1318
258 1034
782 928
157 1299
1295 48
377 1482
1909 1403
283 942
1640 1006
1748 1208
1619 293
90 1957
1859 1065
884 1654
820 1282
1074 960
1842 1544
359 1345
1466 1445
1743 1127
1964 1930
1941 1156
184 894
859 1939
482 1769
1391 630
419 863
118 622
1601 355
995 1520
856 1023
1776 1814
155 403
1033 1511
168 668
218 1953
558 1630
1835 1906
201 746
1194 1921
1278 1286
629 1574
1244 397
839 1709
688 390
1135 199
260 717
167 1868
91 703
677 1117
1225 321
1239 771
573 1436
952 155
1997 19
685 1341
1394 1813
975 1313
557 265
342 3
630 1419
613 620
1435 1273
639 136
1317 280
1883 1670
1940 1194
1613 200
435 919
485 1079
374 1352
1840 1513
116 1008
1984 1553
1735 1325
1530 222
468 1415
708 1947
521 151
275 505
1211 1304
1607 1146
1818 1546
429 691
1068 1724
1343 1418
1624 444
1975 1629
644 259
777 1918
555 1330
117 415
1420 647
1161 1949
1998 818
882 31
224 353
1059 204
766 419
666 73
1722 840
1941 1069
1613 1102
389 754
750 539
191 1368
1497 713
685 418
1363 912
1233 1493
1583 475
636 893
949 1597
1748 590
1000 1636
878 363
1056 616
561 1193
46 9
1628 560
730 840
711 728
1915 1462
535 1963
1229 495
1794 1187
1543 334
1725 743
656 1674
552 195
279 1382
1852 1620
1951 412
1752 502
940 981
1900 92
1584 20
1912 1598
460 1172
1032 851
456 686
1438 1001
973 1177
806 1862
269 1246
130 626
736 1483
1432 29
226 982
1124 769
1619 332
763 937
1593 1938
297 629
1746 1123
465 712
1061 1517
821 340
1927 1719
704 924
1304 558
1601 1843
1292 1287
557 1370
631 430
412 1361
935 797
280 1781
1199 222
556 1899
1167 989
1223 899
511 374
1034 1852
1891 652
299 465
1910 85
639 152
953 140
1068 259
1328 517
872 1741
1161 1779
1492 1761
1931 405
252 115
1369 1224
1198 1437
1730 721
1636 1330
54 107
1076 1177
252 68
1410 386
934 1716
1542 529
680 851
1652 515
720 569
1036 559
1695 977
1399 1485
24 343
477 605
1954 1930
1411 1126
524 1985
643 257
993 1772
1725 1997
1786 1792
640 924
1384 81
354 1065
610 206
1233 1144
957 112
1515 619
1404 841
1862 610
1146 1976
134 1319
571 1328
1510 628
1061 1441
1354 847
1666 826
853 18
1303 484
565 1568
1551 1478
790 336
987 1205
324 4
490 469
296 181
1946 1309
715 121
1597 1018
1397 1284
1661 510
976 265
993 212
1322 260
1070 778
1065 1522
560 1005
1037 1413
618 1844
359 1206
1178 246
1816 1722
1360 1120
488 605
190 735
854 974
639 824
580 492
938 1989
1795 1119
1211 318
1833 1550
1257 1722
1243 1901
1718 639
1695 1354
1183 1023
83 1727
107 1022
1687 925
749 33
1140 1138
1199 88
1937 569
729 488
1916 120
197 659
155 1985
962 871
409 28
1204 56
1149 908
764 1462
1929 994
49 1160
506 1353
539 1061
38 314
264 1305
1837 1650
983 358
449 1431
1508 937
1524 639
824 1394
1611 861
707 130
1374 466
349 1874
900 180
1870 1431
1598 1484
1817 654
128 1063
1335 1755
1598 348
1092 1915
1117 421
125 575
646 1125
1554 388
1245 702
177 1802
1144 306
76 65
1704 1648
859 48
496 780
1456 1942
1221 1901
576 1758
424 895
140 1231
231 954
431 328
1442 533
19 1473
244 1212
198 996
1756 1624
1159 159
674 1525
219 1518
1498 1783
671 155
1289 1452
1067 574
1950 999
676 1935
1852 598
147 1265
1548 1546
1188 1180
681 1203
251 556
880 578
139 994
265 1406
1081 1685
899 1043
1945 818
1225 1996
1363 1823
402 1571
394 1728
907 810
439 1602
1091 708
627 888
529 78
1165 763
1928 459
1061 917
337 416
1923 1169
1466 1787
793 571
1073 832
625 1204
164 493
233 301
267 23
652 34
1664 1284
478 756
1937 199
1305 911
109 1469
23 1078
1520 1242
211 1635
1970 1071
32 1409
1716 884
994 167
810 1158
90 790
1440 1724
550 1187
1306 1147
1679 115
1302 1454
1364 1244
1151 1087
1140 207
1909 1217
568 856
1906 636
707 1979
1429 1172
308 690
1487 862
1605 1350
1566 1628
1595 1851
526 1183
1114 1468
1881 922
1091 1026
1959 100
1577 1240
1712 1512
963 1841
575 1040
1850 401
1258 382
549 404
959 1413
1093 1323
1473 199
620 419
973 1029
1022 125
971 1656
353 1522
64 1888
929 413
1733 141
461 1203
423 1583
1227 1439
268 550
1792 1712
1135 1531
1518 1446
874 1162
370 930
1116 904
1822 416
23 1853
690 462
1067 328
1230 1072
1085 754
52 1732
496 1093
222 438
1759 1647
1488 1927
883 905
175 1246
587 975
611 1737
654 1851
594 919
55 366
1016 542
870 1476
2 1132
308 1302
573 237
90 992
1514 1395
940 1614
656 955
113 1706
1282 1328
774 310
505 968
977 268
725 386
201 707
1171 1861
1294 1918
1498 926
1833 1420
928 1507
1102 1507
1938 744
984 877
1065 1244
1456 963
1702 1566
1165 1040
1191 719
1962 1338
1169 784
112 1949
940 1979
62 1294
1391 1666
476 734
1315 1344
925 1201
177 974
453 1009
1096 240
566 1841
934 714
1244 1505
1219 698
1446 1129
513 172
1237 937
363 255
567 82
919 589
1841 1462
1466 913
1378 1397
1275 60
329 1736
998 1710
1725 1037
1150 1936
1888 1198
723 1728
388 1223
1158 1964
1604 473
113 1701
626 1749
1639 757
51 1167
1119 312
396 73
394 222
1812 903
1053 135
237 1132
701 722
337 115
1481 155
1572 860
1194 442
1662 1647
1056 1767
1965 70
393 1747
421 209
672 1842
1866 1924
1058 431
261 525
1521 1513
1966 1924
1286 1472
1576 1246
1366 491
1008 1744
301 1549
273 141
1445 478
1825 296
1495 659
1212 834
943 454
330 711
656 1258
669 1247
1180 1820
1258 330
1038 177
1351 1692
1684 1072
1842 1033
526 1632
1589 732
1333 585
1069 906
916 1410
1322 119
1614 1938
126 1347
1548 1219
560 1085
359 435
1893 1873
209 616
893 61
576 1121
242 316
80 366
614 1379
1861 372
571 193
1912 283
1990 1357
793 1993
1725 1858
156 1289
1310 1670
239 1797
159 1775
1245 1037
1649 631
1430 1578
1772 52
1515 1546
530 875
260 1173
1011 1703
1060 1361
1832 1523
877 837
1554 1034
801 1173
1927 152
886 1395
379 1521
1793 299
845 714
1322 1702
426 1988
1642 1189
1966 1784
84 1346
1278 381
223 404
1846 522
1324 723
683 398
609 1879
431 256
212 1717
60 902
17 1702
414 400
563 438
1929 1740
1925 1160
1806 1104
269 1549
818 550
1739 1610
274 859
1147 1358
413 361
379 1720
898 156
690 1170
992 1222
889 1105
1939 340
186 536
693 1490
964 954
1480 343
1276 754
1633 1973
552 1505
61 1693
973 1309
639 66
635 1670
1213 1080
127 739
550 1722
436 149
1637 184
422 1492
1911 182
100 714
1478 108
613 7
980 960
322 242
668 1877
467 1783
1845 1729
724 722
452 710
657 1975
190 671
545 349
1292 352
1014 218
1719 1752
129 415
1461 645
471 181
149 1898
472 1974
232 1348
1336 667
6 1191
716 1112
435 1124
1131 272
450 1537
332 71
137 1801
968 771
1067 533
1573 791
1608 1662
1285 1459
672 265
873 113
968 264
1514 997
1093 379
1814 873
498 10
1927 1947
866 1308
1710 1142
1362 307
478 1262
1827 1015
320 1519
474 1480
531 1771
1990 83
143 1104
1981 1499
463 1691
191 309
700 1479
226 1987
118 328
1309 1610
921 1276
387 216
183 1528
751 909
839 1019
1710 1154
658 866
1020 1212
1060 1998
885 714
1347 251
1440 1320
1816 571
452 1316
720 211
878 1889
1197 717
1069 1374
1109 1259
301 1853
1757 1727
1965 321
1942 1837
711 1878
1132 1217
243 1696
394 1634
1446 624
47 178
160 195
173 184
1063 381
284 1749
712 1827
753 615
1677 1049
499 696
193 805
1949 1336
1960 891
214 395
1649 346
390 362
14 389
939 1273
471 1865
103 1669
1525 563
1807 1420
1274 465
1963 931
701 1419
989 140
536 303
526 1002
411 438
109 1433
758 771
1823 679
1525 867
1857 585
1073 983
921 473
548 1273
1237 1794
484 668
1342 1000
1239 1397
952 1182
15 865
1551 822
1580 1236
827 882
67 1269
617 24
1962 501
402 987
200 1629
805 1056
1468 431
844 1539
1782 714
441 1024
1925 505
188 321
1501 1044
836 1927
1659 1510
766 1033
1423 1629
792 149
1402 857
1203 1921
168 1919
729 946
1499 1537
322 865
419 899
1062 171
481 961
209 1054
1045 252
1163 1310
771 1408
660 806
1027 553
1419 459
1676 465
45 783
1953 1671
518 218
1583 260
1192 750
193 849
482 212
1382 298
881 1313
278 375
1332 829
737 73
1647 1030
1215 1769
1253 473
1152 267
1209 102
1758 550
1188 219
292 1648
611 1042
1144 1664
121 181
482 1497
1738 671
19 1761
601 897
63 674
410 939
1101 1985
1372 1794
1124 27
1282 1494
16 1374
1951 1233
314 1534
1166 1492
1631 1657
1438 1666
93 1261
146 1884
1382 1929
82 330
1870 888
1580 937
1559 112
995 1516
1727 1900
217 946
735 396
164 633
1525 1782
1414 456
185 1956
1062 1747
615 1872
1203 568
168 848
1960 1613
1302 663
1880 498
701 1069
1693 826
314 294
106 1119
1958 77
568 1025
806 420
1390 947
1060 1111
1417 1098
662 1070
1456 1196
740 251
1336 1672
800 173
395 1384
921 607
941 1856
1474 1036
955 1390
471 1047
412 1730
1222 1771
1301 233
142 932
117 1540
118 1789
725 1055
702 654
1820 729
1435 348
1214 599
1015 1966
1193 1955
770 1622
1914 1814
286 1345
506 829
615 639
1051 99
1392 1649
1424 911
453 676
758 688
550 1060
1770 1260
905 1204
1549 739
1406 408
1652 116
637 846
1099 1596
629 658
398 1597
1103 1253
300 293
495 1329
1859 656
414 1056
721 1264
536 1706
357 927
1092 1909
1525 301
592 141
939 304
1347 1152
81 1813
1250 593
1591 906
508 394
968 1829
217 1294
6 1289
1176 89
1732 1151
1255 1846
1487 433
546 1071
1103 506
761 1728
763 1425
172 1628
819 1289
1526 1344
1574 1402
1704 1818
914 115
58 1159
1653 69
1361 1585
748 212
1838 1323
174 1840
623 1350
796 466
92 1084
710 301
47 742
8 130
1777 1663
1435 1082
194 1492
1629 770
1793 1262
371 1645
1718 694
123 1263
1459 94
292 1937
677 1622
945 1091
1992 80
1980 175
401 93
1225 1151
1240 153
1199 203
48 787
1751 1765
99 1641
1278 1838
914 244
44 816
658 1949
1438 901
1066 468
129 1126
1233 9
255 1030
1061 1522
1978 1263
1117 281
1378 805
31 1461
1850 172
962 290
513 526
130 292
1541 1165
984 369
552 555
337 1645
662 1313
512 1120
312 606
96 767
589 676
269 1879
1455 1750
776 1899
1381 1788
294 372
1975 1733
1766 1556
88 935
653 1699
1121 190
734 31
249 1264
792 1301
76 697
146 1670
1374 779
202 1635
508 1205
188 1712
1088 1047
1839 794
293 128
829 1764
1514 579
91 1340
435 264
1079 816
21 724
1728 1710
173 369
1371 1388
569 1670
1567 1502
983 10
1691 1595
1424 957
184 10
902 644
1512 914
247 1489
40 659
661 591
763 997
1412 833
616 788
1181 783
340 113
1167 1156
713 1175
92 901
18 747
309 124
1548 1111
1401 436
1676 1249
1222 209
778 1898
1437 954
1638 1968
807 415
1321 1091
355 341
311 1359
1766 1931
336 912
845 1633
1465 328
739 882
952 1695
811 1064
488 273
514 732
1456 1205
1111 1265
1522 1170
1374 1905
44 124
274 1725
1695 1425
1706 470
1276 712
1305 677
1272 50
696 1743
1342 1533
845 909
1972 1599
418 487
1655 944
784 1796
1521 446
135 285
1048 89
1898 1463
1946 171
1585 1956
1751 821
1486 1341
1397 290
346 1259
217 421
1943 935
399 828
1223 841
1123 385
526 1557
580 1973
507 879
78 1331
1548 1122
651 1434
1802 758
760 715
1047 1688
67 1863
1397 1641
183 1334
1558 882
331 277
234 1522
664 1807
568 885
95 1285
1475 1569
1595 1794
1628 933
836 1973
609 196
1617 1814
929 1280
752 572
1961 873
559 1658
1654 1047
594 978
1697 403
1254 1069
1174 705
1108 1552
768 1947
497 897
1324 140
1898 1832
218 832
686 1070
1606 473
295 1635
1588 1603
902 1873
826 126
1970 723
194 105
1031 1348
1081 1416
1025 198
884 1917
1419 321
129 568
1886 228
1169 14
891 531
1543 1466
1566 1630
868 1378
926 1464
1340 147
1542 1265
1286 1173
607 754
1212 528
1704 1432
884 695
798 1165
777 682
1535 517
508 1224
738 460
591 590
945 991
1109 1929
1788 265
840 297
526 1981
391 1812
1316 684
1172 1707
500 1014
1208 692
1692 1937
1974 1926
452 1717
1427 1405
685 425
518 1180
1173 1742
762 1435
564 1137
1678 120
463 1444
441 11
653 1415
180 226
538 1013
772 1141
1923 546
1139 412
1809 1345
1181 405
1943 1633
1808 1635
1902 397
644 190
1332 562
15 821
458 301
829 348
920 1892
1741 181
1839 1613
599 330
1407 250
1298 435
1647 1903
709 1552
647 1189
1847 1391
1039 1269
151 1795
1551 1846
963 1560
1377 52
1808 604
1935 319
1498 1706
249 72
1600 219
1872 1778
896 1342
788 923
1153 188
2 1064
1804 467
1594 1740
367 42
475 656
1332 1273
1966 864
440 569
477 1956
231 461
284 3
1106 834
529 75
1781 350
148 1753
882 1905
618 783
1568 1142
1618 1990
761 779
1414 441
1979 1191
1533 1090
369 1858
1892 1775
985 1381
1250 144
825 1286
1924 402
535 1438
90 1546
1644 1180
975 1563
947 1435
651 1351
57 761
1449 857
854 1400
1981 1568
1511 1818
118 1468
825 175
1736 70
849 1423
717 1300
365 781
72 192
1697 633
1619 1327
1444 1937
920 1609
940 1945
1721 637
893 1497
182 455
234 1971
493 1481
1218 604
364 1210
613 297
1217 986
43 280
781 140
694 450
240 101
1467 642
950 876
1811 1683
463 225
582 77
1604 1392
1043 1882
249 1574
1808 1478
381 1457
1855 1045
1430 36
1064 1411
1268 286
1349 362
1711 512
1567 1922
168 119
410 1106
1735 987
1169 1048
480 1992
1622 327
1075 898
501 958
540 63
1914 372
1346 1742
368 1859
765 393
476 1417
247 1538
585 145
1442 357
1422 1054
202 243
1968 554
420 1362
554 1897
996 1605
756 447
909 1813
316 697
160 830
328 1440
147 1281
1113 1176
1386 319
584 816
478 1517
1960 102
1976 1164
1746 942
45 984
114 1124
603 1483
1453 1642
1125 392
1797 1113
356 1006
309 564
1580 1880
149 175
1860 1673
1780 132
1393 532
951 166
661 620
1961 1037
213 238
321 301
910 911
143 628
429 884
818 1842
1072 1797
1895 959
1401 1244
291 279
1848 238
1518 1409
1506 1723
738 1315
604 1931
51 138
598 733
1886 1000
1747 1004
1041 646
1553 323
1015 830
229 155
417 1667
309 1344
1537 401
1992 108
1234 140
736 1542
968 1620
251 1700
598 880
344 1616
1093 461
881 549
1701 1011
800 816
771 702
212 1577
1627 35
1276 250
476 1636
1891 835
1568 1543
426 1192
59 1894
1564 901
1754 860
138 1564
1617 1495
626 1368
772 115
1220 996
1367 1982
1131 600
137 19
825 345
1186 1048
734 1626
1111 1848
888 429
649 342
1229 812
536 343
1608 1162
1925 383
1868 1830
1035 362
744 1843
12 210
717 335
488 1739
324 1908
1342 1098
335 712
1876 1630
1997 707
1232 35
1075 1222
862 1632
577 773
1596 777
1031 1030
975 845
813 12
40 1155
1387 271
20 659
502 298
839 1015
306 73
1200 1349
1268 219
52 1822
1290 1901
1017 265
1793 163
1244 1377
1516 931
1755 1300
131 1660
1468 1539
1742 443
514 741
1219 1510
311 75
320 395
196 753
1936 956
921 77
764 1330
1201 596
1273 1454
767 1338
1465 620
245 1328
1717 1287
917 674
595 1088
940 698
804 1820
39 707
812 734
116 573
738 1500
1401 1896
593 1209
1719 696
1642 166
630 986
817 868
54 366
580 1113
142 1157
1464 1828
971 686
214 371
837 1473
214 753
274 184
1137 1642
1506 380
36 1270
1211 566
1770 1274
486 139
1253 122
1831 1526
1737 1521
1844 730
944 1420
1173 1396
1877 1258
570 578
1568 181
824 1081
1679 1968
1364 304
399 1933
71 1013
539 436
1920 1139
338 1554
1003 891
888 150
1059 1049
1206 1946
322 1956
958 53
900 541
101 1232
1588 411
1729 1949
248 325
1863 389
1041 1139
639 1782
957 1839
1655 1031
1781 476
1052 244
1753 277
515 1791
19 1765
1018 1792
1099 1251
773 864
1179 1582
1449 342
1497 332
965 1622
937 667
1406 1478
587 1896
185 288
1813 464
1909 1973
1057 1494
1844 1775
726 1638
820 1056
264 1380
690 1545
246 1310
1569 867
1609 849
833 1759
1782 1249
948 1403
798 651
1305 803
1483 113
299 1032
1386 1637
1528 117
1190 1578
1905 1604
1494 245
471 1540
1110 11
473 724
1213 769
380 1789
1229 1383
197 133
477 1695
515 1352
1806 1117
889 352
251 762
883 1940
1177 189
1029 1807
1362 823
181 867
229 788
1472 84
1970 86
1374 1300
1505 1247
604 1219
1754 377
718 1910
251 1475
817 1534
477 1595
1125 1331
1068 816
1143 456
765 1930
406 1405
635 1307
366 483
680 1499
677 46
1955 832
1183 1763
1187 1164
1551 336
1981 1698
1391 1568
1816 1647
271 1746
944 1956
706 1190
839 1592
1835 807
797 1525
448 1832
391 1491
1282 886
1394 950
624 199
1115 1160
1547 1699
257 1598
905 82
1542 155
1595 1914
743 1458
643 885
1151 1562
1133 241
1513 1777
1079 1468
968 744
406 539
955 1428
1504 879
110 1147
1554 1129
157 1815
475 1666
1796 82
670 1873
1143 1915
1903 1874
1880 1587
1577 509
729 1816
109 754
1357 397
825 1863
1557 1383
820 1670
1644 435
1728 1646
1314 719
1875 903
97 476
1055 1923
1464 745
1351 1164
961 382
1157 1840
689 326
1859 1001
319 1125
313 337
458 827
960 130
1441 768
1251 268
1769 179
1179 1275
1340 1054
810 1660
325 1108
718 1665
1 1737
1447 1810
1056 1833
725 597
1088 260
1620 1305
1605 643
815 759
1216 385
1146 1678
1435 716
52 1234
1944 956
221 623
1015 1864
722 830
1947 86
1088 1323
353 424
691 932
581 1826
54 1284
923 820
384 456
1169 768
21 1516
1150 863
619 312
99 983
1039 1252
1634 1302
831 1683
470 351
1116 61
695 725
3 1370
1285 263
1004 576
726 1389
763 770
196 395
1775 164
1331 173
1264 654
397 1365
1061 1490
1197 63
1629 227
1780 1767
1843 474
248 450
1811 116
1322 1505
1610 420
20 1270
1972 1091
131 1448
543 1076
1716 257
728 1106
1127 1274
1412 1481
5 1337
1941 1674
561 132
1824 806
702 705
1842 790
1612 49
1460 592
1580 787
660 1165
370 1569
1112 79
315 7
1491 1910
1689 1447
558 237
1226 1176
1451 1118
1386 1758
568 1110
207 1705
696 251
466 402
1823 629
461 1077
840 571
1152 726
1543 300
1684 851
1200 1976
1605 1254
1470 199
1371 1146
1882 1238
1486 84
738 1531
413 1405
1073 114
174 1225
678 868
1757 1557
1010 1043
505 494
274 336
111 1595
795 896
206 85
1056 687
892 906
1961 1017
1798 1590
779 1772
707 1481
1292 1568
1868 904
1307 1895
821 87
1177 790
334 1199
419 1703
1184 1749
445 1007
522 1857
642 895
1760 276
1547 274
1934 179
1123 1625
85 1834
590 647
1958 1988
411 966
351 833
269 1095
1032 560
444 1559
122 1941
339 1069
1262 1394
100 1437
1167 1583
843 1173
1708 215
1126 418
1969 592
802 1830
566 1247
39 541
1133 167
723 1262
409 1418
954 1545
582 1528
1494 1237
720 102
1358 1153
1617 202
1460 670
1319 832
1058 1256
1687 1633
376 1939
665 920
632 1881
742 264
1684 1023
1979 946
1857 30
575 1819
1441 442
324 1210
122 1737
473 1586
169 264
827 1069
1625 374
1820 1995
57 791
314 1464
1458 277
1667 407
1128 659
758 1185
558 1835
509 93
1090 596
433 450
1353 1745
669 56
102 891
1976 1637
441 534
1281 328
1207 1728
563 61
98 1000
1592 1942
316 1129
607 172
573 1157
1608 537
1792 1433
406 1543
239 1095
1552 1929
1398 325
1083 1554
1875 1776
6 852
1551 1184
1801 312
687 1651
1033 874
1384 797
1236 805
1980 1754
1771 483
437 587
382 298
122 17
640 1869
1805 1666
1467 502
1874 1986
640 1710
603 1918
566 963
239 1008
1554 877
838 1959
704 799
1207 1229
1881 651
703 1937
1780 420
2000 2000 2000 2000 2000 2000 2000 2000 2000 2000 2000 2000 2000 2000 2000 2000 2000 2000 2000 2000 2000 2000 2000 2000 2000 2000 2000 2000 2000 2000 2000 2000 2000 2000 2000 2000 2000 2000 2000 2000 2000 2000 2000 2000 2000 2000 2000 2000 2000 2000 2000 2000 2000 2000 2000 2000 2000 2000 2000 2000 2000 2000 2000 2000 2000 2000 2000 2000 2000 2000 2000 2000 2000 2000 2000 2000 2000 2000 2000 2000 2000 2000 2000 2000 2000 2000 2000 2000 2000 2000 2000 2000 2000 2000 2000 2000 2000 2000 2000 2000 2000 2000 2000 2000 2000 2000 2000 2000 2000 2000 2000 2000 2000 2000 2000 2000 2000 2000 2000 2000 2000 2000 2000 2000 2000 2000 2000 2000 2000 2000 2000 2000 2000 2000 2000 2000 2000 2000 2000 2000 2000 2000 2000 2000 2000 2000 2000 2000 2000 2000 2000 2000 2000 2000 2000 2000 2000 2000 2000 2000 2000 2000 2000 2000 2000 2000 2000 2000 2000 2000 2000 2000 2000 2000 2000 2000 2000 2000 2000 2000 2000 2000 2000 2000 2000 2000 2000 2000 2000 2000 2000 2000 2000 2000 2000 2000 2000 2000 2000 2000 2000 2000 2000 2000 2000 2000 2000 2000 2000 2000 2000 2000 2000 2000 2000 2000 2000 2000 2000 2000 2000 2000 2000 2000 2000 2000 2000 2000 2000 2000 2000 2000 2000 2000 2000 2000 2000 2000 2000 2000 2000 2000 2000 2000 2000 2000 2000 2000 2000 2000 2000 2000 2000 2000 2000 2000 2000 2000 2000 2000 2000 2000 2000 2000 2000 2000 2000 2000 2000 2000 2000 2000 2000 2000 2000 2000 2000 2000 2000 2000 2000 2000 2000 2000 2000 2000 2000 2000 2000 2000 2000 2000 2000 2000 2000 2000 2000 2000 2000 2000 2000 2000 2000 2000 2000 2000 2000 2000 2000 2000 2000 2000 2000 2000 2000 2000 2000 2000 2000 2000 2000 2000 2000 2000 2000 2000 2000 2000 2000 2000 2000 2000 2000 2000 2000 2000 2000 2000 2000 2000 2000 2000 2000 2000 2000 2000 2000 2000 2000 2000 2000 2000 2000 2000 2000 2000 2000 2000 2000 2000 2000 2000 2000 2000 2000 2000 2000 2000 2000 2000 2000 2000 2000 2000 2000 2000 2000 2000 2000 2000 2000 2000 2000 2000 2000 2000 2000 2000 2000 2000 2000 2000 2000 2000 2000 2000 2000 2000 2000 2000 2000 2000 2000 2000 2000 2000 2000 2000 2000 2000 2000 2000 2000 2000 2000 2000 2000 2000 2000 2000 2000 2000 2000 2000 2000 2000 2000 2000 2000 2000 2000 2000 2000 2000 2000 2000 2000 2000 2000 2000 2000 2000 2000 2000 2000 2000 2000 2000 2000 2000 2000 2000 2000 2000 2000 2000 2000 2000 2000 2000 2000 2000 2000 2000 2000 2000 2000 2000 2000 2000 2000 2000 2000 2000 2000 2000 2000 2000 2000 2000 2000 2000 2000 2000 2000 2000 2000 2000 2000 2000 2000 2000 2000 2000 2000 2000 2000 2000 2000 2000 2000 2000 2000 2000 2000 2000 2000 2000 2000 2000 2000 2000 2000 2000 2000 2000 2000 2000 2000 2000 2000 2000 2000 2000 2000 2000 2000 2000 2000 2000 2000 2000 2000 2000 2000 2000 2000 2000 2000 2000 2000 2000 2000 2000 2000 2000 2000 2000 2000 2000 2000 2000 2000 2000 2000 2000 2000 2000 2000 2000 2000 2000 2000 2000 2000 2000 2000 2000 2000 2000 2000 2000 2000 2000 2000 2000 2000 2000 2000 2000 2000 2000 2000 2000 2000 2000 2000 2000 2000 2000 2000 2000 2000 2000 2000 2000 2000 2000 2000 2000 2000 2000 2000 2000 2000 2000 2000 2000 2000 2000 2000 2000 2000 2000 2000 2000 2000 2000 2000 2000 2000 2000 2000 2000 2000 2000 2000 2000 2000 2000 2000 2000 2000 2000 2000 2000 2000 2000 2000 2000 2000 2000 2000 2000 2000 2000 2000 2000 2000 2000 2000 2000 2000 2000 2000 2000 2000 2000 2000 2000 2000 2000 2000 2000 2000 2000 2000 2000 2000 2000 2000 2000 2000 2000 2000 2000 2000 2000 2000 2000 2000 2000 2000 2000 2000 2000 2000 2000 2000 2000 2000 2000 2000 2000 2000 2000 2000 2000 2000 2000 2000 2000 2000 2000 2000 2000 2000 2000 2000 2000 2000 2000 2000 2000 2000 2000 2000 2000 2000 2000 2000 2000 2000 2000 2000 2000 2000 2000 2000 2000 2000 2000 2000 2000 2000 2000 2000 2000 2000 2000 2000 2000 2000 2000 2000 2000 2000 2000 2000 2000 2000 2000 2000 2000 2000 2000 2000 2000 2000 2000 2000 2000 2000 2000 2000 2000 2000 2000 2000 2000 2000 2000 2000 2000 2000 2000 2000 2000 2000 2000 2000 2000 2000 2000 2000 2000 2000 2000 2000 2000 2000 2000 2000 2000 2000 2000 2000 2000 2000 2000 2000 2000 2000 2000 2000 2000 2000 2000 2000 2000 2000 2000 2000 2000 2000 2000 2000 2000 2000 2000 2000 2000 2000 2000 2000 2000 2000 2000 2000 2000 2000 2000 2000 2000 2000 2000 2000 2000 2000 2000 2000 2000 2000 2000 2000 2000 2000 2000 2000 2000 2000 2000 2000 2000 2000 2000 2000 2000 2000 2000 2000 2000 2000 2000 2000 2000 2000 2000 2000 2000 2000 2000 2000 2000 2000 2000 2000 2000 2000 2000 2000 2000 2000 2000 2000 2000 2000 2000 2000 2000 2000 2000 2000 2000 2000 2000 2000 2000 2000 2000 2000 2000 2000 2000 2000 2000 2000 2000 2000 2000 2000 2000 2000 2000 2000 2000 2000 2000 2000 2000 2000 2000 2000 2000 2000 2000 2000 2000 2000 2000 2000 2000 2000 2000 2000 2000 2000 2000 2000 2000 2000 2000 2000 2000 2000 2000 2000 2000 2000 2000 2000 2000 2000 2000 2000 2000 2000 2000 2000 2000 2000 2000 2000 2000 2000 2000 2000 2000 2000 2000 2000 2000 2000 2000 2000 2000 2000 2000 2000 2000 2000 2000 2000 2000 2000 2000 2000 2000 2000 2000 2000 2000 2000 2000 2000 2000 2000 2000 2000 2000 2000 2000 2000 2000 2000 2000 2000 2000 2000 2000 2000 2000 2000 2000 2000 2000 2000 2000 2000 2000 2000 2000 2000 2000 2000 2000 2000 2000 2000 2000 2000 2000 2000 2000 2000 2000 2000 2000 2000 2000 2000 2000 2000 2000 2000 2000 2000 2000 2000 2000 2000 2000 2000 2000 2000 2000 2000 2000 2000 2000 2000 2000 2000 2000 2000 2000 2000 2000 2000 2000 2000 2000 2000 2000 2000 2000 2000 2000 2000 2000 2000 2000 2000 2000 2000 2000 2000 2000 2000 2000 2000 2000 2000 2000 2000 2000 2000 2000 2000 2000 2000 2000 2000 2000 2000 2000 2000 2000 2000 2000 2000 2000 2000 2000 2000 2000 2000 2000 2000 2000 2000 2000 2000 2000 2000 2000 2000 2000 2000 2000 2000 2000 2000 2000 2000 2000 2000 2000 2000 2000 2000 2000 2000 2000 2000 2000 2000 2000 2000 2000 2000 2000 2000 2000 2000 2000 2000 2000 2000 2000 2000 2000 2000 2000 2000 2000 2000 2000 2000 2000 2000 2000 2000 2000 2000 2000 2000 2000 2000 2000 2000 2000 2000 2000 2000 2000 2000 2000 2000 2000 2000 2000 2000 2000 2000 2000 2000 2000 2000 2000 2000 2000 2000 2000 2000 2000 2000 2000 2000 2000 2000 2000 2000 2000 2000 2000 2000 2000 2000 2000 2000 2000 2000 2000 2000 2000 2000 2000 2000 2000 2000 2000 2000 2000 2000 2000 2000 2000 2000 2000 2000 2000 2000 2000 2000 2000 2000 2000 2000 2000 2000 2000 2000 2000 2000 2000 2000 2000 2000 2000 2000 2000 2000 2000 2000 2000 2000 2000 2000 2000 2000 2000 2000 2000 2000 2000 2000 2000 2000 2000 2000 2000 2000 2000 2000 2000 2000 2000 2000 2000 2000 2000 2000 2000 2000 2000 2000 2000 2000 2000 2000 2000 2000 2000 2000 2000 2000 2000 2000 2000 2000 2000 2000 2000 2000 2000 2000 2000 2000 2000 2000 2000 2000 2000 2000 2000 2000 2000 2000 2000 2000 2000 2000 2000 2000 2000 2000 2000 2000 2000 2000 2000 2000 2000 2000 2000 2000 2000 2000 2000 2000 2000 2000 2000 2000 2000 2000 2000 2000 2000 2000 2000 2000 2000 2000 2000 2000 2000 2000 2000 2000 2000 2000 2000 2000 2000 2000 2000 2000 2000 2000 2000 2000 2000 2000 2000 2000 2000 2000 2000 2000 2000 2000 2000 2000 2000 2000 2000 2000 2000 2000 2000 2000 2000 2000 2000 2000 2000 2000 2000 2000 2000 2000 2000 2000 2000 2000 2000 2000 2000 2000 2000 2000 2000 2000 2000 2000 2000 2000 2000 2000 2000 2000 2000 2000 2000 2000 2000 2000 2000 2000 2000 2000 2000 2000 2000 2000 2000 2000 2000 2000 2000 2000 2000 2000 2000 2000 2000 2000 2000 2000 2000 2000 2000 2000 2000 2000 2000 2000 2000 2000 2000 2000 2000 2000 2000 2000 2000 2000 2000 2000 2000 2000 2000 2000 2000 2000 2000 2000 2000 2000 2000 2000 2000 2000 2000 2000 2000 2000 2000 2000 2000 2000 2000 2000 2000 2000 2000 2000 2000 2000 2000 2000 2000 2000 2000 2000 2000 2000 2000 2000 2000 2000 2000 2000 2000 2000 2000 2000 2000 2000 2000 2000 2000 2000 2000 2000 2000 2000 2000 2000 2000 2000 2000 2000 2000 2000 2000 2000 2000 2000 2000 2000 2000 2000 2000 2000 2000 2000 2000 2000 2000 2000 2000 2000 2000 2000 2000 2000 2000 2000 2000 2000 2000 2000 2000 2000 2000 2000 2000 2000 2000 2000 2000 2000 2000 2000 2000 2000 2000 2000 2000 2000 2000 2000 2000 2000 2000 2000 2000 2000 2000 2000 2000 2000 2000 2000 2000 2000 2000 2000 2000 2000 2000 2000 2000 2000 2000 2000 2000 2000 2000 2000 2000 2000 2000 2000 2000 2000 2000 2000 2000 2000 2000 2000 2000 2000 2000 2000 2000 2000 2000 2000 2000 2000 2000 2000 2000 2000 2000 2000 2000 2000 2000 2000 2000 2000 2000 2000 2000 2000 2000 2000 2000 2000 2000 2000 2000 2000 2000 2000 2000 2000 2000 2000 2000 2000 2000 2000 2000 2000 2000 2000 2000 2000 2000 2000 2000 2000 2000 2000 2000 2000 2000 2000 2000 2000 2000 2000 2000 2000 2000 2000 2000 2000 2000 2000 2000 2000 2000 2000 2000 2000 2000 2000 2000 2000 2000 2000 2000 2000 2000 2000 2000 2000 2000 2000 2000 2000 2000 2000 2000 2000 2000 2000 2000 2000 2000 2000 2000 2000 2000 2000 2000 2000 2000 2000 2000 2000 2000 2000 2000 2000 2000 2000 2000 2000 2000 2000 2000 2000 2000 2000 2000 2000 2000 2000 2000 2000 2000 2000 2000 2000 2000 2000 2000 2000 2000 2000 2000 2000 2000 2000 2000 2000 2000 2000 2000 2000 2000 2000 2000 2000 2000 2000 2000 2000 2000 2000 2000 2000 2000 2000 2000 2000 2000 2000 2000 2000 2000 2000 2000 2000 2000 2000 2000 2000 2000 2000 2000 2000 2000 2000 2000 2000 2000 2000 2000 2000 2000 2000 2000 2000 2000 2000 2000 2000 2000 2000 2000 2000 2000 2000 2000 2000 2000 2000 2000 2000 2000 2000 2000 2000 2000 2000 2000 2000 2000 2000 2000 2000 2000 2000 2000 2000 2000 2000 2000 2000 2000 2000 2000 2000 2000 2000 2000 2000 2000 2000 2000 2000 2000 2000 2000 2000 2000 2000 2000 2000 2000 2000 2000 2000 2000 2000 2000 2000 2000 2000 2000 2000 2000 2000 2000 2000 2000 2000 2000 2000 2000 2000 2000 2000 2000 2000 2000 2000 2000 2000 2000 2000 2000 2000 2000 2000 2000 2000 2000 2000 2000 2000 2000 2000 2000 2000 2000 2000 2000 2000 2000 2000 2000 2000 2000 2000 2000 2000 2000 2000 2000 2000 2000 2000 2000 2000 2000 2000 2000 2000 2000 2000 2000 2000 2000 2000 2000 2000 2000 2000 2000 2000 2000 2000 2000 2000 2000 2000 2000 2000 2000 2000 2000 2000 2000 2000 2000 2000 2000 2000 2000 2000 2000 2000 2000 2000 2000 2000 2000 2000 2000
