2000 4000
1121 653
918 605
381 1197
1637 1380
1761 1704
672 1272
1870 535
923 313
222 1996
378 61
1588 288
878 1407
446 1809
1368 384
913 320
386 1715
640 1038
1622 899
20 1353
1856 1055
149 1462
192 1890
762 262
1315 1335
1316 612
1502 318
1086 11
677 1726
2000 1139
1996 1744
1464 41
1516 24
129 1879
50 603
1783 1909
973 506
419 1773
893 1411
1202 330
209 951
380 9
407 1572
1544 726
1385 896
1533 82
130 77
1453 1992
1045 788
1075 1902
1980 1858
1320 1422
881 603
1596 280
1672 897
1978 853
1423 125
721 719
1000 457
1936 1605
1067 26
1776 202
1724 1742
1122 1895
920 69
1900 1436
1644 882
1111 1510
1559 1722
26 27
1811 352
983 1639
321 338
1266 92
273 17
1318 928
387 290
245 1527
1361 1870
1896 412
927 906
421 182
3 1519
1970 435
1895 1940
919 1422
1235 592
1816 484
728 1017
562 865
301 539
1222 1014
475 421
818 1312
853 613
958 972
332 173
1372 1049
790 1165
47 277
571 68
3 1714
1080 1438
1637 1802
736 1545
1443 1609
1399 47
124 1261
1063 993
1377 1573
623 1625
981 577
1731 760
231 792
39 885
1586 1094
336 809
1150 584
1804 587
69 66
1428 564
993 930
1199 36
1317 1046
1472 1751
1476 51
862 886
622 488
411 1829
955 1335
1808 1394
377 510
428 1103
1896 555
1558 1128
736 489
1758 370
171 179
1483 907
62 1237
8 230
1918 1837
1046 559
578 1950
862 1675
1123 1907
449 670
725 708
253 199
1288 1588
831 936
1930 285
1964 1209
1371 403
1824 1784
469 861
114 1908
277 1746
196 1191
380 1192
1740 1836
1164 363
1928 918
459 1845
1441 430
1980 1732
1796 1036
1613 1898
1577 1068
1168 893
655 610
1360 496
1203 189
354 1125
1038 1907
1727 1182
866 1644
1255 343
557 577
1838 1652
842 585
1031 1444
1944 279
1519 897
17 771
745 1191
1081 1636
1709 480
1167 1666
1819 442
1669 1598
880 1971
886 1774
1354 722
1521 1001
821 505
1995 276
1048 1072
754 1935
259 1411
1898 37
1669 712
1406 1276
640 412
973 1744
647 231
700 74
1497 603
303 54
1547 1554
1710 523
561 1055
752 585
213 647
1506 1477
422 1003
1447 1379
859 946
1313 1617
1641 1005
1546 692
686 1135
983 67
525 538
1786 1130
1887 389
666 1097
1537 206
63 437
502 294
1155 1747
1084 1558
1725 1575
1455 1384
1000 294
217 1979
1394 651
1825 1391
658 1971
293 1102
99 94
502 284
1041 537
1724 801
1909 23
1569 1162
328 866
635 629
963 1097
1759 8
718 889
223 1188
469 1320
584 967
744 470
1328 1732
152 673
1174 938
84 363
1906 1471
1061 785
341 795
1927 289
1391 260
1488 376
1370 1429
1034 1790
1952 1787
1350 1028
1190 340
1103 402
644 1151
895 847
1302 748
695 1313
1081 1641
1742 1380
1754 70
624 373
486 1471
1574 866
847 930
1845 1051
627 361
186 1137
527 906
1166 1872
1457 278
892 1864
793 507
713 1954
596 723
691 553
371 1756
40 1049
1496 1301
1456 1891
1709 1270
1593 1164
1568 451
584 324
482 1812
1868 729
1735 1319
856 1932
439 1607
1875 594
125 1335
615 1163
773 1175
1296 1975
1809 1947
1676 38
1689 364
341 1860
1818 91
24 1889
1429 1749
898 95
1015 112
502 760
117 1597
198 1737
638 399
1714 85
1034 1320
22 1807
1555 1342
1610 236
844 769
1536 1064
1117 1142
122 1222
661 1066
1999 1988
1984 946
1477 1776
728 1926
1318 637
1239 872
270 1614
915 1718
176 933
1032 1102
486 778
613 472
451 1874
920 1205
532 1221
885 339
1398 886
1279 1821
697 334
206 466
1395 43
107 947
602 1372
1290 1594
1675 886
299 982
1214 1517
1069 1925
1324 855
948 1647
1482 1403
888 1343
577 1317
1229 1975
423 1076
630 335
1355 1337
1787 667
213 940
1310 511
1538 233
85 793
704 970
1355 1982
155 1711
1123 1723
1933 1699
34 1027
1935 669
409 1838
1572 1178
878 1300
1062 277
746 1352
276 1370
1196 184
1335 35
1874 1010
472 1827
1419 462
1018 1531
969 47
1914 689
1333 46
218 544
828 1289
764 1751
735 1434
968 1979
1877 1141
1165 232
1542 1179
371 657
1598 1383
825 1006
239 599
241 1137
1928 1875
515 1264
1980 43
1289 1258
1576 1954
992 1353
1874 1192
943 591
464 625
635 1798
1692 1804
1871 1318
1370 279
741 51
1795 34
960 965
1772 88
1281 1927
147 258
1400 1899
407 1200
763 900
1913 1960
1493 664
1258 470
25 405
1465 1854
248 1227
791 561
1316 1991
1059 435
1894 847
1984 1635
1054 964
571 386
68 1170
1708 207
1720 1431
1247 640
1886 1075
1220 697
1450 136
159 1382
1806 712
1987 871
1218 1963
867 347
1748 207
379 715
833 987
1959 986
1258 646
1425 1377
182 1385
1021 751
1530 1780
310 686
1350 437
1334 815
1399 626
1647 653
464 1551
912 977
1193 1120
969 1412
541 1922
511 362
682 50
170 1392
903 1983
503 318
1848 932
1468 362
585 1381
862 1510
1633 1113
733 180
1854 1106
1745 113
1871 959
1198 822
1710 1292
659 234
707 66
933 469
154 78
1417 325
332 213
930 49
857 365
655 972
1771 194
1581 1031
1909 999
534 1316
716 386
464 1056
922 1972
28 889
1042 1157
1702 1542
1257 732
550 1433
464 612
1534 700
954 108
862 1927
1760 1674
354 1475
1189 1180
912 84
16 1935
1417 602
374 566
1491 1062
1849 1253
1798 193
825 1928
397 1159
945 671
590 1683
1278 672
140 1252
1444 640
1793 958
785 1440
803 251
1482 1380
1720 426
1900 589
542 1389
1505 538
243 632
710 111
452 1375
140 710
977 305
1902 1645
298 254
1619 1649
976 565
854 108
82 467
991 600
1915 65
747 157
956 964
1736 355
693 1803
550 847
1628 380
151 896
757 1066
1651 1366
22 303
920 1380
1931 292
310 1484
99 860
327 999
1639 630
1835 337
383 177
1800 1168
460 749
455 1936
191 1851
1938 11
1391 472
1946 452
1491 1839
1088 1918
622 1662
293 1320
126 1204
806 1695
1511 1263
51 1491
573 681
1156 840
1335 557
449 976
1723 1104
1942 600
492 1435
1270 1655
412 1467
431 841
1826 1588
1463 1111
529 65
1582 285
330 816
1286 863
539 1316
218 1972
627 1788
1329 1782
928 1882
1810 190
952 994
106 658
1203 1458
1318 1496
788 1378
1306 1678
41 612
1529 188
55 1535
1147 1240
737 178
1382 1835
1136 1384
1328 1313
738 823
1391 781
587 926
7 304
38 390
626 101
972 559
319 204
468 1870
1480 479
1574 549
678 798
563 725
101 1427
1033 1586
525 1572
1707 872
1951 268
856 703
1483 1671
1532 621
542 1750
1289 964
1591 723
1878 1414
1158 1453
1357 327
1049 1053
1105 746
1214 960
389 410
1101 767
1089 1394
1027 81
96 711
1153 1225
79 1957
205 1929
1937 577
1941 642
1419 1216
534 1974
1934 699
977 790
491 941
875 803
1895 1622
1252 1892
167 1531
1558 366
824 359
104 322
461 1389
1099 1185
616 522
239 458
1064 1105
237 136
743 1469
1515 694
1912 1337
1502 1860
841 174
521 1776
255 1443
1036 1693
1073 237
1566 1753
299 517
405 1349
1459 1438
108 259
1921 957
111 1751
400 1425
1650 980
121 494
1459 704
781 839
864 320
1179 748
186 468
76 1761
1023 1974
1410 543
416 1495
122 1346
645 517
970 457
591 1187
1421 189
1842 1528
1437 1834
1623 782
197 1462
1651 346
713 1861
934 1958
1137 1996
1158 1924
1818 1170
60 1646
1215 734
221 1368
1912 1329
1449 1363
1264 237
977 950
176 613
345 915
1644 426
1642 483
1932 1784
471 1102
1657 832
1465 1641
637 428
1248 1884
338 171
1149 970
496 1600
1339 323
268 1828
909 804
1246 1162
975 1357
1634 1393
1230 580
439 376
1605 981
1372 568
451 1068
1791 603
366 1640
1777 947
303 1592
1568 778
400 1764
1359 1527
879 293
454 1211
532 444
755 443
1427 1192
803 149
1537 606
1366 1125
720 1476
146 273
979 1677
458 1635
154 1194
1843 1643
13 1650
105 1983
276 370
46 1463
134 1530
1030 1006
803 243
1172 1116
903 771
1965 208
172 1387
479 1430
1116 1444
1527 1363
862 1376
1800 218
508 821
1050 990
94 349
883 645
483 995
1210 50
392 1085
1727 531
231 840
313 949
1135 1318
1893 588
1059 1246
1269 1920
393 579
582 1300
216 1029
1645 714
878 1999
1297 832
316 781
378 1484
1439 1342
189 733
1837 909
289 1278
1961 747
1397 611
1477 1737
1180 451
357 1240
731 1904
706 383
814 1475
1230 38
1126 41
1835 393
1890 1308
958 977
90 123
484 409
1649 168
311 1313
1617 1886
1748 347
418 1853
282 1552
347 5
1135 910
1841 1451
447 1611
1526 408
1440 488
1213 863
1292 1451
548 1358
1791 1375
1656 265
1596 1578
1817 1832
1883 1646
1368 1491
1971 1982
1605 386
871 954
1228 1743
520 1642
249 1314
1689 1665
1035 1309
639 156
1950 220
1372 898
314 1464
1905 1362
858 1243
133 1405
501 1494
360 1698
454 606
1146 917
498 1341
1026 1013
407 800
135 986
1389 360
663 1019
130 1783
1545 1702
1416 1415
1766 1119
198 315
1375 597
673 794
960 1565
1266 1823
383 1129
22 1967
768 1792
342 1001
228 1673
658 309
1828 1398
169 1358
1654 141
1577 1408
768 889
644 1639
1284 530
761 703
878 1700
535 1584
181 542
1964 1789
150 140
1183 1174
101 1802
1803 734
606 742
576 1531
655 281
560 1710
874 671
195 1422
539 210
684 611
239 1338
439 1749
834 1100
1068 185
21 1560
187 287
1960 20
1987 475
1489 488
79 946
1902 1666
791 241
312 170
90 1331
1598 568
965 716
148 1096
1328 239
1116 1194
1878 1109
1596 682
432 495
1502 183
1683 1938
1129 855
1271 1087
204 497
950 599
1753 1386
1534 731
1522 1987
1808 1150
832 738
1502 1215
1517 1530
1147 155
26 1524
1740 387
308 1234
508 1063
348 323
514 319
1971 1121
47 529
1110 1897
1441 1637
487 1514
1294 727
570 1331
574 1393
1459 1338
780 1647
152 1738
1729 1645
689 1724
1981 1623
546 1487
272 666
1728 1179
1188 235
416 372
266 874
1306 42
1799 1788
83 153
1739 1944
135 455
1823 337
467 148
1966 1653
1519 117
1659 1067
801 135
1540 428
1165 1054
1452 1707
639 1429
892 923
9 1802
142 1076
1452 103
1857 50
302 619
1471 1434
1091 1072
1889 636
1893 1504
1474 424
86 1969
378 1240
1120 1679
1976 1008
663 1794
1178 470
1081 1284
336 1498
1787 1863
556 1699
1340 264
1155 678
1675 1376
815 65
1942 866
266 980
467 1042
395 1876
1550 1605
912 670
1094 1501
1178 978
523 676
139 1107
1848 1325
848 923
288 10
337 324
1047 820
1651 935
1309 1683
1465 1604
1956 1119
1807 380
997 1897
298 528
548 252
1279 1878
421 997
1333 1929
1935 277
1096 250
572 1990
334 598
1004 576
478 558
938 1790
35 1678
1181 1310
1930 531
1573 197
1492 563
1782 409
1498 1289
895 622
1841 578
1533 572
230 1363
1905 1791
1600 565
246 468
1301 1880
1419 502
296 742
1312 353
1687 1190
1657 127
602 769
1508 1144
594 1006
98 77
1030 1028
144 100
307 1239
340 844
705 1022
340 1548
1968 1256
1394 176
839 784
1555 1646
1898 1268
1434 1416
1810 1353
1500 316
1917 233
1642 833
1944 1999
1272 116
1018 1399
510 1260
1297 649
568 1
1785 1395
1878 520
1171 1422
1674 1648
281 368
1157 1638
1627 105
444 1721
837 301
1308 1713
1260 286
1918 973
1939 972
1656 668
752 362
269 976
440 162
1908 1101
73 837
1842 926
1831 151
97 306
590 296
1198 546
1787 1609
230 1939
926 1312
629 1282
1745 398
348 1900
1270 1917
1439 1583
577 363
1971 1371
1903 374
1491 747
1211 1850
459 1130
1541 1851
1290 384
112 29
205 715
1730 1924
1303 26
391 1096
962 1252
158 1913
487 1754
2 456
1399 583
1542 726
1724 1913
1857 1620
861 705
500 1350
530 1134
1677 177
260 1248
1629 1632
529 1314
667 300
1272 538
946 550
19 1659
504 1100
406 1876
353 581
229 1739
1086 101
823 997
1541 1251
17 1137
1037 713
809 1145
1364 1524
1105 1169
1830 490
136 1213
422 326
450 4
1598 829
1185 1134
160 1897
1124 504
1192 753
139 646
1322 869
378 1029
455 1285
969 1073
620 804
298 1950
23 1184
1233 782
1439 166
1570 925
1878 1766
944 740
299 1821
749 495
641 1212
302 1838
1006 1426
1722 1997
1000 1530
1640 936
855 1901
1678 1597
1793 854
1419 138
301 1585
1415 1371
1111 1442
419 934
732 1932
1004 843
1246 704
1767 270
537 1892
1231 201
118 487
1166 172
321 686
492 867
817 465
288 1404
1098 233
775 289
1655 342
1757 852
143 697
54 1259
238 1817
1881 1263
1788 1011
1493 1998
724 699
1553 1195
1 1048
1039 1463
1103 1751
1085 1351
1981 1339
1585 1291
208 1102
356 1693
912 1800
1824 1183
252 811
966 1691
467 1224
240 1170
418 766
1991 519
997 522
739 1436
1249 1181
680 203
930 163
215 320
541 1661
1146 1440
258 1760
610 851
432 1216
1930 1158
1913 1256
597 1098
700 1710
1584 692
1252 1761
1344 340
1157 142
415 19
811 1932
15 1874
1861 126
753 673
1074 45
1580 1903
13 1555
1640 1118
423 1436
85 1866
1604 1153
1453 1883
989 1989
1079 764
1081 657
1022 1500
1978 1251
1640 1758
868 1861
1330 1800
280 1852
73 1002
535 600
1994 1262
301 958
1149 758
1564 1688
1936 1952
1959 161
676 221
1920 1855
745 721
22 909
1397 1774
831 1484
615 824
772 1087
161 33
1516 1380
545 663
1731 175
874 733
310 1115
1229 1522
615 289
823 1421
199 1576
467 1789
236 1373
1350 1331
1759 1513
801 207
1970 1692
650 768
1107 683
491 812
1499 1936
1093 782
253 1727
323 318
1139 1039
781 192
147 936
407 1359
1159 913
1210 968
1365 1957
1654 654
1361 1640
396 719
688 1601
1537 68
1342 1327
832 1474
777 1663
1817 1053
1276 153
1280 748
145 1562
946 782
1136 1609
1396 941
959 1926
1594 1387
278 355
567 594
744 632
1992 955
1238 1869
1976 1251
1277 1788
531 1926
1078 1865
1638 1466
1392 1725
370 374
988 1810
1815 1316
528 826
1530 1818
866 1043
652 404
116 968
1823 1750
1301 816
669 1188
114 1943
1495 1769
1746 925
1935 267
921 1442
96 275
402 1347
1808 1326
1372 884
258 1810
1695 1676
728 159
1262 1057
1964 1581
482 1592
1311 616
1676 117
357 522
164 1901
1371 102
662 1326
1300 670
1005 85
1109 1122
772 366
1046 735
876 607
450 724
229 686
143 1756
1336 820
838 1124
28 573
563 982
1777 902
53 381
169 1327
232 479
1456 746
905 890
1193 556
893 1571
845 1186
1827 122
448 121
1620 1701
623 1180
762 886
1687 1156
1349 1294
1383 1662
1097 1919
522 1313
1015 1895
884 628
588 526
246 85
1275 877
522 1344
1383 1569
535 479
1859 15
1320 587
870 1047
1075 159
179 1476
621 1804
143 773
992 873
312 1785
689 690
258 1381
1330 325
289 1059
1641 1204
1668 67
402 1045
611 726
677 508
295 619
1037 1269
1773 1563
887 540
23 202
1619 374
1604 1792
967 535
228 924
1832 1790
1939 977
808 1681
651 1895
742 1380
1812 746
670 878
929 1166
574 3
23 1902
1478 634
1628 206
1985 1215
1345 1966
1515 1401
948 203
456 1020
476 1220
1379 1574
708 161
1014 83
308 1380
440 1611
902 838
1765 1827
1190 1973
315 114
1798 1324
1220 45
957 1869
212 1801
1849 1549
436 1832
1909 1407
1190 1519
333 357
1162 1469
1170 1283
1721 490
1139 611
644 522
445 1071
1287 595
1486 130
1260 1493
39 604
1246 770
198 578
610 305
525 1314
177 1832
1164 1080
1171 11
1345 1519
1662 1973
670 196
142 484
1679 33
553 1216
426 30
774 1888
1277 1428
476 1675
1330 1571
1327 113
270 630
1493 958
1527 522
1346 985
13 1516
1845 395
180 868
549 668
308 259
796 477
1208 515
1053 870
400 19
1194 1364
1410 1511
244 269
261 392
258 1671
489 1561
1793 590
1380 435
1567 958
520 878
586 1288
1703 1161
1041 1100
1633 124
72 909
1325 1341
172 1847
160 954
1734 105
618 1945
1973 848
243 648
1700 1105
1626 939
1589 1402
1309 1842
200 1649
1564 946
297 184
1287 363
1398 1010
1396 1082
42 73
1274 827
1250 1546
1843 877
27 1410
1494 1968
743 190
1475 95
520 1730
983 1755
586 136
519 1332
1999 1524
9 233
1810 451
1825 1950
404 545
1319 1142
761 1113
1456 1628
1433 1264
1742 493
931 1601
1295 846
1503 1467
1888 973
1745 1123
402 1675
215 192
942 1094
345 1778
879 1693
1081 952
1018 693
1045 1952
1968 501
14 1863
1461 602
18 1427
1876 330
1030 437
984 465
606 30
58 1915
453 79
6 224
860 1182
865 138
210 609
12 452
994 830
256 242
1806 1073
1390 40
1151 1526
918 1169
808 187
1774 15
875 554
684 1466
1621 954
1851 1879
189 1126
609 1093
636 524
932 271
1398 795
1578 1008
1547 1198
1638 283
829 106
24 1467
968 1680
727 755
1761 1723
1232 1671
1828 1833
1811 1486
1233 1485
807 1169
1818 149
787 1696
1990 1790
185 329
1681 1865
1258 1127
1002 450
1080 386
779 520
1223 1202
1226 1319
653 346
1894 35
893 1533
630 1797
595 442
1808 925
1188 568
734 849
126 1662
1211 1253
1338 1046
1110 1140
285 1104
1122 1465
1064 1086
1525 785
696 1223
1671 6
555 1187
258 172
1000 1218
499 398
807 1554
1042 1234
471 1182
1561 297
1778 294
1242 1145
1460 1697
1322 1315
788 1885
565 1472
1289 1897
713 1742
1460 1949
977 188
1163 501
448 618
1833 622
1351 1047
372 1094
92 666
1219 853
463 1564
573 1470
910 575
1738 1468
1377 1729
1488 1011
1908 297
1976 571
592 1912
62 1950
1043 1842
56 1139
129 1484
1552 328
1923 388
876 651
746 1208
1721 404
1885 1752
1524 611
1126 1764
1549 1506
1273 857
1812 1832
1184 1167
1857 1265
1343 201
1496 308
1846 262
701 920
949 183
1870 944
556 1569
1928 1222
1904 1656
1080 1993
1599 725
924 118
1196 752
202 1840
726 1077
416 1354
1133 1543
1977 1351
75 747
543 24
1658 230
632 757
607 1446
1366 814
1575 1709
202 408
1084 817
1273 1374
631 1024
1862 175
1574 421
1859 605
775 194
63 278
514 1711
470 1731
1546 1710
1695 1343
1490 1732
1569 1040
31 414
1629 940
1484 1485
138 306
1090 1743
1439 1389
722 399
1645 1210
1757 1450
272 1825
1593 1707
1516 552
143 236
219 1222
1108 1435
1034 916
1602 1660
1812 1201
1803 1215
797 47
1433 1161
35 1011
849 369
1163 1465
867 1500
1703 1044
1712 28
1986 1823
558 1288
1918 1230
1346 1698
554 906
670 850
1477 1657
481 251
704 777
521 1528
11 1579
1841 1948
1058 471
1304 1516
1252 269
1161 1273
1254 59
1344 1827
129 1090
1049 172
1984 371
64 585
1684 1582
1689 1897
1887 633
191 367
481 1918
1168 1934
1130 665
1275 637
166 514
1617 419
332 998
1544 1671
1045 1283
1046 245
210 27
1397 341
873 1087
1715 1780
92 823
252 1240
1793 1047
273 1406
591 286
774 1982
425 854
386 473
1219 436
586 1294
384 157
1260 402
291 1067
258 1176
1019 493
111 1802
986 1705
168 1488
283 830
913 1307
278 156
1014 1026
1994 1818
29 1730
1994 524
1789 1135
639 1442
1117 1319
1397 996
1536 1175
928 767
1261 768
49 980
78 713
1732 117
531 524
1827 1963
941 1032
364 470
88 51
1360 720
1519 685
948 1616
1320 1129
1365 319
55 1158
791 222
1003 1505
922 1143
1186 1029
1345 1451
431 1668
1022 2000
495 680
1205 1006
1412 926
661 360
1135 225
1203 1033
1863 1045
1051 1416
1136 1964
1320 55
49 479
1448 860
447 1590
695 739
1880 1357
1511 872
1023 1929
828 1689
1153 1279
488 578
1944 411
484 736
518 200
387 1348
1957 1259
1631 1949
1352 1408
231 75
1156 124
997 406
430 1528
1401 1269
573 1226
348 1692
927 1483
805 1932
789 1672
1305 1225
1211 1531
84 479
152 1450
1439 1960
1847 1049
1089 1836
1910 1479
72 605
687 187
1302 873
1334 1550
1283 1388
1820 596
477 568
1726 1476
1509 687
301 676
1812 1570
707 1276
809 383
1419 562
1050 773
331 937
428 247
621 1604
1979 1177
1136 1129
48 1931
901 387
1598 223
396 478
333 711
1442 278
1084 1814
419 315
1822 1736
850 988
728 1846
1652 786
617 1566
510 1364
717 1364
1585 509
1753 1280
22 804
398 1826
199 1519
141 1547
991 1504
1579 1672
1627 680
344 1658
212 1877
1781 265
1845 4
198 825
182 627
976 990
359 1166
361 168
1995 571
144 1242
654 521
1971 296
1661 1897
258 1189
472 524
616 1178
1006 1203
1771 1382
1553 143
454 513
1143 1847
1246 476
1734 481
880 1409
1906 1237
805 427
1365 1900
280 823
795 996
247 1209
292 1584
131 1806
1837 11
69 261
1844 1315
1724 966
1694 634
1842 429
42 1089
915 12
1807 9
1640 1785
51 1902
1751 54
1188 123
274 738
1580 1577
1713 103
1951 36
1849 705
1616 1775
860 1175
477 852
527 1702
338 652
1123 305
601 1709
1388 1132
1222 1971
668 1026
42 523
942 1824
865 473
75 62
1561 1492
200 1568
1599 490
1893 474
1186 402
536 1305
1732 518
1686 638
1231 791
816 588
1615 424
1287 1846
463 295
925 1896
1919 954
64 1664
1431 1167
452 1498
356 598
991 1172
1498 826
1206 1741
226 394
581 1899
586 1340
662 24
365 1281
399 597
880 896
1470 1440
69 1959
1406 348
654 1005
495 1080
52 641
472 1789
1215 1743
307 1881
236 1220
1178 487
822 1401
709 1044
231 973
140 1908
1308 472
1387 81
912 503
1351 1014
870 40
1420 1520
1497 362
88 114
646 1762
1024 96
309 682
1073 1041
890 1148
1232 1560
56 507
1225 1400
1461 1619
1944 1197
10 132
1589 1145
8 225
1736 489
99 1331
1063 1530
798 829
73 675
1369 1558
663 1133
1138 1508
1118 567
19 1799
1363 84
1243 1897
1481 394
190 8
1754 1871
602 591
1687 318
188 161
1003 704
1631 127
1600 878
748 822
615 709
1754 1194
210 1874
538 408
97 1410
1077 1007
12 1110
194 42
1112 490
698 431
789 1242
1667 125
290 1120
1087 702
438 802
869 1198
81 138
194 730
1333 354
1201 96
1126 1464
1817 1774
244 623
1857 1069
377 417
481 440
43 203
561 1556
1799 1979
578 1651
1561 1956
1044 1073
1712 1686
1888 1705
94 1111
179 52
1169 1474
64 1600
1367 1090
804 130
825 205
831 929
1448 497
1266 572
1295 665
1093 1554
942 765
1834 1680
183 127
1633 1287
160 1659
232 1742
1653 222
1717 1782
1281 1106
1249 1518
1043 163
1624 1449
249 1435
1760 1057
1454 582
685 848
67 882
1114 1515
1621 596
1952 1165
1841 23
1556 1593
1849 1708
1730 335
578 350
1497 113
835 1073
228 1307
1064 47
1095 1686
564 146
1664 1507
1292 1245
361 1250
1264 1115
54 111
821 1912
1972 1032
287 1012
749 882
1315 1440
1543 1409
848 1490
57 614
450 1127
1647 7
1860 119
216 303
1503 507
539 1175
1173 274
103 1339
892 836
507 1105
1535 981
872 554
1603 369
1578 988
1124 556
503 198
1756 927
980 983
168 582
1787 248
1463 684
1497 304
1121 825
700 1998
96 1331
248 590
785 679
1943 1764
1486 1587
58 815
753 1560
842 913
106 668
862 1373
469 32
1435 810
210 814
1050 971
735 86
1753 1648
570 1320
170 404
1706 1109
813 224
1754 1061
961 1190
538 224
1897 816
621 653
1377 1575
1728 268
900 523
1711 885
1054 284
488 814
1935 604
625 832
1061 480
1854 419
1306 1724
750 1533
1468 1466
1822 911
768 227
364 953
698 51
29 1924
854 1306
470 395
1438 313
720 259
1948 908
1405 1473
1780 608
192 1828
1719 1948
1149 828
1403 1898
415 1770
1684 1970
234 1347
1361 1931
453 1815
1351 1609
1299 1459
1194 1010
1144 1925
916 286
1083 1747
165 1606
66 989
1937 572
1441 56
1430 1285
1159 340
14 1285
1538 1507
1278 1954
461 1663
1062 1167
375 1156
485 406
916 1340
1210 600
664 1306
902 443
162 681
1387 497
1700 1280
775 88
724 1705
1207 1413
990 1479
629 266
82 1607
303 843
1704 211
1016 1189
1667 763
191 33
734 1171
652 408
1646 1805
731 806
1613 1205
1360 327
227 1276
1657 455
1559 1231
155 1365
173 122
1195 1267
57 1244
1250 1825
752 87
150 1816
1563 419
156 859
576 674
512 1323
938 1694
1988 1469
979 1293
987 1196
30 1879
440 1618
1648 1444
60 1618
1248 434
250 1173
1544 927
1750 826
1693 1129
1513 478
1101 1986
1086 1094
1583 1354
1386 1648
1099 1391
669 36
1966 432
986 784
49 1160
346 1871
1354 1365
1100 1515
1783 237
1536 1427
324 979
1959 1250
625 250
1341 1956
1857 1499
1227 528
1921 35
358 77
343 767
275 1433
910 458
1879 823
1549 1070
241 1559
560 97
1010 1185
512 1947
1106 1925
427 1348
1512 335
798 1162
267 1072
1305 709
1507 878
613 102
133 741
1141 1523
1322 1442
1209 290
164 1854
677 338
517 1321
1783 969
1922 1969
16 109
1418 670
566 115
216 1079
1253 1842
1347 1772
1 1660
95 1584
188 1121
1445 1412
1051 760
1735 1470
1851 858
313 1244
1986 823
1920 329
1991 1762
727 1155
862 1010
264 899
1951 214
690 486
1956 927
1095 1090
1615 1316
1055 646
489 1138
193 1177
676 1999
1586 1790
1156 1235
739 1184
29 219
1125 33
577 1650
638 1598
1259 1525
1763 250
849 934
1105 764
1335 692
252 1770
1366 1675
1427 852
764 140
1779 77
1360 693
671 391
1547 1664
516 1681
500 1513
409 1255
397 913
936 415
1009 1902
1257 69
1560 789
1839 120
174 154
378 49
1380 1182
452 754
1148 1349
234 587
1390 106
1125 1662
776 139
1230 575
64 1418
1091 491
1509 1405
1123 989
483 1673
1341 672
1981 984
193 614
1496 1861
992 1775
552 1930
239 368
846 1858
1905 242
928 1294
1988 926
498 863
1276 165
1945 253
1747 339
817 781
806 1656
903 507
1550 1794
885 204
1462 218
325 1313
1333 526
1820 729
1244 506
1713 695
1861 578
1130 1375
1117 463
1455 919
1472 269
404 936
1464 1829
1866 1040
1432 1914
525 367
164 1187
701 461
1307 1176
583 299
220 949
1160 551
589 1315
1324 1614
716 1734
84 1793
779 389
1567 559
1916 1392
43 1428
352 845
17 840
119 1349
676 887
1794 1462
826 1791
1431 1657
1052 243
1994 1516
1508 214
1397 454
898 876
1209 1150
84 1969
1849 1362
1596 816
1567 972
99 1433
872 1937
716 908
1628 196
1895 1188
382 1747
1498 436
927 1951
162 834
863 1733
1825 1118
550 1497
815 1434
1197 18
250 1341
1477 1291
902 1461
53 1649
1150 1371
88 650
1696 1718
1472 1453
192 1438
1550 923
167 1472
338 1565
1018 1453
1111 21
1618 31
574 1625
352 1779
961 347
1400 104
1565 562
1678 1497
885 1747
651 105
263 28
154 126
1477 1393
846 1654
1963 1609
1083 1866
1267 714
1760 1339
1540 889
761 1919
1599 1279
1645 866
1815 580
1154 1595
306 1214
1315 1353
1642 1420
1812 788
1901 979
1276 1257
1639 1835
288 445
1523 1032
1989 1262
1690 1396
1107 1797
312 1254
1369 1557
1860 127
585 1203
1301 1645
1247 103
226 1795
620 1284
1335 686
698 174
1127 351
1588 1039
1636 1040
1204 59
89 1161
47 196
49 243
404 1849
1484 1663
964 700
1814 1186
59 1012
1419 1575
1814 1572
358 1060
1065 510
227 691
1329 1025
1233 1265
660 1131
486 1121
1872 1613
683 1834
926 1124
388 1626
557 1245
271 1213
520 104
1662 824
76 1919
535 1308
917 1470
756 656
952 565
324 1455
1845 1767
1035 1733
971 319
438 668
1421 1316
1615 18
220 1045
1627 792
814 752
288 754
1996 1403
390 1231
225 711
1573 1670
1665 844
1026 539
25 1701
346 593
1150 578
1621 147
911 129
1834 653
1752 1042
1539 1313
1860 846
1149 1314
1457 1984
1139 1718
2 1305
1940 209
891 1426
475 1296
767 1463
85 1104
1460 616
702 1052
1859 553
626 962
1874 70
1252 1071
1643 1993
819 551
1196 1688
1274 1537
28 1400
1667 62
811 611
617 749
802 1200
632 360
1808 1336
203 591
1759 1264
1832 1230
1263 1824
1921 1576
367 759
89 740
1271 1034
654 838
1529 1455
166 1495
110 1009
860 515
1899 1215
488 1567
1628 1746
914 1353
1141 714
175 525
766 1767
1760 1304
786 1319
809 38
336 1189
588 1679
840 65
1934 1108
757 1135
907 504
1408 1755
1224 1282
317 1352
1634 1506
267 1901
703 821
1510 694
783 1955
466 1071
1908 1060
48 1410
1173 41
1341 1957
153 1805
264 1188
78 1074
1463 371
756 1496
562 244
272 60
675 6
1107 1297
1973 1424
1280 755
1732 622
558 264
466 10
1451 1781
580 1030
1471 1062
1852 1690
447 342
1366 1397
1015 224
487 353
95 1356
582 1647
1354 1058
843 452
1345 569
693 1105
201 251
1167 1405
1621 662
1525 1602
1497 1992
445 1086
930 1959
1430 1184
1371 1926
111 995
1873 1018
1749 1444
651 800
898 1172
868 309
251 78
1159 1858
888 230
952 1592
907 787
1236 1290
739 139
1209 1878
201 1088
1402 1479
161 1085
1628 1404
1645 344
1248 1817
1648 848
80 686
1079 976
244 945
1856 328
1505 812
1679 248
216 233
1847 744
148 723
484 1544
1581 474
256 1362
383 1293
1999 850
794 822
460 1948
698 1175
1563 1151
1615 1768
1567 368
1135 913
1145 383
216 1662
1295 1041
950 1567
943 229
183 1799
1986 1704
966 512
714 766
1981 1813
993 1146
1027 1648
1431 649
128 489
953 1236
257 338
21 45
1680 1286
574 1707
1588 491
1879 1597
1831 349
699 1395
886 1931
883 1736
1371 584
810 1897
1987 1621
1322 1652
23 197
636 1373
1347 1606
1304 1426
124 680
1758 823
1149 351
1579 894
1422 656
57 980
1009 1261
1737 1763
247 217
117 1018
1844 921
186 354
1072 128
1297 1303
1671 150
1821 1414
159 1529
1829 200
429 1597
475 552
1905 1273
327 1560
1556 1846
1612 1187
1818 1257
1176 1988
993 1275
919 993
1097 913
1714 256
1496 1685
1652 601
1086 476
1460 708
1091 116
1302 988
1723 1672
1962 1902
1894 1490
551 567
1359 715
556 521
333 1249
385 1367
1501 1960
862 996
203 1600
1456 1570
1695 1401
361 848
1058 665
417 345
308 1810
859 85
1284 1125
99 1570
531 662
869 871
164 1962
1361 1436
547 43
983 291
1205 1850
199 634
488 749
1268 1819
560 1245
560 854
791 431
43 1398
1033 581
1301 207
1091 813
875 703
963 362
569 1237
442 1585
1590 1270
1529 433
1151 1558
1870 945
11 557
1207 144
503 1546
1152 861
406 1320
600 1670
44 315
99 1061
1626 1923
1720 1934
1284 1668
1233 1814
1070 661
267 1172
120 939
780 1031
761 1958
1964 1436
1875 1819
119 1895
665 141
367 1370
277 1310
71 245
1572 1883
1315 499
761 999
1562 1826
195 383
40 1394
1393 486
1485 530
185 644
986 318
263 151
951 1622
229 164
76 1570
799 1413
206 1761
1171 881
1095 1478
1539 1997
1147 643
26 1614
280 585
1612 1114
1156 249
594 205
1904 1740
1060 683
1756 1854
674 1967
425 687
799 1032
1495 1181
904 191
967 192
1765 1403
1694 1612
1845 1886
272 1038
1540 1104
526 304
1120 1177
1382 137
1955 1862
1432 1608
238 1278
373 687
1756 278
1214 221
1553 1186
794 1553
1046 71
377 1801
1811 1186
1660 98
410 1687
1631 635
246 1143
40 399
1779 674
109 1607
629 1445
805 1825
1162 1353
1766 1328
1421 1875
649 642
1982 516
570 1513
536 1892
1458 1920
447 786
458 118
1482 1865
1785 720
153 13
707 750
1919 795
533 401
1698 40
815 1633
1801 1242
260 1194
350 1716
1538 1521
509 1006
27 826
546 1417
354 1441
501 510
468 392
1118 1613
91 1993
544 1487
905 1418
276 332
1373 238
1226 1372
1358 1690
735 1665
485 1236
56 1956
1551 608
566 137
173 998
1656 1461
1021 1685
1204 1038
1041 496
1800 29
1456 787
550 1318
1435 1629
647 973
797 1427
766 2000
317 1990
467 446
1177 659
1446 367
654 1111
1654 474
373 723
1598 743
701 1267
1792 456
1895 1195
240 30
854 214
798 1696
974 12
962 1962
509 430
229 1094
970 291
1226 786
1224 1855
1310 918
1520 779
55 1684
1607 698
199 1869
1974 1580
1475 341
1901 1761
211 1479
929 1403
620 238
1845 335
779 638
48 1533
657 1850
1539 1578
407 788
758 1843
487 1445
6 434
1859 1850
387 176
1877 1148
1217 1976
1398 1889
136 911
396 745
1018 1999
743 842
1574 195
336 1410
1020 510
157 1218
1893 1172
916 1267
1118 901
1215 1901
1591 450
1763 702
1199 1448
57 1979
300 1952
117 804
1241 905
1160 1543
784 1364
169 254
1411 508
413 864
1109 1741
1554 547
1407 449
818 914
401 1298
1891 902
1125 203
1058 1786
1325 100
410 183
763 702
239 230
221 1983
1953 390
1112 1016
1046 379
1840 975
115 26
1086 1404
265 192
231 1290
1962 1192
255 421
1519 211
343 1673
81 539
219 202
904 708
1703 1570
666 1469
1090 119
1230 145
115 1758
1505 932
1243 403
1414 441
1447 44
340 1051
1300 1142
985 940
823 1920
653 71
1235 624
850 1782
1436 1165
947 1701
890 1554
1238 1427
514 688
1305 17
277 1271
375 1765
836 67
101 664
1014 1013
282 1951
186 1636
490 246
344 1969
1663 188
1249 1743
1272 98
428 631
360 1116
1491 1888
1069 1179
856 971
1856 1729
108 134
1926 1426
762 985
614 1461
235 136
1492 342
1323 256
648 1643
1988 793
596 887
556 217
1271 254
1202 762
591 1024
1088 336
1022 1968
1092 1875
1090 113
661 1958
1769 1699
1320 1828
1109 1895
1421 1424
1324 419
950 559
1732 702
1125 1281
1175 643
451 1381
1730 1406
1406 1932
1126 509
336 1174
811 441
660 372
835 1669
663 243
1608 1274
644 1348
1315 1116
420 783
817 1449
1233 1864
796 443
239 86
1959 1372
1901 15
202 1409
160 1731
1852 299
93 414
1650 427
933 51
1251 858
1752 487
561 39
1796 1232
931 1131
257 1216
1408 1911
593 1283
69 1666
491 1325
1009 1479
425 1493
1965 987
1604 979
1193 1587
168 1576
1940 859
1182 448
1595 1610
1759 706
385 163
1461 1577
50 1140
112 409
211 809
48 1387
1637 164
615 1569
1853 285
560 1471
1483 1007
1373 1675
1546 12
750 1298
1217 1744
1735 1611
1840 1008
535 739
899 118
724 1167
1553 94
1126 567
458 327
765 104
166 1241
722 1590
325 1007
1760 727
1322 946
1843 959
681 679
1680 576
786 1703
1389 1523
1009 937
665 459
1961 505
1751 1844
954 44
1311 1685
1385 1128
1449 599
1852 1965
1523 1267
431 1872
1489 365
90 131
34 986
562 608
76 1541
956 1306
563 1188
172 1336
815 1291
717 792
1988 505
841 1012
742 1460
293 497
1759 146
1028 237
454 1684
1781 1471
1654 1124
1964 1438
244 301
298 1993
446 1886
1530 960
945 1527
1749 257
1254 728
194 1574
366 1118
1328 539
4 457
952 666
1080 213
827 733
857 1657
1736 1272
1624 1610
1674 1190
782 785
353 1042
1223 1258
1216 1168
1062 1719
1138 911
1955 325
1111 356
1429 1583
1634 1247
1512 1911
858 1297
943 440
596 1432
1771 474
1659 351
1084 346
1593 1344
1605 1384
261 80
1350 1201
704 1895
1266 933
708 127
533 1959
1204 1052
372 906
1661 1974
692 892
479 846
238 573
568 1450
194 304
582 652
810 1164
1053 1502
158 709
1816 527
279 546
1490 1406
783 180
482 1521
926 788
1321 1144
652 1477
124 1645
1664 1779
706 482
490 1573
1758 1764
1065 705
494 996
1275 1449
502 915
1998 557
1878 675
466 77
667 1454
1745 1905
1933 1402
915 856
554 1334
1828 743
1120 1843
1362 891
1414 1284
536 1554
853 1937
1692 439
1084 326
712 196
1066 1429
1054 1051
1022 1734
417 1606
857 847
1441 412
1695 301
972 1092
1952 1388
552 1994
210 1106
835 1034
891 438
828 1168
1437 1207
781 611
1551 364
2000 925
867 1853
731 74
410 761
716 167
1339 1200
11 269
382 589
638 1956
1273 1323
1387 1417
1228 1315
915 239
894 1389
526 1748
424 1928
1384 267
1870 1298
333 62
1836 655
1967 1706
1571 1078
1795 1337
237 1486
1118 1944
1467 986
142 794
583 434
1548 406
1739 948
1715 1056
650 590
625 92
64 1018
1206 1242
1720 513
1217 311
1376 1106
1343 1923
91 365
1175 783
878 1302
688 228
604 885
881 30
1849 1121
246 564
872 1150
1016 1524
1541 1653
1632 940
1352 1511
1587 1101
1141 1032
596 561
1696 5
195 1129
80 1276
1310 1193
552 584
761 436
633 1200
373 380
1283 667
796 398
394 787
640 582
1211 1458
1290 717
128 812
1518 1058
1419 664
572 1113
475 315
1729 1008
1522 1239
785 1735
690 32
405 583
1721 1385
547 770
150 1796
97 664
449 1418
1770 1221
1383 1625
1312 623
258 1042
321 614
15 121
491 1602
1341 863
774 1338
1142 447
963 1858
1749 1782
102 1299
1999 1873
1513 969
1480 1809
581 1330
1002 1778
29 1013
81 908
1107 776
331 1805
257 1355
823 1251
1019 352
982 1213
56 913
593 1674
653 1132
1312 164
1541 924
880 1894
440 737
536 1478
1266 781
696 837
1415 1451
1931 260
1832 543
287 502
18 206
16 307
437 45
702 59
1701 1891
1206 1036
1954 1918
1667 284
1396 327
1381 1092
1680 1039
84 1154
1791 1093
395 294
912 1338
1682 1155
590 1026
157 749
413 1019
686 1784
527 984
55 1697
1949 646
376 1750
935 1243
594 1615
87 308
1886 689
1184 423
1977 1679
1107 1696
1956 1414
1053 446
38 1136
512 1055
1009 1344
56 347
342 1688
380 1240
193 1797
256 365
476 1238
3 125
331 492
896 1717
1362 275
462 1755
149 351
1095 28
1244 86
1182 756
1334 1795
1410 968
511 1514
918 1390
1123 66
869 392
1674 1850
1351 919
1562 1721
451 506
302 295
973 607
1532 801
157 1948
109 543
987 1852
805 1439
683 1361
6 1492
329 1876
997 592
867 1704
264 563
72 1461
1385 1550
1551 964
1560 1132
1734 462
314 37
1393 1773
1960 322
404 549
1616 1830
321 805
1060 295
1841 1539
1872 1767
976 1830
199 1406
1524 1152
47 1612
1959 238
1084 1776
181 175
1694 692
1112 201
181 1908
574 1025
747 671
1484 1718
1236 1204
1017 1108
1883 439
1379 1443
1617 754
1657 809
243 1427
1989 1630
140 1060
823 1692
1122 941
153 857
1630 1716
1552 906
270 901
1507 64
1922 1567
895 1043
637 718
1532 1120
503 1227
1777 1907
89 1165
1296 969
1764 1813
1814 465
521 1304
527 1796
1810 1149
966 1384
690 1380
582 1625
814 536
377 1320
927 573
1884 862
466 1252
799 343
1683 1081
319 1131
1942 1357
715 972
430 1115
1400 942
217 904
1829 1241
55 83
1881 938
482 1073
1073 1702
540 1865
1628 277
126 577
494 1378
741 774
994 1553
1354 1083
628 1594
1661 1624
184 1561
1392 998
238 886
942 359
713 1088
1568 625
1426 1993
1092 644
545 1481
627 1178
337 204
1361 535
1882 1278
1158 513
1003 1867
1173 1092
1408 1645
1523 799
1910 1445
287 1902
427 329
167 1234
497 738
622 1503
1654 1946
344 851
827 1768
1953 974
1074 1241
132 1238
1609 1557
1839 368
1261 110
272 925
1185 687
1507 53
1726 608
353 280
473 567
645 1219
981 1285
1682 1587
1657 1977
1468 1035
888 545
1106 1134
1228 1945
897 1076
1860 1037
1872 809
1348 1027
473 1476
1882 210
1603 258
178 1838
1701 459
1691 26
1886 1204
1808 961
242 61
1952 1094
280 1279
795 1830
1998 1415
1285 1745
1438 1713
543 872
346 1516
1180 397
683 192
998 492
1558 659
1186 1125
1347 1312
1212 1916
1938 1437
1473 298
642 1950
595 1713
759 1800
1790 943
1917 342
550 1057
758 856
75 1386
1071 380
1307 1094
1666 176
1090 609
126 1074
1311 1171
841 312
1941 1617
1766 910
1504 1722
1217 420
938 82
852 788
482 515
1772 1535
1571 1332
1750 1011
772 1813
435 1983
592 769
1168 1734
895 1485
454 1772
1158 601
1936 424
825 402
25 208
1201 440
585 1454
1765 1572
1203 1054
1304 802
1759 1437
1973 433
668 1222
1295 638
1238 380
1213 447
819 901
864 108
1554 631
1097 20
1212 366
1499 1863
919 1589
612 702
1444 1415
333 1946
1603 1985
1023 1282
240 1868
840 1963
230 1063
1969 221
562 328
894 721
1889 318
1537 1021
1503 1253
543 510
658 606
800 1698
1082 1302
537 1020
1232 46
1881 1784
1604 419
714 514
1706 542
768 1328
1244 241
995 1267
1378 623
56 1237
109 1851
446 751
1450 1188
247 1299
1317 790
1610 851
775 467
1433 1663
1016 793
1814 93
388 912
655 735
564 692
1688 834
1916 1715
784 202
391 1183
1132 801
223 1806
1150 531
654 359
1961 1565
1316 778
947 355
1998 42
490 1180
836 1867
1831 1501
773 754
1559 803
44 255
310 1495
842 1454
831 1425
1936 1967
609 1374
451 381
1114 349
355 902
813 100
170 1473
1821 1544
269 260
1304 1021
1669 131
493 1480
203 945
1052 1036
576 1320
1053 375
773 107
978 579
1533 1249
583 1690
873 1910
656 982
1356 886
1361 1048
34 981
1920 730
429 1423
1191 451
638 1259
391 1482
1919 1696
72 874
13 1620
1212 462
1492 586
550 1833
1995 1886
209 596 836 1762 962 122 1619 513 551 551 339 1533 873 1333 741 1052 1807 551 1417 694 424 339 1533 1286 122 1571 1052 596 1374 836 873 1484 1333 1711 790 294 1484 882 294 1104 1484 1668 790 1417 424 424 551 1052 1151 1533 2000 1955 639 339 1374 962 1711 1852 2000 873 836 1668 385 639 1852 1011 2000 1571 1011 741 1901 1711 1762 1668 1807 1052 339 1151 385 1011 1955 1052 1374 1901 385 1901 694 1374 1238 82 1151 1484 873 424 741 513 1668 209 513 209 551 1238 1186 596 1807 1374 470 1955 1052 1852 339 253 836 1417 1571 209 790 253 253 1901 741 1852 82 1852 836 1151 1333 209 836 339 82 551 2000 1955 1333 82 1711 1955 1238 339 470 424 424 253 385 790 1417 1619 1151 37 596 424 873 1151 294 385 1807 596 2000 1762 1333 168 836 551 1011 294 339 790 873 2000 1955 1104 1852 2000 1104 1238 882 168 1955 1533 339 1417 1333 122 1711 385 2000 1484 1484 513 1333 1238 1711 1619 882 82 1533 1484 790 790 1151 1186 1011 294 1484 551 962 122 253 741 882 253 1852 37 1238 339 1333 1104 1374 1333 1807 1807 82 209 513 1151 1374 253 1011 1901 1807 1238 168 1333 82 424 513 741 1901 1571 1807 836 1151 1619 1901 385 1238 1333 1852 1484 1151 122 470 873 1417 836 1955 694 1955 741 1011 1852 596 82 1668 1711 882 37 339 1619 209 1011 790 1484 513 1571 551 385 1104 694 1901 37 424 1668 1374 1011 2000 551 741 1238 1762 741 253 1762 168 1374 122 1668 122 1333 1619 168 339 1619 1901 1955 1052 694 1533 836 1533 2000 1333 1484 1417 962 1052 1286 294 1238 1011 596 1286 882 1104 873 639 1533 1711 1762 1852 1852 513 424 1711 1052 882 1955 294 1762 741 168 253 1901 962 1286 962 790 424 1286 1762 339 694 962 470 424 513 339 596 1104 790 694 1852 1762 836 1417 1104 1901 882 1571 385 294 1762 1711 1852 790 962 836 1901 551 639 294 882 1807 836 1955 1238 1901 1286 1533 1619 385 1711 1151 1762 82 694 385 168 1417 1011 1011 1286 1417 122 1762 1104 1186 253 1286 639 962 1238 873 1417 294 962 962 1186 1533 1417 873 1238 1484 1668 2000 1711 1011 836 836 2000 1807 1484 122 790 1052 385 1286 790 168 122 1852 82 1417 551 1571 168 470 639 1762 694 470 385 1374 1333 596 1762 385 470 1807 1238 1955 168 1955 873 551 1619 385 1484 1762 470 1238 1955 1619 1417 551 82 82 1238 168 1151 513 253 37 1762 1484 694 836 37 694 209 1852 1238 741 1807 639 294 209 385 513 596 1762 1668 470 1955 1807 962 1955 1484 962 694 1571 1374 294 513 2000 37 790 1619 122 470 1711 1668 1286 1104 962 37 1668 1852 741 1286 1417 1011 1484 1238 596 596 209 1374 1619 1901 339 1052 1104 1151 1104 790 122 1417 513 1484 1286 1374 1151 551 470 1668 82 1901 1668 1571 1955 122 790 339 1711 1484 82 1668 513 1571 1052 168 1186 385 339 1711 1286 1711 385 596 1186 122 1286 694 82 1333 1533 294 1374 1011 1762 1286 1484 1852 1571 168 424 1901 1533 168 1104 836 294 1374 1374 1104 1955 836 1901 962 1484 1238 1711 596 1711 1807 470 168 741 1333 836 694 1762 1484 551 790 1104 1619 1711 1011 1104 1286 790 1619 1286 1011 122 385 1186 1955 1571 513 1711 37 1619 1807 1151 1571 1374 1104 1186 1333 470 1901 882 385 1374 1333 294 1186 1286 1151 1668 470 694 1333 1374 294 639 1619 209 424 339 122 1619 1955 82 168 1807 168 1533 1238 424 790 1011 2000 294 1571 1484 1374 790 639 424 1238 1762 424 2000 2000 1668 1238 1484 1151 1238 962 513 1011 1333 596 339 513 82 1151 253 1901 1955 1807 1011 82 1955 82 168 1762 2000 122 37 82 2000 1571 1619 1668 1011 1484 882 1901 37 168 1484 1238 1238 2000 1374 513 1104 82 513 1807 639 1807 1011 1571 694 424 470 82 882 1104 1151 1104 1762 1052 1852 1668 339 596 962 82 1374 1762 790 1807 873 470 2000 1619 1238 1238 1484 122 1619 962 873 1533 962 168 168 470 694 424 1901 1807 1807 694 424 741 82 551 82 253 1104 1333 1286 1151 339 1011 1668 639 2000 882 1852 122 209 209 741 1852 1533 873 694 1484 1104 1955 639 1484 596 1484 1052 1484 1762 82 424 1417 1484 122 168 82 873 1762 470 962 1807 2000 694 339 1762 339 470 836 790 882 639 1901 82 1052 1668 882 1151 836 1052 385 513 962 741 209 1238 1955 1533 962 1533 385 1104 1417 1052 694 1711 1151 1104 1151 639 253 1186 836 2000 37 1104 294 741 1619 1151 1011 639 1286 873 1955 339 836 1186 424 1104 253 1668 1484 470 1807 1333 639 37 470 1955 339 385 37 1901 694 694 962 82 168 1374 882 1238 385 1104 1333 253 551 694 37 82 1619 1151 294 209 1484 1186 1286 1417 1852 1052 1901 1852 253 596 1011 1238 1619 385 470 1011 1333 1901 253 339 1762 1417 790 1668 790 1901 1286 1955 1286 551 694 1668 1955 1571 1238 209 513 1762 294 1901 1807 1533 1533 339 1901 1711 882 1711 1711 122 1711 873 1852 962 122 639 1011 294 1533 694 1151 424 253 741 1762 1852 639 1762 168 1762 873 339 385 1484 37 1533 1852 741 790 2000 1374 1374 253 694 2000 639 1238 596 1571 962 1484 1011 1186 1374 1711 513 339 385 1619 253 596 82 209 253 882 1011 209 385 470 694 836 513 1333 1901 1104 209 1104 294 1762 1151 1104 1668 1571 1955 1286 470 790 339 168 1807 1955 551 962 1104 1762 1711 37 1186 551 209 513 1151 2000 424 37 1619 339 1852 385 639 294 873 1333 551 873 1151 1668 836 209 1484 836 596 596 1619 694 168 741 470 82 253 1011 1011 639 741 1238 2000 253 1533 424 694 1052 424 836 1104 168 1484 122 1333 1484 253 1011 470 741 1484 1762 1417 882 470 294 1333 1151 741 1011 882 1807 37 962 1533 253 168 1104 37 882 168 513 253 1762 1286 1186 962 596 1901 82 1852 424 1374 694 1151 513 694 596 1852 1238 1619 2000 1955 639 1571 882 1104 1484 1052 513 694 1333 1711 37 694 470 470 1052 1238 741 339 551 82 694 1286 82 551 470 741 253 122 639 639 294 1286 513 1762 1484 1151 1484 253 253 513 1238 1533 1484 1955 209 1955 882 1955 1533 1807 1052 424 1417 1374 1762 1619 596 168 1668 470 1417 385 1533 424 873 694 1762 1762 1668 551 1052 513 639 253 1286 1807 1668 790 1186 741 470 1011 1052 551 962 2000 253 596 1011 1762 209 1011 1852 1286 1052 513 873 1484 253 1484 882 168 873 209 836 1571 1151 1011 790 741 122 639 741 1619 1333 741 1333 209 1852 82 1762 1807 1852 1668 882 82 470 1417 1571 1011 1238 639 1533 639 1571 1286 596 1668 694 1238 209 470 882 694 1533 1852 385 1484 1901 1011 168 513 37 385 836 1619 209 1286 873 1374 1186 1104 513 1619 962 1151 790 1104 1955 1901 1286 82 209 873 1151 1852 1668 1852 1011 1711 253 513 1333 1052 694 294 1955 741 1533 122 1901 639 1238 836 1901 962 294 741 836 1807 1417 1104 1286 1104 741 836 470 741 1533 694 1417 1238 694 1711 596 882 1417 1807 1104 1333 339 1374 741 1955 1186 1104 2000 639 741 741 551 596 882 294 1619 551 2000 790 639 1711 1186 1052 1955 694 253 122 1668 1668 1104 639 1955 122 1484 882 836 1484 1417 1286 551 790 1104 1238 2000 1571 513 1668 1852 1238 209 1238 294 168 962 385 1417 1186 694 1104 1417 294 1901 82 1668 1186 790 694 882 470 385 1484 1238 1374 1711 1151 424 1484 385 424 962 424 694 168 1668 339 2000 1484 741 1955 1186 596 294 1238 1151 1619 37 836 836 339 1104 790 836 790 1807 122 1668 596 294 882 836 1052 1333 962 596 882 962 1533 209 1186 639 37 2000 424 1052 1711 513 694 424 1286 1955 470 790 122 168 1417 253 962 209 1186 1901 836 1484 1955 339 1333 1052 1668 1374 551 1571 168 1533 1011 1052 37 1151 37 37 1668 639 1762 1186 1333 1955 37 424 639 873 1852 1417 1417 1533 424 122 385 1186 168 1955 1807 1901 1484 596 513 1619 1104 1533 1417 1955 790 1711 1533 339 1711 1619 1374 294 741 1852 596 82 209 882 168 1762 339 1852 1104 1901 1533 836 82 122 639 294 209 882 596 1333 1011 1052 1571 1417 1901 168 551 1484 1619 1484 694 1571 873 1711 873 1417 253 873 1901 1186 1901 1807 551 1852 1286 1619 1852 1852 1186 385 385 551 424 1711 1417 385 122 1151 2000 1533 873 1619 1807 790 1711 1286 168 1807 470 168 1668 1333 1901 1762 209 1901 596 1238 639 1762 2000 1668 2000 82 1533 37 424 253 1286 741 882 882 836 1333 209 2000 82 209 1374 882 596 1286 168 1762 122 1571 790 253 790 882 962 1374 1104 294 639 470 37 513 882 2000 339 1186 962 168 1668 294 596 1238 836 1955 1286 1186 962 1807 2000 1417 1533 1011 1571 1955 1955 470 37 1533 1374 1762 790 209 1955 168 37 1484 424 1011 1668 253 1238 470 1807 836 551 294 962 1186 790 339 694 1807 741 1711 385 82 1571 513 1286 882 1619 1484 1417 1852 122 1619 1484 294 1417 1619 1374 1186 741 694 1186 470 1762 339 1955 1668 1186 513 1011 2000 470 1333 790 1238 1052 836 596 1901 1151 1151 37 1711 1619 1333 1104 253 551 882 1333 873 82 551 1286 1571 694 339 513 873 873 385 37 741 1151 1484 1571 122 37 882 1052 1011 385 1852 513 639 694 596 1052 513 209 1711 1668 339 168 1901 1533 1533 836 1151 385 1762 1852 1104 209 962 1484 1052 122 962 385 1619 1533 873 694 1374 882 1151 1104 1333 873 1619 385 873 1571 790 1238 1286 1619 639 741 1484 1762 253 122 836 1533 1052 741 790 741 694 1571 1286 2000 1286 1238 470 596 1533 790 253 551 1762 1484 596 294 882 2000 1711 1668 836 1668 1011 339 639 694 1711 1955 596 1571 1852 1955 168 1151 1052 1619 790 1901 1901 1374 37 1286 741 1484 1484 1374 741 1011 294 2000 294 1333 1052 209 1901 253 1571 1533 1417 639 470 470 1571 1807 1619 1668 37 1333 1533 1151 1104 122 209 1186 1011 596 1955 551 1807 1238 122 1807 339 596 1901 790 1374 1104 1484 1484 1417 1533 1333 1052 1333 790 873 2000 1807 385 882 882 1417 694 1286 1052 1619 790 1151 1286 1571 1807 1533 1668 639 962
