100
A 300 300 300 300
AA 300 300 300 300
AAA 300 300 300 300
AAAA 300 300 300 300
AAAAA 300 300 300 300
AAAAAA 300 300 300 300
AAAAAAA 300 300 300 300
AAAAAAAA 300 300 300 300
AAAAAAAAA 300 300 300 300
AAAAAAAAAA 300 300 300 300
B 300 300 300 300
BB 300 300 300 300
BBB 300 300 300 300
BBBB 300 300 300 300
BBBBB 300 300 300 300
BBBBBB 300 300 300 300
BBBBBBB 300 300 300 300
BBBBBBBB 300 300 300 300
BBBBBBBBB 300 300 300 300
BBBBBBBBBB 300 300 300 300
C 300 300 300 300
CC 300 300 300 300
CCC 300 300 300 300
CCCC 300 300 300 300
CCCCC 300 300 300 300
CCCCCC 300 300 300 300
CCCCCCC 300 300 300 300
CCCCCCCC 300 300 300 300
CCCCCCCCC 300 300 300 300
CCCCCCCCCC 300 300 300 300
D 300 300 300 300
DD 300 300 300 300
DDD 300 300 300 300
DDDD 300 300 300 300
DDDDD 300 300 300 300
DDDDDD 300 300 300 300
DDDDDDD 300 300 300 300
DDDDDDDD 300 300 300 300
DDDDDDDDD 300 300 300 300
DDDDDDDDDD 300 300 300 300
E 300 300 300 300
EE 300 300 300 300
EEE 300 300 300 300
EEEE 300 300 300 300
EEEEE 300 300 300 300
EEEEEE 300 300 300 300
EEEEEEE 300 300 300 300
EEEEEEEE 300 300 300 300
EEEEEEEEE 300 300 300 300
EEEEEEEEEE 300 300 300 300
F 300 300 300 300
FF 300 300 300 300
FFF 300 300 300 300
FFFF 300 300 300 300
FFFFF 300 300 300 300
FFFFFF 300 300 300 300
FFFFFFF 300 300 300 300
FFFFFFFF 300 300 300 300
FFFFFFFFF 300 300 300 300
FFFFFFFFFF 300 300 300 300
G 300 300 300 300
GG 300 300 300 300
GGG 300 300 300 300
GGGG 300 300 300 300
GGGGG 300 300 300 300
GGGGGG 300 300 300 300
GGGGGGG 300 300 300 300
GGGGGGGG 300 300 300 300
GGGGGGGGG 300 300 300 300
GGGGGGGGGG 300 300 300 300
H 300 300 300 300
HH 300 300 300 300
HHH 300 300 300 300
HHHH 300 300 300 300
HHHHH 300 300 300 300
HHHHHH 300 300 300 300
HHHHHHH 300 300 300 300
HHHHHHHH 300 300 300 300
HHHHHHHHH 300 300 300 300
HHHHHHHHHH 300 300 300 300
I 300 300 300 300
II 300 300 300 300
III 300 300 300 300
IIII 300 300 300 300
IIIII 300 300 300 300
IIIIII 300 300 300 300
IIIIIII 300 300 300 300
IIIIIIII 300 300 300 300
IIIIIIIII 300 300 300 300
IIIIIIIIII 300 300 300 300
J 300 300 300 300
JJ 300 300 300 300
JJJ 300 300 300 300
JJJJ 300 300 300 300
JJJJJ 300 300 300 300
JJJJJJ 300 300 300 300
JJJJJJJ 300 300 300 300
JJJJJJJJ 300 300 300 300
JJJJJJJJJ 300 300 300 300
JJJJJJJJJJ 300 300 300 300
