100
L 300 165 300 171
LL 300 178 300 11
LLL 300 215 300 132
LLLL 300 254 300 190
LLLLL 300 181 300 297
LLLLLL 300 258 300 288
LLLLLLL 300 164 300 30
LLLLLLLL 300 255 300 196
LLLLLLLLL 300 127 300 62
LLLLLLLLLL 300 187 300 191
M 300 194 300 48
MM 300 115 300 299
MMM 300 131 300 196
MMMM 300 89 300 175
MMMMM 300 268 300 76
MMMMMM 300 17 300 124
MMMMMMM 300 290 300 140
MMMMMMMM 300 82 300 142
MMMMMMMMM 300 115 300 73
MMMMMMMMMM 300 143 300 187
N 300 238 300 47
NN 300 244 300 101
NNN 300 159 300 33
NNNN 300 144 300 203
NNNNN 300 170 300 197
NNNNNN 300 118 300 95
NNNNNNN 300 278 300 41
NNNNNNNN 300 251 300 234
NNNNNNNNN 300 21 300 59
NNNNNNNNNN 300 101 300 285
O 300 26 300 110
OO 300 195 300 199
OOO 300 6 300 247
OOOO 300 110 300 4
OOOOO 300 250 300 29
OOOOOO 300 288 300 187
OOOOOOO 300 234 300 252
OOOOOOOO 300 42 300 202
OOOOOOOOO 300 261 300 28
OOOOOOOOOO 300 261 300 292
P 300 294 300 293
PP 300 142 300 264
PPP 300 240 300 141
PPPP 300 241 300 153
PPPPP 300 138 300 294
PPPPPP 300 156 300 16
PPPPPPP 300 234 300 182
PPPPPPPP 300 204 300 135
PPPPPPPPP 300 35 300 222
PPPPPPPPPP 300 216 300 6
Q 300 192 300 11
QQ 300 175 300 132
QQQ 300 43 300 85
QQQQ 300 161 300 294
QQQQQ 300 284 300 36
QQQQQQ 300 228 300 108
QQQQQQQ 300 157 300 89
QQQQQQQQ 300 31 300 144
QQQQQQQQQ 300 124 300 35
QQQQQQQQQQ 300 142 300 207
R 300 79 300 95
RR 300 56 300 265
RRR 300 233 300 124
RRRR 300 221 300 276
RRRRR 300 137 300 19
RRRRRR 300 65 300 65
RRRRRRR 300 171 300 208
RRRRRRRR 300 40 300 170
RRRRRRRRR 300 5 300 170
RRRRRRRRRR 300 97 300 260
S 300 185 300 79
SS 300 45 300 153
SSS 300 184 300 157
SSSS 300 66 300 275
SSSSS 300 185 300 28
SSSSSS 300 116 300 277
SSSSSSS 300 284 300 173
SSSSSSSS 300 271 300 25
SSSSSSSSS 300 205 300 279
SSSSSSSSSS 300 135 300 83
T 300 108 300 95
TT 300 184 300 2
TTT 300 131 300 200
TTTT 300 271 300 253
TTTTT 300 209 300 39
TTTTTT 300 29 300 194
TTTTTTT 300 18 300 215
TTTTTTTT 300 291 300 253
TTTTTTTTT 300 200 300 87
TTTTTTTTTT 300 196 300 79
U 300 201 300 55
UU 300 51 300 119
UUU 300 63 300 176
UUUU 300 107 300 166
UUUUU 300 38 300 6
UUUUUU 300 225 300 49
UUUUUUU 300 94 300 249
UUUUUUUU 300 182 300 111
UUUUUUUUU 300 109 300 1
UUUUUUUUUU 300 97 300 44
