100
A 300 300 300 300
B 300 300 300 300
C 300 300 300 300
D 300 300 300 300
E 300 300 300 300
F 300 300 300 300
G 300 300 300 300
H 300 300 300 300
I 300 300 300 300
AA 300 300 300 300
AB 300 300 300 300
AC 300 300 300 300
AD 300 300 300 300
AE 300 300 300 300
AF 300 300 300 300
AG 300 300 300 300
AH 300 300 300 300
AI 300 300 300 300
AJ 300 300 300 300
BA 300 300 300 300
BB 300 300 300 300
BC 300 300 300 300
BD 300 300 300 300
BE 300 300 300 300
BF 300 300 300 300
BG 300 300 300 300
BH 300 300 300 300
BI 300 300 300 300
BJ 300 300 300 300
CA 300 300 300 300
CB 300 300 300 300
CC 300 300 300 300
CD 300 300 300 300
CE 300 300 300 300
CF 300 300 300 300
CG 300 300 300 300
CH 300 300 300 300
CI 300 300 300 300
CJ 300 300 300 300
DA 300 300 300 300
DB 300 300 300 300
DC 300 300 300 300
DD 300 300 300 300
DE 300 300 300 300
DF 300 300 300 300
DG 300 300 300 300
DH 300 300 300 300
DI 300 300 300 300
DJ 300 300 300 300
EA 300 300 300 300
EB 300 300 300 300
EC 300 300 300 300
ED 300 300 300 300
EE 300 300 300 300
EF 300 300 300 300
EG 300 300 300 300
EH 300 300 300 300
EI 300 300 300 300
EJ 300 300 300 300
FA 300 300 300 300
FB 300 300 300 300
FC 300 300 300 300
FD 300 300 300 300
FE 300 300 300 300
FF 300 300 300 300
FG 300 300 300 300
FH 300 300 300 300
FI 300 300 300 300
FJ 300 300 300 300
GA 300 300 300 300
GB 300 300 300 300
GC 300 300 300 300
GD 300 300 300 300
GE 300 300 300 300
GF 300 300 300 300
GG 300 300 300 300
GH 300 300 300 300
GI 300 300 300 300
GJ 300 300 300 300
HA 300 300 300 300
HB 300 300 300 300
HC 300 300 300 300
HD 300 300 300 300
HE 300 300 300 300
HF 300 300 300 300
HG 300 300 300 300
HH 300 300 300 300
HI 300 300 300 300
HJ 300 300 300 300
IA 300 300 300 300
IB 300 300 300 300
IC 300 300 300 300
ID 300 300 300 300
IE 300 300 300 300
IF 300 300 300 300
IG 300 300 300 300
IH 300 300 300 300
II 300 300 300 300
IJ 300 300 300 300
AZ 300 300 300 300
